7.701390344720282499e-02 8.054930038786006108e+00 -9.171344488750417412e+00
1.628513537034902980e-01 7.657825087985043133e+00 -9.207517017236067858e+00
2.446050286761633497e-01 7.274516506797584547e+00 -9.239189314022073773e+00
3.225545098855618908e-01 6.904988684192647774e+00 -9.266584190658543108e+00
3.969678329469688016e-01 6.549219520643831949e+00 -9.289909810044727934e+00
4.681023688081312195e-01 6.207181079637076770e+00 -9.309360938857514256e+00
5.362057196931231395e-01 5.878840177955320989e+00 -9.325120188084149220e+00
6.015166276432820647e-01 5.564158917850674513e+00 -9.337359241383973441e+00
6.642658938246720490e-01 5.263095163741981608e+00 -9.346240071008500294e+00
7.246773070303973441e-01 4.975602965601304106e+00 -9.351916140994456228e+00
7.829685800458485723e-01 4.701632930717532410e+00 -9.354533597310428661e+00
8.393014339489914821e-01 4.441188968127402603e+00 -9.354210219670525461e+00
8.936404638030721603e-01 4.194500234251957949e+00 -9.350982057358887545e+00
9.459233281839515284e-01 3.961855621748725298e+00 -9.344890354500980933e+00
9.961115429929725540e-01 3.743546751876783318e+00 -9.336003355698736073e+00
1.044187515151366874e+00 3.539866788122029373e+00 -9.324412530938417376e+00
1.090151479545043989e+00 3.351109346851560478e+00 -9.310228723887947311e+00
1.134018336080223621e+00 3.177567520245382582e+00 -9.293578228249593565e+00
1.175814385766896120e+00 3.019533021991227528e+00 -9.274598796245195231e+00
1.215573966687740537e+00 2.877295461341433214e+00 -9.253435582545211702e+00
1.253335992529039933e+00 2.751141746125610688e+00 -9.230237026007223733e+00
1.289151344535681920e+00 2.641339992447423679e+00 -9.205153618851298347e+00
1.323110806782911597e+00 2.548092188559997862e+00 -9.178341204994044489e+00
1.355306884911987364e+00 2.471580707003820265e+00 -9.149946265756170760e+00
1.385820019203348741e+00 2.411983982261128645e+00 -9.120099819740927316e+00
1.414716105260723777e+00 2.369476646186173152e+00 -9.088914649862411821e+00
1.487189920631719842e+00 2.377864933022754812e+00 -9.023913396010696530e+00
1.648768987231937766e+00 2.470722557359267491e+00 -8.892847176333853909e+00
1.899950934685764148e+00 2.647890361711597418e+00 -8.696108169959234857e+00
2.241155269822205032e+00 2.909236465849604603e+00 -8.434020231966195880e+00
2.672717060859761240e+00 3.254660391494125893e+00 -8.106833586990459750e+00
3.194935352364207670e+00 3.684046073267733146e+00 -7.714721037705282392e+00
3.808251010830281835e+00 4.197085921419741794e+00 -7.257775000651440322e+00
4.513123443770195919e+00 4.793376275470481396e+00 -6.735992460841140783e+00
5.309999962022076581e+00 5.472435967660159939e+00 -6.149266475671627319e+00
6.199336257043658094e+00 6.233678730132856671e+00 -5.497380154255699480e+00
6.995834471285097500e+00 6.958439380889202219e+00 -4.914642904907899457e+00
7.513258949784890284e+00 7.528868021580453096e+00 -4.534736467920300385e+00
7.750701652312781853e+00 7.945609982749319400e+00 -4.356486361640715899e+00
7.707263091792119880e+00 8.209514554195516567e+00 -4.378830509643541369e+00
7.382023835623399144e+00 8.321717836635816212e+00 -4.600841196691086488e+00
6.774016803612297188e+00 8.283725207026437332e+00 -5.021746072703272112e+00
5.882201735223618222e+00 8.097492371302442038e+00 -5.640948701304115076e+00
4.705433391856678860e+00 7.765514853309019472e+00 -6.458043910085611294e+00
3.242432115193186526e+00 7.290916095989309120e+00 -7.472831520203340183e+00
1.491756360007838067e+00 6.677535518399879244e+00 -8.685327996299974984e+00
-1.989991845117945468e-01 6.027581336528236911e+00 -9.846706918158725230e+00
-1.479647758323895168e+00 5.438378381885549118e+00 -1.071006188580764729e+01
-2.347864501068419596e+00 4.906385445592397865e+00 -1.127847349294927604e+01
-2.801318932146169338e+00 4.427102334134467299e+00 -1.155502370121710953e+01
-2.837697137021383043e+00 3.994946333731307142e+00 -1.154277466681632447e+01
-2.454728012252565428e+00 3.603127661109566837e+00 -1.124475126063471109e+01
-1.650214826292255799e+00 3.243524387903399919e+00 -1.066392763577528058e+01
-4.220700387993652214e-01 2.906553924857226079e+00 -9.803219962499140294e+00
1.231641499104351167e+00 2.581044344980337968e+00 -8.665483260344558403e+00
3.312650036695769629e+00 2.254105405586069644e+00 -7.253512901126469181e+00
5.385421350497547444e+00 1.929477028031752361e+00 -5.866967580292100415e+00
7.011705340967383293e+00 1.625925435132217878e+00 -4.800785816653148963e+00
8.189195820076546894e+00 1.352997288051143387e+00 -4.050593709655145425e+00
8.915957573442531370e+00 1.122029867038777606e+00 -3.611956597297925065e+00
9.190526580490690378e+00 9.462816580892959850e-01 -3.480374463900696380e+00
9.012004135718141740e+00 8.411712451628288179e-01 -3.651297167365131990e+00
8.380120473423444238e+00 8.246495474245436608e-01 -4.120168420132786835e+00
7.295378850769797197e+00 9.166363175984703071e-01 -4.882282770219980250e+00
5.759106957314911845e+00 1.138574434527647838e+00 -5.932705264138204093e+00
3.773472837823798276e+00 1.513091205036221742e+00 -7.266231611214474917e+00
1.759173917654943464e+00 1.924640231850447192e+00 -8.599428557317315480e+00
1.336917471331162677e-01 2.231074454283570319e+00 -9.656402326587652851e+00
-1.105632017684208712e+00 2.414879539665643282e+00 -1.044318731334698569e+01
-1.962278653220039359e+00 2.457546706675164838e+00 -1.096601909351593029e+01
-2.440511659519932763e+00 2.339869251454179899e+00 -1.123132926524547770e+01
-2.545319643256213737e+00 2.042233843604271293e+00 -1.124572661916794480e+01
-2.282341582463260909e+00 1.544905072677940749e+00 -1.101596450642189495e+01
-1.657774752858593104e+00 8.283022664148578240e-01 -1.054889417025100151e+01
-6.782638017710284073e-01 -1.267331749918805262e-01 -9.851404919466775212e+00
6.492288030437435298e-01 -1.338680896666151199e+00 -8.930351831426339260e+00
2.032590605547093254e+00 -2.591451919240560731e+00 -7.946857701978111699e+00
3.189309461848469418e+00 -3.650282635899444017e+00 -7.052664432496421831e+00
4.126906314600863546e+00 -4.505149519070807962e+00 -6.240551367543872630e+00
4.853112002537256053e+00 -5.146342168781393944e+00 -5.503450106911166095e+00
5.375732022987850023e+00 -5.564567429883171101e+00 -4.834521428213004235e+00
5.702503727442570280e+00 -5.751042344835179954e+00 -4.227236411699990093e+00
5.840946654290648077e+00 -5.697576642551420711e+00 -3.675460840384223715e+00
5.798207792540845951e+00 -5.396643805825922513e+00 -3.173543747264125692e+00
5.580901975246232105e+00 -4.841444113411673023e+00 -2.716407692561181975e+00
5.194948324719231181e+00 -4.025960921321888542e+00 -2.299639913520009848e+00
4.714144707436651593e+00 -3.067760925708093112e+00 -1.959508505849936189e+00
4.207656968058044455e+00 -2.086500095909297414e+00 -1.735554763593767369e+00
3.673623019071056373e+00 -1.080343416137302448e+00 -1.628934235837827593e+00
3.109871680106446767e+00 -4.807267679182924969e-02 -1.640954208226157007e+00
2.513890770046993239e+00 1.010854757614909616e+00 -1.773086580408641089e+00
1.882832459017347082e+00 2.096237231975226045e+00 -2.026951934470787364e+00
1.213730273046041308e+00 3.207154566365709947e+00 -2.404163599560790843e+00
5.036307154279021647e-01 4.342162621407226197e+00 -2.906257386760564554e+00
-2.503894453058370106e-01 5.499365450107385200e+00 -3.534688611214960474e+00
-1.051200824333555328e+00 6.676461005110343017e+00 -4.290822356560327400e+00
-1.753184983385987605e+00 7.656155337573038899e+00 -5.160792958501175143e+00
-2.210194695571288115e+00 8.221157340418152160e+00 -6.130418764545016330e+00
-2.423040333510084299e+00 8.369534097753383861e+00 -7.199658424041645688e+00
-2.391028359331007103e+00 8.100164910835804477e+00 -8.367432403482931491e+00
-2.112105419165517084e+00 7.412692506229626943e+00 -9.631757720247406951e+00
-1.583006374130015104e+00 6.307479849736509436e+00 -1.098988392793384605e+01
-7.994055208615995500e-01 4.785569938494076858e+00 -1.243842952157655546e+01
2.439294503203666142e-01 2.848646099638902918e+00 -1.397351804045729295e+01
1.552981331904657036e+00 4.989906763480145280e-01 -1.559091319154422806e+01
3.134325751330301557e+00 -2.260559699821313551e+00 -1.728615238817705446e+01
4.649793926199822458e+00 -4.912273864230812137e+00 -1.878336479130514647e+01
5.754178533609535684e+00 -6.939766681745594745e+00 -1.981265001123968972e+01
6.442863194171057017e+00 -8.342168344611980757e+00 -2.037894113290461817e+01
6.710081253096540799e+00 -9.119070362654376538e+00 -2.048772114846837411e+01
6.549123688902019680e+00 -9.270545215834768982e+00 -2.014483040704116235e+01
5.952549309140917622e+00 -8.797157583043064832e+00 -1.935627576791367588e+01
4.912396763646771802e+00 -7.699966114895039127e+00 -1.812804179719730868e+01
3.420396700102760423e+00 -5.980515612633531930e+00 -1.646590443314167729e+01
1.468184676690152735e+00 -3.640818912236119420e+00 -1.437524715050058788e+01
-9.524859371503233696e-01 -6.833287396724094798e-01 -1.186087980718369472e+01
-3.369671980396245381e+00 2.361935479424729145e+00 -9.328344625445508242e+00
-5.302195661097538704e+00 4.968837898095406658e+00 -7.177419899979292417e+00
-6.744088790201796968e+00 7.140623108242046158e+00 -5.403747097588876613e+00
-7.689285206707752174e+00 8.880704813978482548e+00 -4.003084737199202436e+00
-8.131758907486009491e+00 1.019259037710384952e+01 -2.971412893901390184e+00
-8.065745630472841654e+00 1.107972189242144090e+01 -2.305109318982782263e+00
-7.486152538870936901e+00 1.154521155463828741e+01 -2.001319289017396752e+00
-6.388414050372897002e+00 1.159209501527528907e+01 -2.057855227404709719e+00
-4.768430606862913201e+00 1.122336344419633392e+01 -2.473107673731018696e+00
-2.622581445843431780e+00 1.044190866901963943e+01 -3.246013315875432959e+00
-4.356438200678122152e-01 9.525906551095982167e+00 -4.200006188460877254e+00
1.304509882235908025e+00 8.749120324237718904e+00 -5.159620878899476182e+00
2.596653692820036774e+00 8.108253261571753967e+00 -6.125861402076533402e+00
3.439767013812558449e+00 7.600710011245872089e+00 -7.099752274364626636e+00
3.833022010392996393e+00 7.224578780356223362e+00 -8.082320179680342775e+00
3.775772417138111070e+00 6.978612814362925576e+00 -9.074573745968963934e+00
3.267543632242105645e+00 6.862211169476383432e+00 -1.007748173174620021e+01
2.308023972458034923e+00 6.875398774724578388e+00 -1.109194991449325052e+01
8.970570159301161084e-01 7.018805774757860050e+00 -1.211879694477022973e+01
-9.653650818097181396e-01 7.293646150786688764e+00 -1.315872944635364661e+01
-2.876922933764162416e+00 7.585392796968834617e+00 -1.410989220951615053e+01
-4.435844268814070013e+00 7.778111700057070088e+00 -1.486981864627588834e+01
-5.642969793127868172e+00 7.870795638158320173e+00 -1.543822991787609311e+01
-6.499295018057384965e+00 7.861767577085859493e+00 -1.581490781488210828e+01
-7.005950019522520833e+00 7.748732156169316099e+00 -1.599971523683640129e+01
-7.164179942225417541e+00 7.528827534920588427e+00 -1.599261611790974413e+01
-6.975326109403992447e+00 7.198677533492114478e+00 -1.579369455261538313e+01
-6.440807633409588284e+00 6.754443882696182122e+00 -1.540317294538419723e+01
-5.562103366031355911e+00 6.191878597020416208e+00 -1.482142897221867628e+01
-4.340734088194625251e+00 5.506376376982714760e+00 -1.404901120349976651e+01
-3.002681482635538579e+00 4.768095266824129652e+00 -1.324317293865752099e+01
-1.772868007921472255e+00 4.051073179037960159e+00 -1.256089427973966544e+01
-6.512490770842420673e-01 3.356401022097112108e+00 -1.200240052628141818e+01
3.622094325697438055e-01 2.685298043405967228e+00 -1.156784360678110524e+01
1.267519749906956594e+00 2.039084899792773964e+00 -1.125729648582800202e+01
2.064687834459207672e+00 1.419189822798049505e+00 -1.107073878239059184e+01
2.753795070875732165e+00 8.272338684700755174e-01 -1.100802050451401648e+01
3.334932956068023202e+00 2.649286883340065124e-01 -1.106888494295180436e+01
3.808181802530070659e+00 -2.659786039882878761e-01 -1.125298545748534451e+01
4.173613891763981343e+00 -7.637306391101437164e-01 -1.155989480821125248e+01
4.399064843960259985e+00 -1.155797835381941141e+00 -1.191112578072362105e+01
4.453705990983724661e+00 -1.369727514065897545e+00 -1.222754527667964197e+01
4.339690962873425484e+00 -1.403846001405208543e+00 -1.250773044726759586e+01
4.059252214545025161e+00 -1.256453541835021781e+00 -1.275031037174060877e+01
3.614662192428696574e+00 -9.258567648952928941e-01 -1.295398531944014131e+01
3.008193583309952679e+00 -4.104001986657417334e-01 -1.311754596154361963e+01
2.242078657209892079e+00 2.915031497416662454e-01 -1.323989243958839523e+01
1.318467788348373304e+00 1.181342157026997075e+00 -1.332005319452905923e+01
2.393871392428226219e-01 2.260478738724096992e+00 -1.335720348881796227e+01
-9.933044093204349556e-01 3.530119711165702334e+00 -1.335068354528524992e+01
-2.235319377997146972e+00 4.830772703922903588e+00 -1.330123239341818753e+01
-3.344653513163327041e+00 6.000942931364146915e+00 -1.321073220418712602e+01
-4.323007818686879666e+00 7.038769657105694577e+00 -1.308032464574877807e+01
-5.172035469332049828e+00 7.942499204983723082e+00 -1.291107617121698325e+01
-5.893314299885853202e+00 8.710509188728106977e+00 -1.270396365334672062e+01
-6.488318824654090378e+00 9.341332354249550107e+00 -1.245986039783795363e+01
-6.958391936915647946e+00 9.833680125953378592e+00 -1.217952258987052261e+01
-7.304716107755636401e+00 1.018646630238829331e+01 -1.186357614942621908e+01
-7.528284563293287768e+00 1.039883073243824541e+01 -1.151250410247302725e+01
-7.629872560456366415e+00 1.047016319151713049e+01 -1.112663449539366312e+01
-7.590934259802710748e+00 1.037771475780714781e+01 -1.076319872637089325e+01
-7.393015181187119644e+00 1.009863398541613044e+01 -1.047921464742861275e+01
-7.036517979692759717e+00 9.632573504926364549e+00 -1.027437583825147094e+01
-6.521370614155284962e+00 8.979497033458045507e+00 -1.014811035815023033e+01
-5.846982158487275427e+00 8.139711993129374434e+00 -1.009956765123397915e+01
-5.012149330670045089e+00 7.113983226995282294e+00 -1.012757570301605092e+01
-4.014943549991170535e+00 5.903743869787771104e+00 -1.023058091363117050e+01
-2.853005446293557235e+00 4.510758772002228412e+00 -1.040682448007044769e+01
-1.523666992100385142e+00 2.937009015796755662e+00 -1.065441690630409610e+01
-2.400809486498545198e-02 1.184667373290305248e+00 -1.097137302493231736e+01
1.377296142912472821e+00 -4.391166419661112208e-01 -1.127397429247696081e+01
2.407854721832901390e+00 -1.629719034087477425e+00 -1.148143647752699614e+01
3.064500523072705818e+00 -2.389161912314717195e+00 -1.159644851650448238e+01
3.343288342498624832e+00 -2.720128241309391459e+00 -1.162206749735650391e+01
3.239626760076132150e+00 -2.625883226611168464e+00 -1.156163777878302312e+01
2.748409531876575329e+00 -2.110192799586558809e+00 -1.141871206900790803e+01
1.864145963498908376e+00 -1.177238532440246566e+00 -1.119697461754938139e+01
5.810897222527271477e-01 1.684714088061127768e-01 -1.090016661406813725e+01
-1.106634246177673697e+00 1.922195774703889581e+00 -1.053201386559661401e+01
-3.204905057725051076e+00 4.079058407167847733e+00 -1.009615675447488492e+01
-5.266153556300134042e+00 6.157423337364928528e+00 -9.690141371164001427e+00
-6.833870555735881425e+00 7.682970707204871630e+00 -9.405816863601666356e+00
-7.900342905836013507e+00 8.661980952150292623e+00 -9.238204129244884655e+00
-8.457840370402838204e+00 9.100932572364163420e+00 -9.182435412596197111e+00
-8.498772060672962425e+00 9.006368446645762305e+00 -9.233840859063041862e+00
-8.015839109694864462e+00 8.384756480466146300e+00 -9.388032593390217784e+00
-7.002183552453051796e+00 7.242345127726567355e+00 -9.640986681078171472e+00
-5.451533580392409206e+00 5.585014392172729103e+00 -9.989123436284430113e+00
-3.358345375354744533e+00 3.418123177952521186e+00 -1.042938660566502840e+01
-7.179419045979882341e-01 7.463539482481922338e-01 -1.095932207313086515e+01
1.907359662612241102e+00 -1.865884842390417298e+00 -1.146430095244320313e+01
3.947274991665078225e+00 -3.861373170328505910e+00 -1.183414167982832232e+01
5.394407518142848801e+00 -5.246367619237727098e+00 -1.207309629538497120e+01
6.242322275147672350e+00 -6.026413881448476673e+00 -1.218472854299242059e+01
6.485704090381453568e+00 -6.206173021434169712e+00 -1.217181967688355826e+01
6.120536716374561870e+00 -5.789278935678664695e+00 -1.203624631779957888e+01
5.144269810455839753e+00 -4.778304600538888280e+00 -1.177884010400846826e+01
3.555699411669181575e+00 -3.174692121788658117e+00 -1.139949498992242205e+01
1.354853396569290158e+00 -9.787931874253281705e-01 -1.089724462702254826e+01
-1.457096518215687642e+00 1.810055070504910546e+00 -1.027030982854118157e+01
-4.330604225636815130e+00 4.663046579742700537e+00 -9.627782311760311629e+00
-6.716003711830389911e+00 7.051701458579026749e+00 -9.079682848335947298e+00
-8.611877360408451310e+00 8.977207994375158151e+00 -8.625567491440044421e+00
-1.001775129953651522e+01 1.043991224329399614e+01 -8.265661059610890149e+00
-1.093402946820501498e+01 1.143938316744798200e+01 -8.000823326324404405e+00
-1.136192919441963411e+01 1.197448021523320882e+01 -7.832515955985222433e+00
-1.130341799062978581e+01 1.204342265243979604e+01 -7.762769616015663843e+00
-1.076115131307167871e+01 1.164385986379027926e+01 -7.794150947985574618e+00
-9.738411028024206217e+00 1.077294212550901520e+01 -7.929728786154249143e+00
-8.239044339932307892e+00 9.427391273155935281e+00 -8.173039221647783847e+00
-6.672883295326709430e+00 8.010749850450020304e+00 -8.431112496826303371e+00
-5.445832119314921727e+00 6.929607830626169473e+00 -8.607163987822680440e+00
-4.555925764711802550e+00 6.185213070776626409e+00 -8.699093642367600410e+00
-4.000823129069096318e+00 5.779088942749187829e+00 -8.704500274165889451e+00
-3.777850250597413861e+00 5.712989404027503326e+00 -8.620710472121670520e+00
-3.884043454102811044e+00 5.988855313473330000e+00 -8.444808806012641611e+00
-4.316192513809571807e+00 6.608772251604316139e+00 -8.173669434103917553e+00
-5.070883902258840337e+00 7.574930097780008253e+00 -7.803989160294358740e+00
-6.144544176580218675e+00 8.889584518655690104e+00 -7.332321992483480599e+00
-7.533483553133798694e+00 1.055502051314158329e+01 -6.755115203256886858e+00
-8.856761440771732552e+00 1.215610572754900431e+01 -6.200409692443157539e+00
-9.739351894706022250e+00 1.327415010508277504e+01 -5.802026636003828841e+00
-1.018653007003536359e+01 1.390608299002590797e+01 -5.565146416961283649e+00
-1.020372179600529705e+01 1.404882981628130700e+01 -5.495068110541785344e+00
-9.796444144770191542e+00 1.369934825161835157e+01 -5.597152616723803931e+00
-8.970209712286989046e+00 1.285469209671763124e+01 -5.876751210021225802e+00
-7.730364989679610943e+00 1.151212909656135785e+01 -6.339111616835243268e+00
-6.082157579213201437e+00 9.669062312415903193e+00 -6.989372332837694657e+00
-4.030729992939861894e+00 7.323015261164231404e+00 -7.832533062925921996e+00
-1.581075883717672825e+00 4.471647832729567007e+00 -8.873412324684915475e+00
8.099601703659288221e-01 1.655083311252246503e+00 -9.915211462077811788e+00
2.693069782815559421e+00 -5.829157493251759803e-01 -1.075386197954003720e+01
4.074640485379986465e+00 -2.239231926395487626e+00 -1.138322741083558753e+01
4.960918771972835373e+00 -3.310892247085759799e+00 -1.179735149848118247e+01
5.357957021497951722e+00 -3.795085857994947798e+00 -1.199050767062586331e+01
5.271559500278319987e+00 -3.689180810754536743e+00 -1.195724787810536682e+01
4.707227481887342968e+00 -2.990740136514849379e+00 -1.169245073518607114e+01
3.670103528558720907e+00 -1.697537333370592982e+00 -1.119136894658165637e+01
2.164914988682733910e+00 1.924284860823357590e-01 -1.044967597004787407e+01
1.959167968329443843e-01 2.680917599267848228e+00 -9.463511889723713821e+00
-1.818771572681309623e+00 5.245337544510207728e+00 -8.438257177168797085e+00
-3.466474308757349299e+00 7.360796210014346919e+00 -7.584320178789065281e+00
-4.751247245105112427e+00 9.025524318097557952e+00 -6.905527658913946709e+00
-5.676802045057772084e+00 1.023792733041921110e+01 -6.405361413494899736e+00
-6.246461957697995615e+00 1.099659678288451659e+01 -6.086924495152198133e+00
-6.463117263109918298e+00 1.130032199662833747e+01 -5.952908007288787218e+00
-6.329180504199257484e+00 1.114810235501335711e+01 -6.005558435825788521e+00
-5.846541614241052010e+00 1.053916031876609516e+01 -6.246645535017490758e+00
-5.016523061934369032e+00 9.472955403816779807e+00 -6.677430675952692241e+00
-3.839835133855471927e+00 7.949199332797165951e+00 -7.298635603760599722e+00
-2.550735834506465238e+00 6.271093092726951923e+00 -7.986938103925956156e+00
-1.382384839187968506e+00 4.742258724138781467e+00 -8.618002805582571924e+00
-3.334812197239926945e-01 3.363188683979472238e+00 -9.190718540571744199e+00
5.971056891431442137e-01 2.134299767876056464e+00 -9.704131733274440563e+00
1.410321469222680424e+00 1.055928353999934011e+00 -1.015745682475630218e+01
2.106884546727874508e+00 1.283401767197673848e-01 -1.055009185890949297e+01
2.687155426398258662e+00 -6.482448695685611995e-01 -1.088167107649219645e+01
3.151167002878567214e+00 -1.273719788228896199e+00 -1.115208786254508766e+01
3.498676290759969110e+00 -1.748095587943768514e+00 -1.136146872119967277e+01
3.729200054368604356e+00 -2.071487096839173869e+00 -1.151014399549126033e+01
3.818456137513297044e+00 -2.209883280766294256e+00 -1.157960570151713497e+01
3.741734706469904026e+00 -2.129407228342112823e+00 -1.155170854511480272e+01
3.497621816186367028e+00 -1.830498379557545796e+00 -1.142757598373386330e+01
3.084571698817941687e+00 -1.313653084840995966e+00 -1.120844980365768784e+01
2.500959237019653170e+00 -5.794051140437272984e-01 -1.089564850929995288e+01
1.745132145576171023e+00 3.716947710766880242e-01 -1.049052576169184015e+01
8.154628278380917639e-01 1.539100286363833003e+00 -9.994428871411230375e+00
-2.896001313703764346e-01 2.922292174745154902e+00 -9.408657361243855988e+00
-1.571480835153833411e+00 4.520801850571405822e+00 -8.734421615713548803e+00
-3.031425284583638025e+00 6.334236104407414913e+00 -7.972801637572571209e+00
-4.415187249263653690e+00 8.039596694681598876e+00 -7.260746618011123310e+00
-5.465667481869902034e+00 9.315093088232771379e+00 -6.732726625277380528e+00
-6.179773247234282785e+00 1.016218767345445073e+01 -6.386039548288571233e+00
-6.554626197297675816e+00 1.058226040358446340e+01 -6.218129608313653911e+00
-6.587661454332002897e+00 1.057655835693514845e+01 -6.226668333125577881e+00
-6.276726263742264500e+00 1.014614379442679137e+01 -6.409635150203790488e+00
-5.620178438780929930e+00 9.291841085284206159e+00 -6.765397547620258578e+00
-4.616984716890542018e+00 8.014183076439103104e+00 -7.292790708306560177e+00
-3.266819489510184749e+00 6.313357336085742233e+00 -7.991196605016252619e+00
-1.570164252525164006e+00 4.189152912973341358e+00 -8.860622493526591370e+00
1.293161510015239379e-01 2.064786772389354041e+00 -9.727806738971549905e+00
1.487406020323287503e+00 3.633804548320380690e-01 -1.042031626989360227e+01
2.502653895206294887e+00 -9.155118683427101445e-01 -1.093952618710488522e+01
3.174370922751887925e+00 -1.771960161685176782e+00 -1.128622170428068472e+01
3.502732055736616168e+00 -2.205608177176241913e+00 -1.146052088572641203e+01
3.488931492317855376e+00 -2.215645480108138887e+00 -1.146177849340903521e+01
3.135415619608609816e+00 -1.800837620185132604e+00 -1.128847352722089781e+01
2.445682483839043186e+00 -9.595050219104628297e-01 -1.093830609301402390e+01
1.424118840428107990e+00 3.104235222290925300e-01 -1.040830401601614597e+01
7.588559034078345977e-02 2.011334917118739796e+00 -9.694912017426212003e+00
-1.246392415538914555e+00 3.698659420689449195e+00 -8.983902410888873646e+00
-2.196416809979131912e+00 4.924722814384899117e+00 -8.465401057256459083e+00
-2.778655699017027469e+00 5.687165173711167476e+00 -8.142499519887415715e+00
-2.998356975786718781e+00 5.983333988287474980e+00 -8.018872674927919775e+00
-2.861420277727611428e+00 5.810364613212705365e+00 -8.098683125154577667e+00
-2.374267002543177796e+00 5.165258624237287322e+00 -8.386486497660987638e+00
-1.543708052944388509e+00 4.044959413273625515e+00 -8.887137717966895778e+00
-3.768090944368374107e-01 2.446424419061687505e+00 -9.605698374528687467e+00
1.119246844113935380e+00 3.666936032920005140e-01 -1.054734520783761198e+01
2.937299489757882576e+00 -2.197046151876383746e+00 -1.171727978397093395e+01
4.665705304678581911e+00 -4.678267687523058882e+00 -1.286205706477864297e+01
5.904210657040092514e+00 -6.505951757808009717e+00 -1.372017003211069941e+01
6.662938429698392007e+00 -7.676119938594863967e+00 -1.428458481488653575e+01
6.951988872745395120e+00 -8.184995757679054407e+00 -1.454822800927440518e+01
6.781239042367177561e+00 -8.029083114271596600e+00 -1.450410882782765043e+01
6.160139005608066931e+00 -7.205238865179730112e+00 -1.414543948002912899e+01
5.097505152301964770e+00 -5.710739931817149007e+00 -1.346575384564146916e+01
3.601310953326875453e+00 -3.543345463772458626e+00 -1.245902458212366604e+01
1.678475716746943069e+00 -7.013547863648352809e-01 -1.111977877773961687e+01
-6.653481222714036081e-01 2.816337954746633176e+00 -9.443212356224703896e+00
-2.959032643645139515e+00 6.298817083817567664e+00 -7.769086419728286508e+00
-4.741411057135637819e+00 9.032441546687270062e+00 -6.445048233218289013e+00
-6.021986530418582007e+00 1.101419244708503520e+01 -5.478242312129184555e+00
-6.808917600494959643e+00 1.224168602366992253e+01 -4.875110487127527925e+00
-7.108777773965524460e+00 1.271323179281209903e+01 -4.641264799099106497e+00
-6.926225931448468209e+00 1.242796562377060710e+01 -4.781297452351877197e+00
-6.263583371571202818e+00 1.138610222736556743e+01 -5.298508957981809431e+00
-5.121222421308051054e+00 9.588645566491139860e+00 -6.195157558571878553e+00
-3.497882574621437257e+00 7.037215915148461676e+00 -7.472634108018540999e+00
-1.390901548461343840e+00 3.733955643571394756e+00 -9.131572687738291449e+00
7.223769409312261747e-01 4.309730105083890983e-01 -1.079403855719178296e+01
2.363011467732955673e+00 -2.121596009188160714e+00 -1.208017220874519992e+01
3.531016721443876794e+00 -3.924675003214454172e+00 -1.298784422108871794e+01
4.225032559277832611e+00 -4.979694205473252921e+00 -1.351566576065859948e+01
4.442555606040423655e+00 -5.288502271469042171e+00 -1.366288142834171992e+01
4.180171240161965507e+00 -4.853278521354182473e+00 -1.342926286965154858e+01
3.433785453067287552e+00 -3.676444661704043604e+00 -1.281500287689806328e+01
2.198856241235455755e+00 -1.760575002196590244e+00 -1.182060980076959211e+01
4.706241153067218796e-01 8.916952540520020065e-01 -1.044680201216142379e+01
-1.755658516834689653e+00 4.277764067946288051e+00 -8.694402250681648070e+00
-4.007913412515597962e+00 7.674731802178408557e+00 -6.936316408483846452e+00
-5.808014232082919115e+00 1.036319362720715276e+01 -5.544548067517258261e+00
-7.151355055341746869e+00 1.234593544137830712e+01 -4.518423421081411817e+00
-8.033304958922787620e+00 1.362572719448870728e+01 -3.857152708047557610e+00
-8.449424063160249077e+00 1.420523006855151493e+01 -3.559930855472787314e+00
-8.395678353817624284e+00 1.408690140261605173e+01 -3.626038422318500487e+00
-7.868653458332085293e+00 1.327289777447437302e+01 -4.054942834616815261e+00
-6.865767565566033959e+00 1.176497687187446139e+01 -4.846399937789152901e+00
-5.385483951579185913e+00 9.564398880389633817e+00 -6.000555732369171835e+00
-3.427523594269439311e+00 6.671828324448268788e+00 -7.518048189536418846e+00
-1.384140772923887930e+00 3.657365213145812533e+00 -9.099923877272939166e+00
3.508721714964146976e-01 1.089902088081160958e+00 -1.044696842673348058e+01
1.774846870292576595e+00 -1.031971795422206739e+00 -1.155968764658115333e+01
2.885813136216760277e+00 -2.709315454384042088e+00 -1.243831819635433966e+01
3.682635671986727033e+00 -3.942772077370622075e+00 -1.308276158579563386e+01
4.165221783436800607e+00 -4.732519490879774970e+00 -1.349249255269172210e+01
4.334895266469686703e+00 -5.078242538811663209e+00 -1.366640373036648448e+01
4.194264011352769828e+00 -4.979076465277753272e+00 -1.360285652615473140e+01
3.747070930239297493e+00 -4.433635967520586973e+00 -1.329976640914884101e+01
2.998097421182889910e+00 -3.440064644128338234e+00 -1.275467255113722054e+01
2.133777915011443760e+00 -2.255525323868799337e+00 -1.208902976729003242e+01
1.337271036534166013e+00 -1.138686898408445725e+00 -1.142610123946890965e+01
6.089984131934480516e-01 -8.974078595652867918e-02 -1.076599063345104135e+01
-5.083475558765138125e-02 8.909888111138095645e-01 -1.010891307480804002e+01
-6.422270744521505481e-01 1.803059463781506500e+00 -9.455183599192839239e+00
-1.165368300938472323e+00 2.645925258232942223e+00 -8.805205469162858734e+00
-1.620626577457409123e+00 3.418951595914234698e+00 -8.159458359221996915e+00
-2.008535501892626751e+00 4.121429909575740069e+00 -7.518486418880456768e+00
-2.329780920589412219e+00 4.752592229849496697e+00 -6.882886218604891582e+00
-2.585187397404541620e+00 5.311625497925002826e+00 -6.253294590007465459e+00
-2.774436059004328659e+00 5.782694198350295522e+00 -5.687977209194118089e+00
-2.897984389548038830e+00 6.150177439661943524e+00 -5.245289436577470710e+00
-2.958003829532549922e+00 6.413525119975830080e+00 -4.926013171613518260e+00
-2.956759863678902533e+00 6.572142404885010336e+00 -4.730901205775479568e+00
-2.896585080460911676e+00 6.625388984815122839e+00 -4.660661470652810223e+00
-2.779852029123164758e+00 6.572577355643870689e+00 -4.715941425022835531e+00
-2.608945868110872812e+00 6.412970118555080035e+00 -4.897312580825862405e+00
-2.386236832691678078e+00 6.145776306304984615e+00 -5.205255155512134912e+00
-2.114052484880287963e+00 5.770146787467908212e+00 -5.640142839403994302e+00
-1.794649744427810667e+00 5.285168804496812811e+00 -6.202227659929909542e+00
-1.479012440751076962e+00 4.745687597382723943e+00 -6.801180673295648127e+00
-1.216353237413605903e+00 4.207473910295578712e+00 -7.346256199457075198e+00
-1.006163337798793744e+00 3.670960853135680324e+00 -7.836968354034157258e+00
-8.478856232131986026e-01 3.136591822832394350e+00 -8.272815528878490809e+00
-7.409183902203289041e-01 2.604817265018862127e+00 -8.653283760948591308e+00
-6.846136465945970029e-01 2.076140173296682434e+00 -8.977839332417881124e+00
-6.782875658399087904e-01 1.551269015818291575e+00 -9.245920873044120469e+00
-7.212806348566863646e-01 1.030987579497550044e+00 -9.457010420992638444e+00
-8.129699250469617500e-01 5.161058346593545565e-01 -9.610649676973217481e+00
-9.527697245669333181e-01 7.456356337127711953e-03 -9.706439945588394735e+00
-1.148242110749029932e+00 -3.508851083186770303e-01 -9.763384526116855255e+00
-1.405281245641331056e+00 -4.148784813030728102e-01 -9.801628119623849500e+00
-1.721012512871673339e+00 -1.837690962404652240e-01 -9.822702547909214488e+00
-2.092780011722874534e+00 3.431558451201497384e-01 -9.828328487737245212e+00
-2.518111359214617373e+00 1.166572936107873382e+00 -9.820360970865486649e+00
-2.994682088212629711e+00 2.287128023384367381e+00 -9.800734922350198275e+00
-3.520279691353926932e+00 3.705441596255477865e+00 -9.771410741389619403e+00
-4.092767377073123214e+00 5.422114257558884098e+00 -9.734319899394884956e+00
-4.710047506296435316e+00 7.437732302886309377e+00 -9.691310557240113255e+00
-5.370024757581473018e+00 9.752873437775040344e+00 -9.644093191381752916e+00
-5.936886015102254888e+00 1.200572593331923343e+01 -9.563499514216255548e+00
-6.278209925185719520e+00 1.383344329577789722e+01 -9.417457896446748578e+00
-6.396888204395970945e+00 1.523505429095943953e+01 -9.203159970521458177e+00
-6.295754485366341413e+00 1.620957647581644778e+01 -8.917822025609133618e+00
-5.977639333675192290e+00 1.675597451084729173e+01 -8.558760851507779321e+00
-5.445425823045837888e+00 1.687311835636140245e+01 -8.123469563437799579e+00
-4.702105634976489590e+00 1.655974149681731689e+01 -7.609693553201575256e+00
-3.750835733568867347e+00 1.581439954613035148e+01 -7.015506339015336046e+00
-2.594995551420241853e+00 1.463542934038013854e+01 -6.339385825647109840e+00
-1.238244683963979131e+00 1.302090887309720557e+01 -5.580291137051927031e+00
5.063337435629344796e-02 1.128129904457648180e+01 -4.919733805415223316e+00
1.006182093233225716e+00 9.729571023550271036e+00 -4.540314478010836652e+00
1.629603067730308830e+00 8.367797018555016564e+00 -4.443026648306597437e+00
1.922310868549364171e+00 7.198681827869137351e+00 -4.628809083155293713e+00
1.885969792725048055e+00 6.225653724448276805e+00 -5.098512982898209422e+00
1.522497366105885597e+00 5.452921985210435807e+00 -5.852906302343797051e+00
8.340086059838123234e-01 4.885384993681734400e+00 -6.892714888138893770e+00
-1.770593362205777899e-01 4.528575284887979890e+00 -8.218419105274959335e+00
-1.507950266720326837e+00 4.388558520339919333e+00 -9.830214802031109755e+00
-3.155635699800230398e+00 4.471810265891913438e+00 -1.172802695102466330e+01
-4.808762728215031146e+00 4.766951197879711444e+00 -1.358368884526328557e+01
-6.157002961676967701e+00 5.254734532111227097e+00 -1.506813995164075415e+01
-7.198809141153245328e+00 5.929493405508830861e+00 -1.617957433379196175e+01
-7.932803525854394522e+00 6.784900824593966817e+00 -1.691598166310161488e+01
-8.357788324589817464e+00 7.814103552643615558e+00 -1.727521692322907398e+01
-8.472753215381114700e+00 9.009857107899975404e+00 -1.725506831989354950e+01
-8.276879787558574009e+00 1.036466191646398194e+01 -1.685332298738590495e+01
-7.769542655284456423e+00 1.187090059718843449e+01 -1.606783026071129683e+01
-6.950307299268105865e+00 1.352097636479486731e+01 -1.489656222628624427e+01
-5.818924670767039231e+00 1.530745245000425214e+01 -1.333767141209458629e+01
-4.563738115332711232e+00 1.685914561499960129e+01 -1.166303524831545602e+01
-3.377952471137995794e+00 1.781129929619843821e+01 -1.014956427696828989e+01
-2.268449884783668491e+00 1.816650991280138783e+01 -8.803077630971266387e+00
-1.241672261936648258e+00 1.792753571406153767e+01 -7.629244530395575374e+00
-3.035379777887318165e-01 1.709723295510003283e+01 -6.633444374346288086e+00
5.406395978581325368e-01 1.567848852422711303e+01 -5.820627516701869730e+00
1.286231933289453844e+00 1.367414962160338376e+01 -5.195176804762806633e+00
1.929373911824551868e+00 1.108695113185603809e+01 -4.760770131555263518e+00
2.467041289977939922e+00 7.919441590563354616e+00 -4.520243801413259987e+00
2.897127424440161914e+00 4.173908680966261997e+00 -4.475456714929167745e+00
3.222934020693407842e+00 4.415810890594362714e-01 -4.549834560994206356e+00
3.452979741025361538e+00 -2.687126015488690456e+00 -4.662648838631842096e+00
3.593105061994310123e+00 -5.211573913802239666e+00 -4.809186894714447824e+00
3.648251761749575106e+00 -7.131353882672780031e+00 -4.985472149596434477e+00
3.622360098893736335e+00 -8.446289319118440275e+00 -5.188397486767126310e+00
3.518230368887932613e+00 -9.156422973447453373e+00 -5.415909501382470737e+00
3.337313593393887778e+00 -9.261952770562684734e+00 -5.667304142152139512e+00
3.079804714836991586e+00 -8.763243654679925498e+00 -5.943113528452860450e+00
2.744762573427877772e+00 -7.660825613080439744e+00 -6.244966972855165110e+00
2.330203749081206865e+00 -5.955383133925573169e+00 -6.575489044265876437e+00
1.892588706369242812e+00 -4.052829712314678368e+00 -6.908894528306226412e+00
1.489649996297448764e+00 -2.358704489396084902e+00 -7.217504331508578730e+00
1.120918911140748486e+00 -8.731485637108789000e-01 -7.501487423041039548e+00
7.863405199313142635e-01 4.038305475909744757e-01 -7.760641807801329506e+00
4.862401367982605027e-01 1.472351883098969472e+00 -7.994429166585106827e+00
2.212896584620629437e-01 2.332654730105030438e+00 -8.202009713795204604e+00
-7.526258452638545648e-03 2.985092693997312807e+00 -8.382277144448792683e+00
-1.989441613108199891e-01 3.430127785715880062e+00 -8.533893573069475380e+00
-3.514559016139909287e-01 3.668324299037930114e+00 -8.655324352942708188e+00
-4.633428950672002777e-01 3.700342216404461038e+00 -8.744872674216965791e+00
-5.746149157387951956e-01 3.711178231151122997e+00 -8.829205642796308595e+00
-7.274452810307242556e-01 3.885022272604123916e+00 -8.937120411757005556e+00
-9.232898827328402946e-01 4.221379861424680691e+00 -9.070059318111292512e+00
-1.163666462378724287e+00 4.719726520355475685e+00 -9.229500981223553779e+00
-1.450127189549213380e+00 5.379517095115240011e+00 -9.416934842460666033e+00
-1.784231165528880503e+00 6.200196046793920779e+00 -9.633836135551071322e+00
-2.167516838660811018e+00 7.181208739308821976e+00 -9.881641321489158969e+00
-2.601474501196776146e+00 8.322013785744371006e+00 -1.016172392820905834e+01
-3.087518768496979149e+00 9.622096368569440727e+00 -1.047537082862010216e+01
-3.626961070351515826e+00 1.108098249991659046e+01 -1.082375893678560885e+01
-4.143184994370280982e+00 1.246526150621187412e+01 -1.115222819802690069e+01
-4.556341899279062524e+00 1.354325267947973543e+01 -1.140336393113766533e+01
-4.862851243659511269e+00 1.431711495887466690e+01 -1.157418357297889067e+01
-5.059242285414567775e+00 1.478897702946036574e+01 -1.166182926040977463e+01
-5.142207315234692544e+00 1.496090080406568745e+01 -1.166360832717426632e+01
-5.108723559338801401e+00 1.483477910155318114e+01 -1.157708474370930141e+01
-4.956299029221602481e+00 1.441211321704756898e+01 -1.140026199253984984e+01
-4.682763243817974264e+00 1.369420303358903190e+01 -1.113141867724864653e+01
-4.286182725559362083e+00 1.268221739451468721e+01 -1.076903529652680724e+01
-3.764845572172549559e+00 1.137720095320957547e+01 -1.031177328468104015e+01
-3.195389209633788141e+00 9.956809860873903517e+00 -9.829095646950623433e+00
-2.656153742820909880e+00 8.597466142223471053e+00 -9.391775791085619218e+00
-2.148067111257659700e+00 7.298312144702036264e+00 -9.000510460473433838e+00
-1.671974822086463863e+00 6.058557697919757956e+00 -8.655936405653891441e+00
-1.228644255911832239e+00 4.877476428062673008e+00 -8.358634610083454319e+00
-8.187689085844049863e-01 3.754401853989570714e+00 -8.109134320984830779e+00
-4.429725690144922234e-01 2.688723276749144464e+00 -7.907916897707463200e+00
-1.018135474244459271e-01 1.679881534342508420e+00 -7.755419465470151152e+00
2.042111925774420245e-01 7.273645924927849560e-01 -7.652038454702710268e+00
4.746619611988557308e-01 -1.692970086493623683e-01 -7.598133020435369644e+00
6.856348668027597570e-01 -9.074992402103454481e-01 -7.582648197912496002e+00
8.127085730299933308e-01 -1.384686607535946745e+00 -7.594916700997059955e+00
8.547829317401217653e-01 -1.601351152597670691e+00 -7.635804142357037527e+00
8.108479588836100538e-01 -1.557956612823091724e+00 -7.706123850053687718e+00
6.799723810002162860e-01 -1.254943293989448261e+00 -7.806653802269383213e+00
4.612922072809633178e-01 -6.927331570481838341e-01 -7.938153470499024422e+00
1.539993172093206963e-01 1.282649063005574241e-01 -8.101380576848288939e+00
-2.426698822799250310e-01 1.207649564449944535e+00 -8.297107761452387820e+00
-7.294457662898842232e-01 2.545021373944698517e+00 -8.526139193935023286e+00
-1.307036761332350139e+00 4.139976942285003680e+00 -8.789327132501481898e+00
-1.870363288205373120e+00 5.692234342379782319e+00 -9.046502430326397004e+00
-2.313220759479588384e+00 6.902077915837903532e+00 -9.256281455039625072e+00
-2.634657403324438540e+00 7.769930198142004585e+00 -9.417715411417383109e+00
-2.833762777150596435e+00 8.296209513111355349e+00 -9.529806036915637435e+00
-2.909652721169013745e+00 8.481338801764435331e+00 -9.591484038937142742e+00
-2.861442170130819029e+00 8.325778255849414222e+00 -9.601570791117609360e+00
-2.688197307592910867e+00 7.830103420171033335e+00 -9.558714436778643631e+00
-2.388972311312751007e+00 6.994934639849766711e+00 -9.461451197466896446e+00
-1.962825671018237683e+00 5.820909778000930679e+00 -9.308241643469278515e+00
-1.408824280825295983e+00 4.308680162284469262e+00 -9.097490195315222294e+00
-8.475364661385685894e-01 2.785918931763670781e+00 -8.878404045020669599e+00
-4.007292716928109177e-01 1.579537798581965413e+00 -8.702122652924874302e+00
-6.928374968572126313e-02 6.890707739571617640e-01 -8.569974231188654201e+00
1.459261200079209342e-01 1.140403292586249506e-01 -8.483341206356609376e+00
2.440371392726673472e-01 -1.460388212117949003e-01 -8.443642184452771815e+00
2.242005473815106287e-01 -9.165576682501130890e-02 -8.452313950757417871e+00
8.558562141807934953e-02 2.767007318830057017e-01 -8.510793503614026534e+00
-1.726167829841674939e-01 9.585465129139740803e-01 -8.620500117579325661e+00
-5.511907481076421256e-01 1.953406458881688401e+00 -8.782817439515021363e+00
-1.050891867117896172e+00 3.260819108580579773e+00 -8.999075619513039470e+00
-1.586689340381546520e+00 4.671109841658728001e+00 -9.233192858870786779e+00
-2.072853079632745121e+00 5.975113588802789977e+00 -9.447805925424020757e+00
-2.509070288147257521e+00 7.173146268052054353e+00 -9.642266337878000471e+00
-2.895034361418856506e+00 8.265522186839691088e+00 -9.815922850026208124e+00
-3.230446046743262745e+00 9.252552030744762845e+00 -9.968127400239110258e+00
-3.515014588945315932e+00 1.013454078782639378e+01 -1.009824104210531459e+01
-3.748458871448971497e+00 1.091178560839819234e+01 -1.020563985985329580e+01
-3.930508490662867338e+00 1.158457363701982246e+01 -1.028972086023100374e+01
-4.060904821558006361e+00 1.215317979313121022e+01 -1.034990785100993094e+01
-4.139402069791899841e+00 1.261786451028206990e+01 -1.038565730877507320e+01
-4.137228607802843072e+00 1.284650977977171493e+01 -1.038928535437388234e+01
-4.025264800202370097e+00 1.270706639990645570e+01 -1.035283223634703731e+01
-3.802799521424668150e+00 1.219986831216407808e+01 -1.027552544425931380e+01
-3.469183093209473601e+00 1.132520760803209114e+01 -1.015681755001946307e+01
-3.023830718602577683e+00 1.008333035782914422e+01 -9.996407252314934766e+00
-2.466231631480676256e+00 8.474418429617248449e+00 -9.794271249849886729e+00
-1.795968596469616152e+00 6.498545975328354984e+00 -9.550698076620339094e+00
-1.012701319891504026e+00 4.155724816967660828e+00 -9.266229856475892035e+00
-1.161625424282533015e-01 1.445919298828860944e+00 -8.941641269632462752e+00
8.938398123139797979e-01 -1.630953362526738726e+00 -8.577932897396310707e+00
1.848639361660260549e+00 -4.539314657710264100e+00 -8.240371295505731553e+00
2.578784271641507253e+00 -6.743739735085994447e+00 -7.993569516752161874e+00
3.083336467104041745e+00 -8.244516838801887459e+00 -7.837367708808364419e+00
3.361495338497323182e+00 -9.041834220359055152e+00 -7.771157490696579018e+00
3.412601502579168056e+00 -9.135781081719185792e+00 -7.793894210743633977e+00
3.236140717076529061e+00 -8.526348802404637439e+00 -7.904109124255544572e+00
2.831747967968991642e+00 -7.213432422172059155e+00 -8.099921507237143103e+00
2.199211823795490073e+00 -5.196832333048474695e+00 -8.379050711272464369e+00
1.338479008306117990e+00 -2.476256171140299056e+00 -8.738828188763058336e+00
2.496592191125396321e-01 9.486791191388714850e-01 -9.176209505622198392e+00
-8.332104816176770790e-01 4.338143736682329887e+00 -9.597154124922225193e+00
-1.676050228868573466e+00 6.951878872776275031e+00 -9.911291882749392101e+00
-2.278684250634082531e+00 8.789592509499755124e+00 -1.012112453385044120e+01
-2.641114466190680687e+00 9.850892043996775982e+00 -1.022956684253721349e+01
-2.763526081439285242e+00 1.013528714736729697e+01 -1.023993288845554517e+01
-2.646293531316507242e+00 9.642192730280235935e+00 -1.015592231466386863e+01
-2.289986784115423113e+00 8.370931995283436677e+00 -9.981606496560852193e+00
-1.695377975679300153e+00 6.320739539587441058e+00 -9.721414640776963267e+00
-8.634484342421385739e-01 3.490764503322385970e+00 -9.380119757835094774e+00
2.046038920526874749e-01 -1.199262594133441162e-01 -8.962824485640343397e+00
1.258629446649484507e+00 -3.686354398903928242e+00 -8.561731791158180727e+00
2.049838981142508842e+00 -6.382459525021069169e+00 -8.262317300013680921e+00
2.579066936792305142e+00 -8.207472390492371872e+00 -8.059556007643259079e+00
2.847395493574414349e+00 -9.160535427427060284e+00 -7.948058823389500205e+00
2.856163913294834877e+00 -9.240706119087926496e+00 -7.922089079242063292e+00
2.606997450244628034e+00 -8.446956272872011340e+00 -7.975577352828527644e+00
2.101872206178698299e+00 -6.778164217520825652e+00 -8.102135555706757586e+00
1.343059501712710713e+00 -4.233133761045124288e+00 -8.295089742795182630e+00
3.331077026903925820e-01 -8.106050987021342635e-01 -8.547510065793574086e+00
-9.251571116128398664e-01 3.490738512429784279e+00 -8.852238592773224113e+00
-2.177637560178150800e+00 7.792890902348206694e+00 -9.134415422601419365e+00
-3.173464780064746193e+00 1.121618604504296712e+01 -9.328357311383539852e+00
-3.914659030219334035e+00 1.375944241704193161e+01 -9.440711808089982782e+00
-4.403523466945946652e+00 1.542142078740705458e+01 -9.478364326717084509e+00
-4.642643961390376717e+00 1.620083070693068095e+01 -9.448410730937123247e+00
-4.634888280491868073e+00 1.609633688532284879e+01 -9.358130016692118858e+00
-4.383404600324515066e+00 1.510656544474795027e+01 -9.214957127732041897e+00
-3.891619199678274299e+00 1.323011000363973722e+01 -9.026456074678280928e+00
-3.163233426694655570e+00 1.046553760704794023e+01 -8.800293278885094495e+00
-2.202219906568089414e+00 6.811394484499047053e+00 -8.544211184709984863e+00
-1.200356625353137030e+00 2.984455065491885328e+00 -8.310540993624602635e+00
-3.454092546697343780e-01 -2.968604449216698526e-01 -8.143394331185710655e+00
3.646151703315479997e-01 -3.031597474907421930e+00 -8.038165700721975782e+00
9.318846750016346325e-01 -5.218786282735101700e+00 -7.990187369706412746e+00
1.358741227739512558e+00 -6.857445478206317446e+00 -7.994744596952580551e+00
1.647699134920327158e+00 -7.946585437431773258e+00 -8.047090614952026044e+00
1.801442952064331582e+00 -8.485211610946322480e+00 -8.142461331385193901e+00
1.822824913917427514e+00 -8.472327667514933935e+00 -8.276089789427857113e+00
1.714861890763214269e+00 -7.906938518533764615e+00 -8.443220320638852527e+00
1.480731887222376475e+00 -6.788053209821413247e+00 -8.639122357091698845e+00
1.187438343742501345e+00 -5.422669432136453693e+00 -8.824714675916622397e+00
8.997790910845396839e-01 -4.118665497238213291e+00 -8.964413627285548358e+00
6.177067046838899955e-01 -2.876368731870809548e+00 -9.058776213987268733e+00
3.411265545522630394e-01 -1.696107756189316529e+00 -9.108376615794767872e+00
6.989403299624274979e-02 -5.782117650611997561e-01 -9.113805582944840111e+00
-1.962146055245025389e-01 4.769829347708398615e-01 -9.075669691693908803e+00
-4.575876391356553663e-01 1.469111189506282944e+00 -8.994590478785266185e+00
-7.147027442772866390e-01 2.397801351306728446e+00 -8.871203784792108138e+00
-9.680949772292706257e-01 3.262685027972158647e+00 -8.706157173411956052e+00
-1.218349912616660369e+00 4.063399709055051545e+00 -8.500106954412462557e+00
-1.427459782982494652e+00 4.723209920589603428e+00 -8.301254251756073899e+00
-1.557959198659346178e+00 5.165564325179843763e+00 -8.158486416697938282e+00
-1.611261153385147971e+00 5.390383310251213089e+00 -8.073441767126048774e+00
-1.588748848509622391e+00 5.397590911694636340e+00 -8.047683751934091134e+00
-1.491769988090414500e+00 5.187114275527980212e+00 -8.082696293700207590e+00
-1.321631273430691866e+00 4.758882909598649569e+00 -8.179878977502433202e+00
-1.079593090813614209e+00 4.112827728528753113e+00 -8.340542087574647212e+00
-7.668643557274235079e-01 3.248879985747816335e+00 -8.565901448385403683e+00
-3.845975332587352469e-01 2.166970028985351515e+00 -8.857073130348238621e+00
6.611617893315313577e-02 8.670259075013353467e-01 -9.215068019629370610e+00
4.976721359370385178e-01 -3.828191052887861545e-01 -9.567869108242048171e+00
8.242916401382222036e-01 -1.314382369856779587e+00 -9.841537457111726894e+00
1.047603835668972749e+00 -1.927641950979406715e+00 -1.003422219150608896e+01
1.169151806177016084e+00 -2.222575251346638137e+00 -1.014422523927482445e+01
1.190384956260113203e+00 -2.199157132088626732e+00 -1.017000986343765589e+01
1.112651576770532280e+00 -1.857357921334782169e+00 -1.011020935338127913e+01
9.371915753289671303e-01 -1.197141346015026642e+00 -9.963635860462691340e+00
6.651292719558428157e-01 -2.184624303894211472e-01 -9.729289370355425959e+00
2.974663011054443640e-01 1.078734601715366725e+00 -9.406366785876089764e+00
-1.649254235477646269e-01 2.694518377346502458e+00 -8.994271102428347930e+00
-6.522912365439829108e-01 4.385662700354056476e+00 -8.551886724983090105e+00
-1.096083782029189102e+00 5.908835408884534068e+00 -8.139054436129491421e+00
-1.497297448359721450e+00 7.263959008471776002e+00 -7.756700000113295523e+00
-1.856861178351504993e+00 8.450957761215560637e+00 -7.405648595717936544e+00
-2.175633622681730994e+00 9.469756565304944473e+00 -7.086618886286135677e+00
-2.454374324094581894e+00 1.032029745013968558e+01 -6.800199037097608645e+00
-2.693665941792498852e+00 1.100258853111095192e+01 -6.546778518071529440e+00
-2.893982051620106688e+00 1.151664663714517367e+01 -6.326589800687548504e+00
-3.055711126476125195e+00 1.186248054579176880e+01 -6.139735219194641935e+00
-3.179156927614318562e+00 1.204009281485193128e+01 -5.986198823643562150e+00
-3.297356617243170085e+00 1.213003071692813073e+01 -5.825623084419756736e+00
-3.443177966412569901e+00 1.221293235425659418e+01 -5.617659530200651119e+00
-3.616584948453986037e+00 1.228893182019785080e+01 -5.362213866040505650e+00
-3.817517028700409654e+00 1.235816787905882741e+01 -5.059174677722698910e+00
-4.045891070211888874e+00 1.242078037293135040e+01 -4.708415068564777428e+00
-4.301603238932720785e+00 1.247690664515948811e+01 -4.309794287932619206e+00
-4.584530905071388496e+00 1.252667797587650078e+01 -3.863159338961366096e+00
-4.894534520681660617e+00 1.257021601959045753e+01 -3.368346591765763343e+00
-5.231459498307602374e+00 1.260762924315663369e+01 -2.825183372037332497e+00
-5.595138083124348682e+00 1.263900935965408756e+01 -2.233489523605055815e+00
-5.903179258661556794e+00 1.258812021731593411e+01 -1.703702117345373246e+00
-6.073221387818694694e+00 1.237852115715957346e+01 -1.346162316220747890e+00
-6.105109334077951644e+00 1.201001653849816364e+01 -1.160558174680287102e+00
-5.998650368457979276e+00 1.148246365777052702e+01 -1.146610574797689353e+00
-5.753609006218241007e+00 1.079578568590263288e+01 -1.304081110377902419e+00
-5.369701953646550230e+00 9.949984601095218650e+00 -1.632780040497675778e+00
-4.846593169825951009e+00 8.945154126184531762e+00 -2.132574303225322154e+00
-4.183889072353959016e+00 7.781492679731979223e+00 -2.803395507667651998e+00
-3.381133882284537151e+00 6.459316357900840799e+00 -3.645247964577364996e+00
-2.437805119658477793e+00 4.979071961388907397e+00 -4.658216723200076181e+00
-1.459409088684135325e+00 3.484348369730037920e+00 -5.738659650089562803e+00
-5.519140508888906727e-01 2.118517160898448104e+00 -6.783073119320083499e+00
2.845192809259827760e-01 8.817948276465599200e-01 -7.791798542273570050e+00
1.049676844649289897e+00 -2.256231687069791825e-01 -8.765152586559294079e+00
1.743291047515250547e+00 -1.203564819990849522e+00 -9.703419228796210660e+00
2.365031920031241519e+00 -2.051906605121615268e+00 -1.060683938187454167e+01
2.914471650190877838e+00 -2.770661026455969012e+00 -1.147558734034091188e+01
3.391098288799991423e+00 -3.359938109305935505e+00 -1.230976096913644469e+01
3.794329980475048991e+00 -3.819922388054538764e+00 -1.310938561578172923e+01
4.123523177572391951e+00 -4.150867796000756726e+00 -1.387441834571030874e+01
4.354638956748997813e+00 -4.322250091358415425e+00 -1.451534815169644332e+01
4.463609647456141971e+00 -4.303850967985026088e+00 -1.494252106122989332e+01
4.449667861858410234e+00 -4.096530662783692378e+00 -1.515556469354218194e+01
4.312006487979651581e+00 -3.701272819083467169e+00 -1.515403371456181425e+01
4.049791195458366744e+00 -3.119170204993631401e+00 -1.493741649329745158e+01
3.662172802712743369e+00 -2.351410326181317068e+00 -1.450514178784800912e+01
3.148299498433996035e+00 -1.399260923974757986e+00 -1.385658544777817269e+01
2.507328822400019419e+00 -2.640552821361863423e-01 -1.299107715178273637e+01
1.738439477343276307e+00 1.052822595739882683e+00 -1.190790712306533017e+01
8.408429541636890381e-01 2.549952951918717847e+00 -1.060633281775361425e+01
-3.741363303062872347e-02 3.974081652930857800e+00 -9.328684401513418933e+00
-7.466367838002307966e-01 5.073945474983074355e+00 -8.318362651829273702e+00
-1.285121173817105333e+00 5.851154269128997498e+00 -7.576272523491496713e+00
-1.651186956879406420e+00 6.307383500790588293e+00 -7.103392665932789285e+00
-1.843199367654622112e+00 6.444354369018494566e+00 -6.900763974723592931e+00
-1.859588053691902498e+00 6.263813660873985611e+00 -6.969478183914095126e+00
-1.698866142789364986e+00 5.767513352670635918e+00 -7.310666505548465643e+00
-1.359649038816941324e+00 4.957189934140548537e+00 -7.925488366673043572e+00
-8.406729662063673336e-01 3.834543504590541385e+00 -8.815120203283129285e+00
-1.408132696678838780e-01 2.401216653141185375e+00 -9.980744313792074607e+00
5.529300905414682443e-01 1.024517727294222524e+00 -1.112509274653429259e+01
1.051576964086391230e+00 6.934570664522432537e-02 -1.194914384910298111e+01
1.353313647235940831e+00 -4.663165901985957262e-01 -1.245146299898362585e+01
1.456520416682929087e+00 -5.844111033177359360e-01 -1.263061450603173874e+01
1.359795413889928417e+00 -2.867796945999172564e-01 -1.248517637872037511e+01
1.061986471149940936e+00 4.248656574383637974e-01 -1.201375414833928801e+01
5.622169096629363594e-01 1.548973296542235811e+00 -1.121499378454455531e+01
-1.401824895006551497e-01 3.084134036855858518e+00 -1.008760207287489941e+01
-1.045723257854138666e+00 5.029072299097966159e+00 -8.630365414111700773e+00
-2.154798371186922079e+00 7.382642673714851611e+00 -6.842167590081297490e+00
-3.285470675200054202e+00 9.708510054185294891e+00 -5.015171932018546386e+00
-4.254742760372224097e+00 1.157192267643261374e+01 -3.443227087271261588e+00
-5.061514513167082896e+00 1.297413625438036533e+01 -2.127768023636948946e+00
-5.704865003495484643e+00 1.391629948107245696e+01 -1.070146490522002836e+00
-6.184013894290610658e+00 1.439945678708759047e+01 -2.716138357675133008e-01
-6.498282879596159134e+00 1.442455129491787602e+01 2.666961078943739238e-01
-6.647057143473406704e+00 1.399242795576780196e+01 5.437840752665374922e-01
-6.629746965027846883e+00 1.310383680263922912e+01 5.588023584722998649e-01
-6.445749362357510392e+00 1.175943635978105206e+01 3.110717628728947304e-01
-6.094409791162108903e+00 9.959797208102276755e+00 -1.999014511372010361e-01
-5.708273868503729531e+00 8.153298508001325828e+00 -8.429072397410295459e-01
-5.421041325208721950e+00 6.787718911694626378e+00 -1.486080053563463732e+00
-5.233690890321353706e+00 5.862678707424318958e+00 -2.128894934823603702e+00
-5.147168335815630158e+00 5.377795655343746262e+00 -2.770994968595295482e+00
-5.162412012978958131e+00 5.332679365731735288e+00 -3.412205372264740966e+00
-5.280378276135584414e+00 5.726925488339851711e+00 -4.052547596755287529e+00
-5.502066779870872004e+00 6.560109686750287494e+00 -4.692253456372911913e+00
-5.828545578042772846e+00 7.831781418533498851e+00 -5.331779308858996203e+00
-6.260976027920962750e+00 9.541457449927907675e+00 -5.971820306110508625e+00
-6.800637452501211655e+00 1.168861507872284022e+01 -6.613324740653502509e+00
-7.259174061320857518e+00 1.376310928880415396e+01 -7.283635738887104694e+00
-7.446133476142712482e+00 1.525554653554575069e+01 -8.008965471845712614e+00
-7.359588391748610903e+00 1.616649839764444607e+01 -8.788454265531672860e+00
-6.997385987459480816e+00 1.649660930769296741e+01 -9.620805637400465571e+00
-6.357114262400315852e+00 1.624661374106658229e+01 -1.050426059287853064e+01
-5.436073125829361530e+00 1.541736140038319292e+01 -1.143655985949937204e+01
-4.231284755298451827e+00 1.400984572782989446e+01 -1.241490267418067006e+01
-2.739525327298469648e+00 1.202517073246730916e+01 -1.343600736408325602e+01
-9.573445496673573807e-01 9.464540018188005277e+00 -1.449613597675559262e+01
1.118915747627121871e+00 6.329255327904969697e+00 -1.559110408217737387e+01
3.138256293779162487e+00 3.217652612210147200e+00 -1.655227754407278695e+01
4.744512384948381012e+00 7.264855710650222065e-01 -1.721607949106004298e+01
5.933433431539469005e+00 -1.145278789786742912e+00 -1.758602022262999753e+01
6.700393058855165229e+00 -2.398713535690995435e+00 -1.766617833462013465e+01
7.040428164418775836e+00 -3.034925052087713127e+00 -1.746118132097388198e+01
6.948277731246325750e+00 -3.055046525665008339e+00 -1.697618575250236717e+01
6.418421310767400634e+00 -2.460231613154622465e+00 -1.621685696944575028e+01
5.445116960015674579e+00 -1.251648363002447972e+00 -1.518934826755111800e+01
4.022438682885272954e+00 5.695267550469731432e-01 -1.390027950340945395e+01
2.144313277098529369e+00 3.002114733388072221e+00 -1.235671509393264955e+01
1.816631037913312152e-01 5.526024930221673515e+00 -1.081629332583922931e+01
-1.487797396986503706e+00 7.622341339713695874e+00 -9.529169008313088440e+00
-2.859957953290292565e+00 9.291678163259625478e+00 -8.491228293547770534e+00
-3.930576766701870728e+00 1.053462580975556229e+01 -7.698034363823634152e+00
-4.695309346153362817e+00 1.135174599512570026e+01 -7.144842961465084130e+00
-5.149736774656709315e+00 1.174356681919965339e+01 -6.826618373463725575e+00
-5.289393374664099312e+00 1.171057778827477414e+01 -6.738049873035704351e+00
-5.109793670757040829e+00 1.125322482454708961e+01 -6.873568532664267039e+00
-4.606458667801499374e+00 1.037190518183994214e+01 -7.227364453019280432e+00
-3.774941422504285882e+00 9.066962249021147002e+00 -7.793404384354767345e+00
-2.881973191637719367e+00 7.726047216070844215e+00 -8.400944526158733439e+00
-2.199535473168704236e+00 6.736192497654671207e+00 -8.886300055917878638e+00
-1.731087256818739650e+00 6.096761283992532476e+00 -9.254023765229490550e+00
-1.480074292930815494e+00 5.807121729663164089e+00 -9.508858755317540101e+00
-1.449914242819073440e+00 5.866648800853180745e+00 -9.655726787937856770e+00
-1.643968334929196473e+00 6.274743803727126590e+00 -9.699707345357866828e+00
-2.065486782084101414e+00 7.030888399913326481e+00 -9.645992198198532819e+00
-2.717644762618084631e+00 8.134587194480204175e+00 -9.499881138998894414e+00
-3.603553351873920008e+00 9.585341817103511630e+00 -9.266759888427946734e+00
-4.726256581183868377e+00 1.138264315098523838e+01 -8.952069656544734855e+00
-5.817985161440883957e+00 1.307653144480905993e+01 -8.674265031857679276e+00
-6.605681195245677984e+00 1.421789210987479635e+01 -8.542579061746689462e+00
-7.084463548561075186e+00 1.480748373285402053e+01 -8.548539884314203974e+00
-7.249545030884301688e+00 1.484610668334648054e+01 -8.683571255438906178e+00
-7.096237339531596078e+00 1.433461225679140227e+01 -8.939041075948551907e+00
-6.619956023242102638e+00 1.327391026444517408e+01 -9.306309839437098219e+00
-5.816225510868902937e+00 1.166497504136947327e+01 -9.776778979026012451e+00
-4.680684284723149347e+00 9.508849784048203801e+00 -1.034193916310613837e+01
-3.209090177057436932e+00 6.806649273202231676e+00 -1.099341843786216266e+01
-1.397325829778262474e+00 3.559560977969652651e+00 -1.172303019527877055e+01
4.595098010760099161e-01 2.832284668050748522e-01 -1.242873309843562524e+01
2.060898787003967669e+00 -2.507908499475826503e+00 -1.301899321993185232e+01
3.402778964483971436e+00 -4.814412986600627775e+00 -1.350150285357907798e+01
4.481187300235861315e+00 -6.636907081199018954e+00 -1.388386482330634664e+01
5.292264834387171213e+00 -7.976072203073981903e+00 -1.417355012489307242e+01
5.832261809067991187e+00 -8.832648047015663195e+00 -1.437785573583326837e+01
6.097542989376565359e+00 -9.207430218005134392e+00 -1.450386260833856156e+01
6.084593373074182132e+00 -9.101266396434228412e+00 -1.455839394240622120e+01
5.790024146642849701e+00 -8.515051300527659350e+00 -1.454797370659949252e+01
5.210578931248008416e+00 -7.449720493918890796e+00 -1.447878541907108563e+01
4.478968125094652031e+00 -6.121990840763597674e+00 -1.440749891715760356e+01
3.729797406348039246e+00 -4.748297760532224743e+00 -1.438695548754225229e+01
2.962758075481183972e+00 -3.329159502560778972e+00 -1.441725351362005014e+01
2.177544419608179460e+00 -1.865061381415123787e+00 -1.449840535819567400e+01
1.373854943923384031e+00 -3.564504493637263849e-01 -1.463033388317551697e+01
5.514105274234779586e-01 1.196223247056893868e+00 -1.481287218765168667e+01
-2.900220266881889941e-01 2.792350465893742140e+00 -1.504581987808628085e+01
-1.150730485683305604e+00 4.431263886623684201e+00 -1.532902232616186211e+01
-2.031082868030800626e+00 6.112272208266800178e+00 -1.566238537405476805e+01
-2.931529243750550684e+00 7.834652406636184452e+00 -1.604588092779154351e+01
-3.751336606666420437e+00 9.363286034957312154e+00 -1.637152218696344619e+01
-4.387083702163367072e+00 1.046550061236621687e+01 -1.652857472864496913e+01
-4.835230943258235214e+00 1.114421646093973095e+01 -1.651315963158591060e+01
-5.092171011337162767e+00 1.140236258333161956e+01 -1.632162725094503841e+01
-5.154192239189118396e+00 1.124291789468116676e+01 -1.595049677712396630e+01
-5.017442645947122415e+00 1.066895429694955588e+01 -1.539639646712337751e+01
-4.677894653349238929e+00 9.683681595918812945e+00 -1.465600454105632622e+01
-4.131310505596907490e+00 8.290494220531211766e+00 -1.372599080312939890e+01
-3.373208528333599077e+00 6.493019874579289308e+00 -1.260295891696902437e+01
-2.398830337586776551e+00 4.295170196102742644e+00 -1.128338934951889172e+01
-1.435010544193065618e+00 2.174646941723747950e+00 -9.999821814368827333e+00
-7.155504140059685270e-01 6.031075786026717234e-01 -8.990247768013389873e+00
-2.461587200667334496e-01 -4.245940936337315730e-01 -8.259261384021183261e+00
-3.290843190298575749e-02 -9.139577342608753430e-01 -7.811607480960725880e+00
-8.227299189397285772e-02 -8.709104572297765579e-01 -7.652253825773088103e+00
-4.011604536869251003e-01 -3.018840724872124959e-01 -7.786462387632957061e+00
-9.969451683626255889e-01 7.861041350206174894e-01 -8.219859488547124116e+00
-1.877496234619200344e+00 2.385367077059398433e+00 -8.958504818557187832e+00
-3.051202611776696383e+00 4.487459426242807581e+00 -1.000895915843861594e+01
-4.526994280857700836e+00 7.083084817304585279e+00 -1.137835068310698539e+01
-5.992787664918394874e+00 9.609584264126922903e+00 -1.275506789762715698e+01
-7.124641752259442740e+00 1.151620569756513923e+01 -1.381833552391123554e+01
-7.913697309830742377e+00 1.281157371846182613e+01 -1.456158027674455369e+01
-8.350470025427778609e+00 1.350532800923673804e+01 -1.497755812603013403e+01
-8.424834042748837959e+00 1.360824161077619721e+01 -1.505827872640261944e+01
-8.125965737471226191e+00 1.313247006800829553e+01 -1.479484739668768256e+01
-7.442244330661992535e+00 1.209199445879778523e+01 -1.417719621641205308e+01
-6.361551551570862273e+00 1.050215556664197081e+01 -1.319446940104740129e+01
-4.871499887667394724e+00 8.379394224533802671e+00 -1.183526541892780948e+01
-2.959605805523818134e+00 5.741108918536547812e+00 -1.008778834360744625e+01
-9.419801647646861564e-01 3.049139693028257270e+00 -8.241587011091830561e+00
8.520175951007002979e-01 7.479583617930137818e-01 -6.598196598368078369e+00
2.414788656741283734e+00 -1.171127157936794116e+00 -5.163922233238944948e+00
3.738555780104662940e+00 -2.717588801784388775e+00 -3.945451581170169142e+00
4.815469172416292132e+00 -3.901580631808451827e+00 -2.949759409164184998e+00
5.637706467999255011e+00 -4.733833909332810563e+00 -2.184014629547643693e+00
6.197566174505920067e+00 -5.225544877147321188e+00 -1.655490029326229795e+00
6.487553934399788780e+00 -5.388255414360990869e+00 -1.371475070282652142e+00
6.500461381310720377e+00 -5.233726638790344943e+00 -1.339191828403118567e+00
6.229437263590395624e+00 -4.773805771383941021e+00 -1.565714216338773834e+00
5.840113589846989584e+00 -4.183247659994116852e+00 -1.908600130769663838e+00
5.502922782568551163e+00 -3.627523408130853166e+00 -2.220279705486290389e+00
5.218514109220435238e+00 -3.104523949719182774e+00 -2.499969918993936169e+00
4.987525407489574292e+00 -2.612142963542850804e+00 -2.746885470357807613e+00
4.810581010349748610e+00 -2.148301045678790100e+00 -2.960247674443901911e+00
4.688290957906933620e+00 -1.710970371322145578e+00 -3.139292649099318044e+00
4.621251437666807682e+00 -1.298199778690436013e+00 -3.283278805888476093e+00
4.610046190852273185e+00 -9.081403682097153318e-01 -3.391493846689716207e+00
4.655248913990859272e+00 -5.390714423853038006e-01 -3.463261183421292078e+00
4.757426487903864576e+00 -1.894267597784708712e-01 -3.497945877390209013e+00
4.958990124297197433e+00 1.460362434802321141e-01 -3.528934215874062197e+00
5.302375329418953953e+00 4.725714062065899945e-01 -3.589608380146262157e+00
5.788171099476567605e+00 7.913541780379572677e-01 -3.679441523275521320e+00
6.416949652205591548e+00 1.103157651258610095e+00 -3.798018921526083780e+00
7.189268019292391010e+00 1.408309797270008490e+00 -3.945048825091168609e+00
8.105667766145765896e+00 1.706701350801174577e+00 -4.120354286259123811e+00
9.166657650481527142e+00 1.997957905921798893e+00 -4.323808754136551968e+00
1.037269249564827511e+01 2.281383832210477358e+00 -4.555363253669806767e+00
1.172417386731910938e+01 2.555946015509224623e+00 -4.815048608445144041e+00
1.322145244725751922e+01 2.820296413515471112e+00 -5.102962157246553332e+00
1.450877211495242847e+01 2.945787921698603373e+00 -5.389943053539945517e+00
1.523022833492982109e+01 2.804153972756792790e+00 -5.645646491769856112e+00
1.538534589804175567e+01 2.395559639714833988e+00 -5.868545879080699024e+00
1.497298637976150992e+01 1.721663511729485840e+00 -6.057298079538837143e+00
1.399139798905389043e+01 7.855210865734960635e-01 -6.210781287081699631e+00
1.243826901051870770e+01 -4.085097621807972645e-01 -6.328129541481642306e+00
1.031078406546117776e+01 -1.854861431991162934e+00 -6.408764641118228411e+00
7.605681884247655233e+00 -3.546848155453889540e+00 -6.452427140814471329e+00
4.319314485487458555e+00 -5.476756421726892476e+00 -6.459205088331880340e+00
4.477070536391032363e-01 -7.635934544104330257e+00 -6.429561231410060529e+00
-3.416802144287266696e+00 -9.632917844699125709e+00 -6.397872202977560541e+00
-6.676000938818100749e+00 -1.108488941527853378e+01 -6.398590321435891681e+00
-9.324587782323828122e+00 -1.199652738751108849e+01 -6.432054233904784368e+00
-1.135635688442235391e+01 -1.237372609552919123e+01 -6.497879840794230866e+00
-1.276430610838345991e+01 -1.222350983784482459e+01 -6.594941832844019913e+00
-1.354074489133008896e+01 -1.155394769708023617e+01 -6.721354364605341303e+00
-1.367740202866824717e+01 -1.037406955628739169e+01 -6.874449775292985620e+00
-1.316553214294859941e+01 -8.693778335796420009e+00 -7.050765653880343820e+00
-1.199602107902297021e+01 -6.523762157899059666e+00 -7.246029627837148546e+00
-1.015948979059729496e+01 -3.875405835653919162e+00 -7.455141906670522012e+00
-8.069813045130372231e+00 -1.261607337358543912e+00 -7.657668977466064675e+00
-6.152747993751439992e+00 8.141561733895646968e-01 -7.839262037725964305e+00
-4.416940688434706885e+00 2.354470514474475529e+00 -8.003840170194779446e+00
-2.871441683599102124e+00 3.362284994574518571e+00 -8.156010790251411180e+00
-1.525606694578359290e+00 3.840899333360417334e+00 -8.301059896113313741e+00
-3.890079741177763228e-01 3.793944539651736392e+00 -8.444944428836773653e+00
5.286174861927266377e-01 3.225335316088656423e+00 -8.594303115288608907e+00
1.217438190461061831e+00 2.139242569609014488e+00 -8.756451540522656174e+00
1.667559207817961298e+00 5.401025478695802295e-01 -8.939332488617694139e+00
1.869042179522174107e+00 -1.567372301068554075e+00 -9.151460664883430240e+00
1.912226384627176090e+00 -3.774733377296928261e+00 -9.381099933150659709e+00
1.897867329205917608e+00 -5.676350024533791228e+00 -9.608038122075381438e+00
1.831681647123372114e+00 -7.271616483708643663e+00 -9.828254879142573230e+00
1.719446428313712527e+00 -8.560057030249137000e+00 -1.003745719535557157e+01
1.566989434743664811e+00 -9.541333253292304306e+00 -1.023109989137124565e+01
1.380175615705456327e+00 -1.021525796225311566e+01 -1.040439986174401277e+01
1.164886097627362060e+00 -1.058182413429289781e+01 -1.055233432198745902e+01
9.270185909406909452e-01 -1.064118893853281556e+01 -1.066968363678669718e+01
6.724793764072565239e-01 -1.039366912560324607e+01 -1.075107208924927349e+01
4.071719808885836400e-01 -9.839741906414523953e+00 -1.079100389851260644e+01
1.369865110633177174e-01 -8.980044176583831472e+00 -1.078389982301973049e+01
-1.322102879938529263e-01 -7.815370047487387950e+00 -1.072413430311892846e+01
-3.945841916407344385e-01 -6.346666659687427270e+00 -1.060607309333344439e+01
-6.443418239614178145e-01 -4.575028269236042000e+00 -1.042411133239056120e+01
-8.757381179678096483e-01 -2.501688612020712466e+00 -1.017271199793294834e+01
-1.083061278810462547e+00 -1.279841650494594196e-01 -9.846447425148991073e+00
-1.260562405163502042e+00 2.544731014802689817e+00 -9.439992369320572507e+00
-1.402503179367065034e+00 5.514994874494666632e+00 -8.948037697190075690e+00
-1.503174496929495119e+00 8.781206727991875738e+00 -8.365265792580458992e+00
-1.556896307544661795e+00 1.234162482349088030e+01 -7.686339626669305147e+00
-1.558017748561236537e+00 1.619436340003973029e+01 -6.905891725235818512e+00
-1.500917581635700104e+00 2.033738923684256505e+01 -6.018513048632438078e+00
-1.380004944390071264e+00 2.476851769756097355e+01 -5.018741800425017274e+00
-1.189720430034788334e+00 2.948540827093464145e+01 -3.901052180957786497e+00
