3.781224631538145253e+00 -7.112676666130024472e+00 6.286555112495825215e-01
3.563050631017468550e+00 -6.814650022104075333e+00 6.178221242827712789e-01
3.352491757462807698e+00 -6.528732779592342439e+00 6.088363893963745221e-01
3.149548010874161363e+00 -6.254924938594824013e+00 6.016983065903922512e-01
2.954219391251529547e+00 -5.993226499111520944e+00 5.964078758648243550e-01
2.766505898594913582e+00 -5.743637461142435896e+00 5.929650972196713887e-01
2.586407532904311246e+00 -5.506157824687563540e+00 5.913699706549325752e-01
2.413924294179722985e+00 -5.280787589746906541e+00 5.916224961706082475e-01
2.249056182421150574e+00 -5.067526756320464898e+00 5.937226737666986276e-01
2.091803197628593569e+00 -4.866375324408239500e+00 5.976705034432033825e-01
1.942165339802050861e+00 -4.677333294010230347e+00 6.034659852001228453e-01
1.800142608941523337e+00 -4.500400665126436550e+00 6.111091190374566828e-01
1.665735005047010109e+00 -4.335577437756857222e+00 6.205999049552051172e-01
1.538942528118511843e+00 -4.182863611901494139e+00 6.319383429533679264e-01
1.419765178156028540e+00 -4.042259187560345524e+00 6.451244330319453324e-01
1.308202955159560199e+00 -3.913764164733414042e+00 6.601581751909372242e-01
1.204255859129106154e+00 -3.797378543420695696e+00 6.770395694303436018e-01
1.107923890064667294e+00 -3.693102323622194483e+00 6.957686157501645763e-01
1.019207047966243618e+00 -3.600935505337908182e+00 7.163453141503999255e-01
9.381053328338342379e-01 -3.520878088567837239e+00 7.387696646310499826e-01
8.646187446674399313e-01 -3.452930073311982540e+00 7.630416671921145255e-01
7.987472834670604760e-01 -3.397091459570342753e+00 7.891613218335933322e-01
7.404909492326958720e-01 -3.353362247342918323e+00 8.171286285554869577e-01
6.898497419643458972e-01 -3.321742436629708806e+00 8.469435873577948470e-01
6.468236616620108848e-01 -3.302232027430715533e+00 8.786061982405173332e-01
6.114127083256907236e-01 -3.294831019745937617e+00 9.121164612036544161e-01
5.634593631181898932e-01 -3.350665540096080086e+00 9.822597870567593148e-01
4.828060471281695465e-01 -3.520861867369721399e+00 1.123821690278084873e+00
3.694527603556184703e-01 -3.805420001566889532e+00 1.336802170867650519e+00
2.233995028005376637e-01 -4.204339942687582266e+00 1.621201228825454477e+00
4.464627446292535051e-02 -4.717621690731803596e+00 1.977018864151499855e+00
-1.668069246572176922e-01 -5.345265245699552636e+00 2.404255076845784878e+00
-4.109600945598914645e-01 -6.087270607590827609e+00 2.902909866908310210e+00
-6.878132352450958553e-01 -6.943637776405630291e+00 3.472983234339075409e+00
-9.973663467128310867e-01 -7.914366752143959793e+00 4.114475179138080030e+00
-1.339619428963094938e+00 -8.999457534805809900e+00 4.827385701305321852e+00
-1.623460143090342811e+00 -1.000542552568205856e+01 5.467433709252786045e+00
-1.757775824345543469e+00 -1.073878543410794073e+01 5.890337595402475479e+00
-1.742566472728624305e+00 -1.119953726008330364e+01 6.096097359754279132e+00
-1.577832088239584873e+00 -1.138768100360814550e+01 6.084713002308192564e+00
-1.263572670878425841e+00 -1.130321666468247166e+01 5.856184523064221104e+00
-7.997882206451498721e-01 -1.094614424330627855e+01 5.410511922022362086e+00
-1.864787375397516378e-01 -1.031646373947956796e+01 4.747695199182615511e+00
5.763557784377670856e-01 -9.414175153202336332e+00 3.867734354544979603e+00
1.488715327287404966e+00 -8.239278484474587216e+00 2.770629388109455693e+00
2.550599909009162669e+00 -6.791773733296316173e+00 1.456380299876044226e+00
3.529816813535525899e+00 -5.336862899388065351e+00 1.881707135409523834e-01
4.194173054003589307e+00 -4.139748298615911537e+00 -7.708154334601605706e-01
4.543668630413344900e+00 -3.200429930979868942e+00 -1.420578141127283311e+00
4.578303542764785128e+00 -2.518907796479942895e+00 -1.761117409460409178e+00
4.298077791057910879e+00 -2.095181895116133397e+00 -1.792433238459540057e+00
3.702991375292721710e+00 -1.929252226888441113e+00 -1.514525628124672618e+00
2.793044295469217619e+00 -2.021118791796865377e+00 -9.273945784558090821e-01
1.568236551587399052e+00 -2.370781589841407300e+00 -3.104008945294811639e-02
2.856814364726556477e-02 -2.978240621022065326e+00 1.174537838883909391e+00
-1.825960928351182844e+00 -3.843495885338839457e+00 2.689339206554762107e+00
-3.647574874523897392e+00 -4.731808805385726124e+00 4.191779580266866922e+00
-5.088496246660162647e+00 -5.408439684434289241e+00 5.360272993291114396e+00
-6.148725044759510538e+00 -5.873388522484207286e+00 6.194819445627072874e+00
-6.828261268821925078e+00 -6.126655319535474042e+00 6.695418937274729032e+00
-7.127104918847410708e+00 -6.168240075588090399e+00 6.862071468234081095e+00
-7.045255994835962099e+00 -5.998142790642053690e+00 6.694777038505129951e+00
-6.582714496787584579e+00 -5.616363464697366581e+00 6.193535648087877377e+00
-5.739480424702270156e+00 -5.022902097754023742e+00 5.358347296982318042e+00
-4.515553778580024158e+00 -4.217758689812033168e+00 4.189211985188457277e+00
-2.910934558420846141e+00 -3.200933240871387753e+00 2.686129712706294193e+00
-1.297534490090879178e+00 -2.144001932003182898e+00 1.170471370369607689e+00
-4.726618616357561309e-02 -1.218541353348301381e+00 -3.639138477934039662e-02
8.398703533609294114e-01 -4.245515049068069868e-01 -9.344585527404357661e-01
1.363875128482635590e+00 2.379676133212956513e-01 -1.523730133513673923e+00
1.524748139201552499e+00 7.690160013360199942e-01 -1.804206127099067691e+00
1.322489385517672922e+00 1.168593659137358021e+00 -1.775886533496608077e+00
7.570988674309973021e-01 1.436700586725311091e+00 -1.438771352706297524e+00
-1.714234150584750260e-01 1.573336784099877317e+00 -7.928605847281335883e-01
-1.463077461950743174e+00 1.578502251261058253e+00 1.618457704378823969e-01
-3.117863273245808475e+00 1.452196988208852790e+00 1.425347712791751764e+00
-4.807597832492642276e+00 1.253116221121044260e+00 2.777443644059658379e+00
-6.204098123240211038e+00 1.039955176175415330e+00 3.997931965967785661e+00
-7.307364145488518758e+00 8.127138533719655555e-01 5.086812678516135833e+00
-8.117395899237560997e+00 5.713922527106953808e-01 6.044085781704707117e+00
-8.634193384487344858e+00 3.159903741916050834e-01 6.869751275533500845e+00
-8.857756601237865013e+00 4.650821781469405281e-02 7.563809160002515242e+00
-8.788085549489125015e+00 -2.370542164200343249e-01 8.126259435111746754e+00
-8.425180229241124863e+00 -5.346969285125859894e-01 8.557102100861207816e+00
-7.769040640493861005e+00 -8.464199184629586092e-01 8.856337157250891323e+00
-6.819666783247384956e+00 -1.172223186271141415e+00 9.023964604280795498e+00
-5.720613309502255106e+00 -1.484234423649718471e+00 9.061337327833971500e+00
-4.615434528998628494e+00 -1.754581388763925442e+00 8.969808210567947526e+00
-3.504130441736506896e+00 -1.983264081613762553e+00 8.749377252482721801e+00
-2.386701047715887203e+00 -2.170282502199229135e+00 8.400044453578292547e+00
-1.263146346936772524e+00 -2.315636650520326523e+00 7.921809813854663318e+00
-1.334663393991619706e-01 -2.419326526577053826e+00 7.314673333311831449e+00
1.002338974896945789e+00 -2.481352130369410602e+00 6.578635011949799605e+00
2.144269595951549867e+00 -2.501713461897397739e+00 5.713694849768563344e+00
3.292325523764636941e+00 -2.480410521161015236e+00 4.719852846768140431e+00
4.446506758335883269e+00 -2.417443308160256432e+00 3.597109002948627676e+00
5.360998872269494342e+00 -2.308524378531861210e+00 2.434230360323315079e+00
5.789988610300370375e+00 -2.149366308356627897e+00 1.319983537632621440e+00
5.733475972428509593e+00 -1.939969097634558270e+00 2.543685348765484799e-01
5.191460958653914659e+00 -1.680332746365651442e+00 -7.626146479449048554e-01
4.163943568976582910e+00 -1.370457254549907411e+00 -1.730966010831737734e+00
2.650923803396517009e+00 -1.010342622187326178e+00 -2.650685553783950876e+00
6.524016619137142925e-01 -5.999888492779080762e-01 -3.521773276801543950e+00
-1.831622855471823463e+00 -1.393959358216525501e-01 -4.344229179884517400e+00
-4.801149748760094482e+00 3.714361181814398449e-01 -5.118053263032869893e+00
-8.256179017951103205e+00 9.325073127313691090e-01 -5.843245526246602317e+00
-1.153006633215918164e+01 1.472324918317413855e+00 -6.431316664629602720e+00
-1.395616418168605932e+01 1.919395864524445106e+00 -6.793776951335241066e+00
-1.553447256653078057e+01 2.273720151352361274e+00 -6.930626386363393898e+00
-1.626499148669335781e+01 2.535297778801163471e+00 -6.841864969714060329e+00
-1.614772094217378040e+01 2.704128746870849920e+00 -6.527492701387238583e+00
-1.518266093297205543e+01 2.780213055561421509e+00 -5.987509581382932211e+00
-1.336981145908818114e+01 2.763550704872878683e+00 -5.221915609701138550e+00
-1.070917252052221968e+01 2.654141694805223217e+00 -4.230710786341881580e+00
-7.200744117274059164e+00 2.451986025358452004e+00 -3.013895111305119112e+00
-2.844526249343751090e+00 2.157083696532566375e+00 -1.571468584590870687e+00
1.569420011253397584e+00 1.779716166747213668e+00 -1.156932742802680297e-01
5.251022290537228798e+00 1.330165041500142031e+00 1.141165715098735767e+00
8.200280588497641077e+00 8.084303207914835809e-01 2.199108383543424861e+00
1.041719490513462709e+01 2.145120046212379838e-01 3.058134731053800959e+00
1.190176524044819928e+01 -4.515899070105945379e-01 3.718244757629862285e+00
1.265399159443834520e+01 -1.189875414104013984e+00 4.179438463271609727e+00
1.267387396710507019e+01 -2.000344516659021465e+00 4.441715847979043730e+00
1.196141235844837780e+01 -2.882997214675615094e+00 4.505076911752163404e+00
1.051660676846825915e+01 -3.837833508153796203e+00 4.369521654590968751e+00
8.339457197164721336e+00 -4.864853397093564347e+00 4.035050076495459770e+00
5.992338157022859768e+00 -5.804078906480056865e+00 3.556820953990872614e+00
4.037624160527771622e+00 -6.495532061298409765e+00 2.989993063602441659e+00
2.475315207679459562e+00 -6.939212861548623046e+00 2.334566405330167349e+00
1.305411298477919146e+00 -7.135121307230698484e+00 1.590540979174049241e+00
5.279124329231543733e-01 -7.083257398344634304e+00 7.579167851340891104e-01
1.428186110151639099e-01 -6.783621134890431392e+00 -1.633061767897148187e-01
1.501298327539473121e-01 -6.236212516868089750e+00 -1.173127906597362102e+00
5.498460981395045799e-01 -5.441031544277610266e+00 -2.271548404288853185e+00
1.341967407171835713e+00 -4.398078217118990274e+00 -3.458567669864187621e+00
2.526493759846744513e+00 -3.107352535395086157e+00 -4.734185703321212024e+00
3.775317422833968095e+00 -1.792069282567413380e+00 -5.930206408646198746e+00
4.760335356375867910e+00 -6.754400490157903558e-01 -6.878436095866207189e+00
5.481547560472431968e+00 2.425351652597652619e-01 -7.578874764981227585e+00
5.938954035123689579e+00 9.618563602592933304e-01 -8.031522415991290131e+00
6.132554780329623867e+00 1.482523535982770646e+00 -8.236379048896374400e+00
6.062349796090236609e+00 1.804536692430198874e+00 -8.193444663696483943e+00
5.728339082405521587e+00 1.927895829601575572e+00 -7.902719260391615208e+00
5.130522639275486796e+00 1.852600947496903405e+00 -7.364202838981770860e+00
4.268900466700126017e+00 1.578652046116180818e+00 -6.577895399466949122e+00
3.143472564679673287e+00 1.106049125459598548e+00 -5.543796941847423554e+00
1.916296117565826629e+00 5.684811545454651061e-01 -4.452617177542959936e+00
7.494275369639484818e-01 9.963646491549993378e-02 -3.495064908601541287e+00
-3.571331771259613208e-01 -3.004849434302968580e-01 -2.671140135023168494e+00
-1.403386024703901391e+00 -6.318830704919250474e-01 -1.980842856807841779e+00
-2.389331005769873340e+00 -8.945579162693846342e-01 -1.424173073955561142e+00
-3.314968120323875667e+00 -1.088509480762675397e+00 -1.001130786466326139e+00
-4.180297368365910593e+00 -1.213737763971797889e+00 -7.117159943401372146e-01
-4.985318749895975898e+00 -1.270242765896751669e+00 -5.559286975769941463e-01
-5.730032264914072471e+00 -1.258024486537536957e+00 -5.337688961768967122e-01
-6.414437913420200310e+00 -1.177082925894153753e+00 -6.452365901398453563e-01
-6.945797908312637325e+00 -1.058183290604908899e+00 -8.394876306250701470e-01
-7.231374020280775916e+00 -9.320909340082657035e-01 -1.065677626347646623e+00
-7.271166249324485520e+00 -7.988058561042672423e-01 -1.323806577307502508e+00
-7.065174595443767025e+00 -6.583280568929137377e-01 -1.613874483504638135e+00
-6.613399058638616879e+00 -5.106575363742051898e-01 -1.935881344939052617e+00
-5.915839638909037745e+00 -3.557942945481413211e-01 -2.289827161610746842e+00
-4.972496336255028737e+00 -1.937383314147224644e-01 -2.675711933519720809e+00
-3.783369150676617387e+00 -2.448964697395228374e-02 -3.093535660665964748e+00
-2.348458082173754402e+00 1.519517587741766595e-01 -3.543298343049496424e+00
-6.677631307464615418e-01 3.355858858296605907e-01 -4.024999980670306954e+00
1.052964280930519303e+00 5.122407336000204259e-01 -4.478819155527494544e+00
2.607969786871572104e+00 6.677440987597751398e-01 -4.844933593864075405e+00
3.997253387074064079e+00 8.020959813087435997e-01 -5.123343295679283926e+00
5.220815081537997671e+00 9.152963812469258054e-01 -5.314048260973122773e+00
6.278654870263371102e+00 1.007345298574321868e+00 -5.417048489745591944e+00
7.170772753250183484e+00 1.078242733290931454e+00 -5.432343981996688775e+00
7.897168730498436595e+00 1.127988685396755120e+00 -5.359934737726415932e+00
8.457842802008130434e+00 1.156583154891792642e+00 -5.199820756934772525e+00
8.852794967779264113e+00 1.164026141776043577e+00 -4.952002039621757667e+00
9.082025227811836743e+00 1.150317646049508147e+00 -4.616478585787371358e+00
9.100593767215110930e+00 1.119868513825138079e+00 -4.238902412591781577e+00
8.863560771098349278e+00 1.077089591215883768e+00 -3.864925537195152749e+00
8.370926239461551788e+00 1.021980878221745659e+00 -3.494547959597485765e+00
7.622690172304715794e+00 9.545423748427237509e-01 -3.127769679798780178e+00
6.618852569627846627e+00 8.747740810788183774e-01 -2.764590697799035990e+00
5.359413431430938068e+00 7.826759969300287612e-01 -2.405011013598254088e+00
3.844372757713994115e+00 6.782481223963555683e-01 -2.049030627196433585e+00
2.073730548477014324e+00 5.614904574777983548e-01 -1.696649538593575146e+00
4.748680371999913774e-02 4.324030021743576202e-01 -1.347867747789677662e+00
-2.234358476551755235e+00 2.909857564863291834e-01 -1.002685254785196101e+00
-4.357495824287082264e+00 1.604140269046721301e-01 -6.966071622814137276e-01
-5.907621698121027443e+00 6.386278839818598785e-02 -4.651380650800390759e-01
-6.884736098053571673e+00 1.332040966871936294e-03 -3.082779631810752541e-01
-7.288839024084761142e+00 -2.717821538927302216e-02 -2.260268565845150457e-01
-7.119930476214570092e+00 -2.166798067024697239e-02 -2.183847452903627806e-01
-6.378010454442994970e+00 1.786274512395000236e-02 -2.853516292986184033e-01
-5.063078958770033999e+00 9.141396199331802697e-02 -4.269275086092821914e-01
-3.175135989195692510e+00 1.989856699378569349e-01 -6.431123832223539782e-01
-7.141815457199669481e-01 3.405778689575669205e-01 -9.339062531378334864e-01
2.319784371656206989e+00 5.161905590523974130e-01 -1.299309118355607806e+00
5.268000975920259954e+00 6.902695511373933002e-01 -1.659352900215558702e+00
7.471710621265534868e+00 8.272608256626284851e-01 -1.934069901373831391e+00
8.930913307692030401e+00 9.271643826281027456e-01 -2.123460121830425429e+00
9.645609035199747439e+00 9.899802220338161929e-01 -2.227523561585341927e+00
9.615797803788687759e+00 1.015708343879768716e+00 -2.246260220638580218e+00
8.841479613458870901e+00 1.004348748165960981e+00 -2.179670098990142968e+00
7.322654464210228475e+00 9.559014348923912108e-01 -2.027753196640021738e+00
5.059322356042889268e+00 8.703664040590637363e-01 -1.790509513588231405e+00
2.051483288956655215e+00 7.477436556659704525e-01 -1.467939049834750431e+00
-1.700862737030033545e+00 5.880331897139232655e-01 -1.060041805381523705e+00
-5.398362465348517603e+00 4.264405349628399566e-01 -6.511039904246247456e-01
-8.241677885682978655e+00 2.981705486892999302e-01 -3.254102075494004764e-01
-1.023080899803366606e+01 2.032232308932918063e-01 -8.296045675582189305e-02
-1.136575580240040750e+01 1.415985815748240784e-01 7.624526195608904988e-02
-1.164651829878330069e+01 1.132966007338913339e-01 1.522069485863470351e-01
-1.107309648718231898e+01 1.183172883704959738e-01 1.449246031349450958e-01
-9.645490367597417958e+00 1.566606444846385671e-01 5.439822560188234402e-02
-7.363699940028714863e+00 2.283266690763155471e-01 -1.193721840128330047e-01
-4.227725204476017851e+00 3.333153621455333671e-01 -3.763866257092158829e-01
-2.375661609439514987e-01 4.716267236921080630e-01 -7.166450994868219793e-01
3.840698068444049262e+00 6.125351637077698363e-01 -1.065825676259950061e+00
7.240995667415820236e+00 7.253153852043654481e-01 -1.349607135727346252e+00
9.963326635971652578e+00 8.099673881819042798e-01 -1.567989477889034200e+00
1.200769097411130915e+01 8.664911726403791148e-01 -1.720972702744995475e+00
1.337408868183497823e+01 8.948867385797953933e-01 -1.808556810295243622e+00
1.406251975914252839e+01 8.951540860001498956e-01 -1.830741800539770203e+00
1.407298420603402356e+01 8.672932149014429548e-01 -1.787527673478577661e+00
1.340548202250946908e+01 8.113041252836773465e-01 -1.678914429111670215e+00
1.206001320856879566e+01 7.271868171468474085e-01 -1.504902067439037427e+00
1.003657776421212944e+01 6.149412904909612454e-01 -1.265490588460695065e+00
7.915371488743025097e+00 4.948628989790213595e-01 -1.011343463237305729e+00
6.276590181465018681e+00 3.872469962740291427e-01 -7.931241628295283563e-01
5.120233842378259403e+00 2.920935823759943095e-01 -6.108326872373830430e-01
4.446302471482641572e+00 2.094026572849082557e-01 -4.644690364608531907e-01
4.254796068778225582e+00 1.391742210007784197e-01 -3.540332104999520113e-01
4.545714634264994558e+00 8.140827352359850111e-02 -2.795252093546696237e-01
5.319058167942924520e+00 3.610481485337367624e-02 -2.409450330250125782e-01
6.574826669812081192e+00 3.263844990099915369e-03 -2.382926815109774887e-01
8.313020139872355330e+00 -1.711463606621987238e-02 -2.715681548125645772e-01
1.053363857812389881e+01 -2.503062831558750673e-02 -3.407714529297768968e-01
1.265963777583096217e+01 -2.574160120713169311e-02 -4.171972079898050856e-01
1.411396802111932480e+01 -2.450507432926745874e-02 -4.721397783633147771e-01
1.489662931398557966e+01 -2.132104768202479697e-02 -5.055991640501377171e-01
1.500762165442979956e+01 -1.618952126540344066e-02 -5.175753650502772363e-01
1.444694504245197564e+01 -9.110495079403823498e-03 -5.080683813637320023e-01
1.321459947805205104e+01 -8.396912402533485142e-05 -4.770782129905010160e-01
1.131058496123014301e+01 1.089005660073123771e-02 -4.246048599305874971e-01
8.734901491986075683e+00 2.381158209486685523e-02 -3.506483221839863385e-01
5.487549070320083544e+00 3.868060735838038666e-02 -2.552085997507044235e-01
1.568527696231873492e+00 5.549713239127314346e-02 -1.382856926307330370e-01
-2.288323054420001057e+00 7.102002831426051932e-02 -2.167441614067637523e-02
-5.349149608815129575e+00 8.200810442806488743e-02 7.282999869729253617e-02
-7.613951966936548743e+00 8.846136073261157140e-02 1.452275518826694201e-01
-9.082730128784467283e+00 9.037979722790118187e-02 1.955182434154610072e-01
-9.755484094358745750e+00 8.776341391393349678e-02 2.237020732956625513e-01
-9.632213863659472963e+00 8.061221079070872431e-02 2.297790415232770500e-01
-8.712919436686586749e+00 6.892618785822622607e-02 2.137491480983029768e-01
-6.997600813440175038e+00 5.270534511648709147e-02 1.756123930207420247e-01
-4.486257993920077958e+00 3.194968256548981478e-02 1.153687762905906966e-01
-1.178890978142433710e+00 6.659200205337573869e-03 3.301829790828055000e-02
2.224787897276670368e+00 -1.871236571841703583e-02 -5.269754112970150700e-02
5.025079641499234917e+00 -3.971136390738037175e-02 -1.230375972879294982e-01
7.221984254525514402e+00 -5.633779436155430392e-02 -1.780018705664097034e-01
8.815501736355308537e+00 -6.859165708093735436e-02 -2.175903609651371751e-01
9.805632086988760321e+00 -7.647295206553061941e-02 -2.418030684841155353e-01
1.019237530642578449e+01 -7.998167931533337049e-02 -2.506399931233423972e-01
9.975731394666411234e+00 -7.911783883034595455e-02 -2.441011348828188154e-01
9.155700351710663654e+00 -7.388143061056846872e-02 -2.221864937625452618e-01
7.732282177558467140e+00 -6.427245465600037178e-02 -1.848960697625197658e-01
5.705476872212234873e+00 -5.029091096665439659e-02 -1.322298628828109390e-01
3.477657363540234581e+00 -3.401526412352151585e-02 -7.566627497347286346e-02
1.451192742108981193e+00 -1.752395888594235687e-02 -2.668359841871605770e-02
-3.739169920817036474e-01 -8.169952539154798354e-04 1.471816678146372313e-02
-1.997671839031660568e+00 1.610562677255764769e-02 4.853902062706284826e-02
-3.420071798741033398e+00 3.324390719347852102e-02 7.477896311808436558e-02
-4.641116871209693073e+00 5.059784600884562056e-02 9.343799425452589680e-02
-5.660807056437750617e+00 6.816744321866047285e-02 1.045161140363890934e-01
-6.479142354425114547e+00 8.595269882292154440e-02 1.080133224636730394e-01
-7.096122765171859470e+00 1.039536128216304173e-01 1.039296195363779568e-01
-7.511748288677926766e+00 1.221701852147854539e-01 9.226500525450424817e-02
-7.680620562984858957e+00 1.369059305039589669e-01 7.679146963418605198e-02
-7.557341226134153267e+00 1.444643631907226444e-01 6.128100269155679902e-02
-7.141910278125817690e+00 1.448454832750758203e-01 4.573360442661791175e-02
-6.434327718959819364e+00 1.380492907570185501e-01 3.014927483936798158e-02
-5.434593548636217797e+00 1.240757856365513889e-01 1.452801392980838935e-02
-4.142707767154924170e+00 1.029249679136730877e-01 -1.130178302062238849e-03
-2.558670374516055723e+00 7.459683758838561718e-02 -1.682530185624252911e-02
-6.824813707194721246e-01 3.909139466068636826e-02 -3.255735673273386227e-02
1.485859244234664978e+00 -3.591360869421494906e-03 -4.832634293153484362e-02
3.946351470346542101e+00 -5.345142900194170543e-02 -6.413226045264687480e-02
6.265736118499114049e+00 -1.010577230572656943e-01 -7.814624006456361016e-02
8.010749867681802527e+00 -1.369790664136735225e-01 -8.853939509427313781e-02
9.181392717891991850e+00 -1.612154590711082636e-01 -9.531172554176410572e-02
9.777664669129791264e+00 -1.737669010295722904e-01 -9.846323140703716614e-02
9.799565721395140372e+00 -1.746333922890643264e-01 -9.799391269009204153e-02
9.247095874688044503e+00 -1.638149328495844825e-01 -9.390376939092863473e-02
8.120255129008551620e+00 -1.413115227111337302e-01 -8.619280150954736208e-02
6.419043484356562246e+00 -1.071231618737100433e-01 -7.486100904594748806e-02
4.143460940732227371e+00 -6.124985033731653039e-02 -5.990839200013007432e-02
1.293507498135345379e+00 -3.691588101949055956e-03 -4.133495037209374001e-02
-1.559030986478026293e+00 5.359290246745849334e-02 -2.226253045247194098e-02
-3.842357750137593175e+00 9.864467091009510025e-02 -5.813038076742209348e-03
-5.556472792830152940e+00 1.314637172256848674e-01 8.013526755022969475e-03
-6.701376114555858798e+00 1.520500414142307577e-01 1.921716404282486704e-02
-7.277067715314606389e+00 1.604036434757307727e-01 2.779787378666245118e-02
-7.283547595106459660e+00 1.565245234101863281e-01 3.375565598653630650e-02
-6.720815753931380421e+00 1.404126812175962580e-01 3.709051064244649198e-02
-5.588872191789421962e+00 1.120681168979620612e-01 3.780243775439274395e-02
-3.887716908680483918e+00 7.149083045128123981e-02 3.589143732237509710e-02
-1.617349904618279544e+00 1.868082187787997728e-02 3.135750934641055865e-02
6.254970864084501425e-01 -3.217298668086835539e-02 2.494008274296032057e-02
2.244103712015906193e+00 -6.688194371224528978e-02 1.737857232518419046e-02
3.238469972204231162e+00 -8.544604921625387206e-02 8.672978093081488288e-03
3.608595866973335120e+00 -8.786530319289245772e-02 -1.176699953347012245e-03
3.354481396323252707e+00 -7.413970564216121328e-02 -1.217046181410219065e-02
2.476126560254005682e+00 -4.426925656406147103e-02 -2.430830748918305986e-02
9.735313587655172185e-01 1.746044041409572367e-03 -3.759023697859071450e-02
-1.153304208142079013e+00 6.390619617424767029e-02 -5.201625028232395587e-02
-3.904380140468974858e+00 1.422111998344584571e-01 -6.758634740038406419e-02
-7.279696438210692122e+00 2.366610550219200582e-01 -8.430052833275368529e-02
-1.053487322510788893e+01 3.270363447363854315e-01 -9.934340468986586903e-02
-1.292553772381383581e+01 3.931178448037152551e-01 -1.098996149316110449e-01
-1.445168993432873528e+01 4.349055552239150524e-01 -1.159691590579900455e-01
-1.511332985665245410e+01 4.523994759969813262e-01 -1.175520370690023853e-01
-1.491045749078505800e+01 4.455996071229156863e-01 -1.146482489646482583e-01
-1.384307283672655764e+01 4.145059486017185213e-01 -1.072577947449278590e-01
-1.191117589447686065e+01 3.591185004333872222e-01 -9.538067440984054901e-02
-9.114766664036142885e+00 2.794372626179266739e-01 -7.901688795938738297e-02
-5.453845145404145001e+00 1.754622351553297710e-01 -5.816643539356689679e-02
-9.284113385812027275e-01 4.719341804560578391e-02 -3.282931671238094318e-02
3.544183407658593410e+00 -7.863249338619368589e-02 -9.294344784312204982e-03
7.046587744541137788e+00 -1.752788038150166205e-01 6.149667522156346960e-03
9.578801672066113326e+00 -2.427455132408541938e-01 1.350272020702330752e-02
1.114082519023375539e+01 -2.810326216637128449e-01 1.276481327028937407e-02
1.173265829904391744e+01 -2.901401290835888824e-01 3.935946711954595167e-03
1.135430099849665098e+01 -2.700680355004830835e-01 -1.298387946798183756e-02
1.000575328859199686e+01 -2.208163409143973910e-01 -3.799466526951837675e-02
7.687015169329835196e+00 -1.423850453253274195e-01 -7.109641069265727753e-02
4.398086640710360484e+00 -3.477414873327983047e-02 -1.122891157373955978e-01
1.389677027332947290e-01 1.020163488617544800e-01 -1.615727804037369597e-01
-4.123341508119500176e+00 2.372078361209159492e-01 -2.080278678978669249e-01
-7.421831633307429676e+00 3.400214081767810592e-01 -2.407347372888507531e-01
-9.756502672824705513e+00 4.104570650291654577e-01 -2.596933885766232741e-01
-1.112735462667153641e+01 4.485148066780760834e-01 -2.649038217611863755e-01
-1.153438749484779535e+01 4.541946331235090506e-01 -2.563660368425396130e-01
-1.097760127735352143e+01 4.274965443654648034e-01 -2.340800338206820430e-01
-9.456995974188764364e+00 3.684205404039458953e-01 -1.980458126956157472e-01
-6.972571585353392720e+00 2.769666212389470528e-01 -1.482633734673375059e-01
-3.524328110847621431e+00 1.531347868704764914e-01 -8.473271613585178774e-02
8.877344493288514826e-01 -3.074962701477002014e-03 -7.453840701152958381e-03
5.323766190286354671e+00 -1.594123711798685894e-01 6.812121308161972477e-02
8.843899280814813579e+00 -2.836265671391917098e-01 1.265401107313144924e-01
1.144813372089255132e+01 -3.757175505787019865e-01 1.678028522475747963e-01
1.313646951051979883e+01 -4.356853214984078848e-01 1.919094376304043004e-01
1.390890664969639978e+01 -4.635298798983035762e-01 1.988598668798008395e-01
1.376544513842245543e+01 -4.592512257783929464e-01 1.886541399957659959e-01
1.270608497669789472e+01 -4.228493591386732198e-01 1.612922569782979099e-01
1.073082616452281357e+01 -3.543242799791480602e-01 1.167742178273993570e-01
7.839668701897037018e+00 -2.536759882998111393e-01 5.510002254306603509e-02
4.032612588837947598e+00 -1.209044841012013594e-01 -2.373032887434719379e-02
6.285587183469482087e-02 2.067844869259753346e-02 -1.043627808606250734e-01
-3.316417768547164080e+00 1.477614707886395762e-01 -1.714435707030668721e-01
-6.105208332307920926e+00 2.603445821869361243e-01 -2.249726984016787168e-01
-8.303515819447335744e+00 3.584277828874771199e-01 -2.649501639564557642e-01
-9.911340229965595938e+00 4.420110728902711950e-01 -2.913759673674015116e-01
-1.092868156386256473e+01 5.110944521953111330e-01 -3.042501086345135719e-01
-1.135553982113832916e+01 5.656779208026028183e-01 -3.035725877577932219e-01
-1.119191500179285370e+01 6.057614787121416988e-01 -2.893434047372405726e-01
-1.043780710582612237e+01 6.313451259239311053e-01 -2.615625595728542363e-01
-9.093216133240133559e+00 6.424288624379783652e-01 -2.202300522645938563e-01
-7.497755194673676904e+00 6.406949290755387105e-01 -1.578220731357352080e-01
-5.991034161984010176e+00 6.278255506148729959e-01 -6.681488426173350093e-02
-4.573053035170997482e+00 6.038207270559801110e-01 5.279151435741935572e-02
-3.243811814234768498e+00 5.686804583988618322e-01 2.009971227217126621e-01
-2.003310499175202875e+00 5.224047446435157172e-01 3.778019408311596994e-01
-8.515490899924118562e-01 4.649935857899453184e-01 5.832059686857445913e-01
2.114724133137089179e-01 3.964469818381456401e-01 8.172092062854857675e-01
1.185754010743062192e+00 3.167649327881230104e-01 1.079811653630362356e+00
2.071295702295736785e+00 2.259474386398701573e-01 1.371013310720397449e+00
2.868097487971652981e+00 1.239944993933951023e-01 1.690814177555565623e+00
3.540819748349143037e+00 2.282303747609376945e-02 1.992810557690400719e+00
4.054122864006518334e+00 -6.565002468463800034e-02 2.230598754679433693e+00
4.408006834943730468e+00 -1.414246870887921059e-01 2.404178768522641896e+00
4.602471661160816296e+00 -2.045009497363755868e-01 2.513550599220043313e+00
4.637517342657753616e+00 -2.548788126273826560e-01 2.558714246771626843e+00
4.513143879434546868e+00 -2.925582757618177543e-01 2.539669711177396039e+00
4.229351271491209374e+00 -3.175393391396777454e-01 2.456416992437353564e+00
3.786139518827712713e+00 -3.298220027609646277e-01 2.308956090551491869e+00
3.183508621444095965e+00 -3.294062666256774019e-01 2.097287005519823389e+00
2.421458579340309392e+00 -3.162921307338160681e-01 1.821409737342330137e+00
1.603565592849238941e+00 -2.803191750925997372e-01 1.534705953678093815e+00
8.334068500862052975e-01 -2.113268828116378617e-01 1.290557831274922407e+00
1.109823510518656020e-01 -1.093152538908789828e-01 1.088965370133140098e+00
-5.637079042538457596e-01 2.571571166968594779e-02 9.299285702527295694e-01
-1.190663915830867392e+00 1.937660138700450507e-01 8.134474316337048094e-01
-1.769885683679255806e+00 3.948356527102132585e-01 7.395219542760554932e-01
-2.301373207798959264e+00 6.289246281901725855e-01 7.081521381797880599e-01
-2.785126488190024396e+00 8.960329403099439594e-01 7.193379833448998451e-01
-3.221145524852409459e+00 1.196160589069503510e+00 7.730794897713898495e-01
-3.609430317786152642e+00 1.529307574468877995e+00 8.693766574592627361e-01
-3.838020362757713855e+00 1.843876132772437781e+00 9.323634371381385177e-01
-3.794953020043731584e+00 2.088267516089502784e+00 8.861723324989709827e-01
-3.480228289641665196e+00 2.262481724418878404e+00 7.308033435400396183e-01
-2.893846171551486712e+00 2.366518757760579739e+00 4.662564702613307688e-01
-2.035806665773244983e+00 2.400378616114597907e+00 9.253171266286752683e-02
-9.061097723069231336e-01 2.364061299480938683e+00 -3.903709292553592114e-01
4.952445088474806134e-01 2.257566807859601621e+00 -9.824514554933496679e-01
2.168256177690123909e+00 2.080895141250569402e+00 -1.683709866051171122e+00
4.112925234220711879e+00 1.834046299653872003e+00 -2.494146160928698119e+00
6.329251678431626615e+00 1.517020283069948405e+00 -3.413760340121833714e+00
8.476142515100375974e+00 1.149647487732360363e+00 -4.259797737462791112e+00
1.021251125475185084e+01 7.517579316448033122e-01 -4.849507172506729802e+00
1.153835789738574569e+01 3.233516148073476981e-01 -5.182888645253545867e+00
1.245368244300223104e+01 -1.355714627800406191e-01 -5.259942155703301481e+00
1.295848489160131223e+01 -6.250113011173612509e-01 -5.080667703855999306e+00
1.305276524318297149e+01 -1.144967900204661770e+00 -4.645065289711586942e+00
1.273652349774719461e+01 -1.695441260041850473e+00 -3.953134913270141659e+00
1.200975965529401357e+01 -2.276431380628971102e+00 -3.004876574531639033e+00
1.087247371582341948e+01 -2.887938261966024989e+00 -1.800290273496075955e+00
9.324665679394648521e+00 -3.529961904025285868e+00 -3.393760102274838708e-01
7.656546116507799482e+00 -4.066729399924683186e+00 1.064264991342525724e+00
6.158308992333734189e+00 -4.362475611464769365e+00 2.097049450982845897e+00
4.829954306872451752e+00 -4.417200538645543517e+00 2.758977368693477761e+00
3.671482060123854474e+00 -4.230904181466981662e+00 3.050048744474431306e+00
2.682892252088150631e+00 -3.803586539929115773e+00 2.970263578325654130e+00
1.864184882765228757e+00 -3.135247614031937857e+00 2.519621870247188422e+00
1.215359952155089074e+00 -2.225887403775449247e+00 1.698123620239034182e+00
7.364174602576967210e-01 -1.075505909159538032e+00 5.057688283010692842e-01
4.273574070731364083e-01 3.158968698155923960e-01 -1.057442505566493551e+00
2.881797926013582867e-01 1.948320933150033962e+00 -2.991510381363744919e+00
3.306432706284437861e-01 3.523393488620070624e+00 -4.959437614492798296e+00
5.665064949404742256e-01 4.742741744001989446e+00 -6.624227020355772488e+00
9.957694655374962345e-01 5.606365699295850824e+00 -7.985878598952769636e+00
1.618432182419434096e+00 6.114265354501501548e+00 -9.044392350283553483e+00
2.434494645586316786e+00 6.266440709619032212e+00 -9.799768274348252817e+00
3.443956855038143861e+00 6.062891764648444592e+00 -1.025200637114686941e+01
4.646818810775032560e+00 5.503618519589672964e+00 -1.040110664067940505e+01
6.043080512796766612e+00 4.588620974442817690e+00 -1.024706908294583130e+01
7.632741961103446826e+00 3.317899129207843689e+00 -9.789893697946178364e+00
9.415803155695073201e+00 1.691452983884750516e+00 -9.029580485680440916e+00
1.102197371363810419e+01 1.479047176474672029e-02 -8.077381361775705315e+00
1.208094206343399968e+01 -1.406562992243718391e+00 -7.044554607858839468e+00
1.259270820500714727e+01 -2.572607408078284585e+00 -5.931100223952525674e+00
1.255727213835755052e+01 -3.483342775738953456e+00 -4.737018210056765710e+00
1.197463386348513303e+01 -4.138769095225769412e+00 -3.462308566171441448e+00
1.084479338038999430e+01 -4.538886366538617878e+00 -2.106971292296781595e+00
9.167750689072111214e+00 -4.683694589677570796e+00 -6.710063884326737949e-01
6.943505789531478456e+00 -4.573193764642621950e+00 8.455861454208792871e-01
4.172058681767831345e+00 -4.207383891433733147e+00 2.442806309264024200e+00
8.534093657816583800e-01 -3.586264970050967005e+00 4.120654103096477172e+00
-2.474149925345558110e+00 -2.878504274679620334e+00 5.691948469171918212e+00
-5.272316691361411678e+00 -2.252772296597124413e+00 6.969504779527275318e+00
-7.541090932253838197e+00 -1.709069035807268211e+00 7.953323034158365168e+00
-9.280472648022435322e+00 -1.247394492310148761e+00 8.643403233065015456e+00
-1.049046183866742865e+01 -8.677486661057143280e-01 9.039745376247321218e+00
-1.117105850418881907e+01 -5.701315571939647997e-01 9.142349463705292223e+00
-1.132226264458660658e+01 -3.545431655749001765e-01 8.951215495438919589e+00
-1.094407425986073079e+01 -2.209834912485124092e-01 8.466343471448148250e+00
-1.003649335001126097e+01 -1.694525342148250069e-01 7.687733391733068800e+00
-8.599519915046190732e+00 -1.999502944727170883e-01 6.615385256298324634e+00
-6.985047590038758969e+00 -2.638575438609501722e-01 5.454929959920303162e+00
-5.544963298311690103e+00 -3.125559815443094691e-01 4.411994475328691934e+00
-4.279267039865240818e+00 -3.460456075227865691e-01 3.486578802523676135e+00
-3.187958814699272114e+00 -3.643264217963863016e-01 2.678682941505156290e+00
-2.271038622813786656e+00 -3.673984243651087778e-01 1.988306892273134840e+00
-1.528506464208726046e+00 -3.552616152289521656e-01 1.415450654827564270e+00
-9.603623388842212893e-01 -3.279159943879185746e-01 9.601142291685470509e-01
-5.666062468401996677e-01 -2.853615618420077826e-01 6.222976152960272289e-01
-3.472381880766602369e-01 -2.275983175912195677e-01 4.020008132100043596e-01
-3.022581625609511713e-01 -1.546262616379096566e-01 2.992238228890966578e-01
-2.720806510367981823e-01 -7.799177698025226702e-02 2.094949116534792488e-01
-9.712926544537597850e-02 -9.240585953056405441e-03 2.834832450864782638e-02
2.225959942133153291e-01 5.162731144367792291e-02 -2.442159385453976927e-01
6.870951279393235911e-01 1.046119152099551364e-01 -6.081978775086935851e-01
1.296368135732565818e+00 1.497132253457657824e-01 -1.063597492381175513e+00
2.050415017593077316e+00 1.869312418511149265e-01 -1.610414783162871233e+00
2.949235773520857862e+00 2.162659647260024853e-01 -2.248649749853781188e+00
3.992830403516007376e+00 2.377173939704301797e-01 -2.978302392453973990e+00
5.181198907578338009e+00 2.512855295843940406e-01 -3.799372710963319744e+00
6.514341285707939910e+00 2.569703715678964273e-01 -4.711860705381880621e+00
7.787410164936367174e+00 2.538099616348722387e-01 -5.569214147870724219e+00
8.795558172295177002e+00 2.408423414992565126e-01 -6.224880810590922131e+00
9.538785307784426237e+00 2.180675111610468064e-01 -6.678860693542506333e+00
1.001709157140398609e+01 1.854854706202471726e-01 -6.931153796725395111e+00
1.023047696315392585e+01 1.430962198768559457e-01 -6.981760120139637316e+00
1.017894148303424906e+01 9.089975893087320902e-02 -6.830679663785233835e+00
9.862485131044918418e+00 2.889608778229291186e-02 -6.477912427662144701e+00
9.281107907185988992e+00 -4.291479356887376029e-02 -5.923458411770432974e+00
8.434809811457441242e+00 -1.245328851226319977e-01 -5.167317616110073786e+00
7.323590843859279609e+00 -2.159581868789818559e-01 -4.209490040681068912e+00
6.100847009793174180e+00 -3.037093828002831453e-01 -3.186420693071674304e+00
4.919983092207933950e+00 -3.743043854279857197e-01 -2.234562388456002857e+00
3.780999091134841450e+00 -4.277431947593391959e-01 -1.353915126861884310e+00
2.683895006573896236e+00 -4.640258107943439070e-01 -5.444789082893181087e-01
1.628670838525005937e+00 -4.831522335330004636e-01 1.937462672617576986e-01
6.153265869883579597e-01 -4.851224629753055906e-01 8.607603997912118832e-01
-3.561377480361436199e-01 -4.699364991212618414e-01 1.456563489299114167e+00
-1.285722166548497913e+00 -4.375943419708690496e-01 1.981155535785463329e+00
-2.173426668548782192e+00 -3.880959915241221636e-01 2.434536539250297338e+00
-3.019251254036839249e+00 -3.214414477810300097e-01 2.816706499693535370e+00
-3.721439216082062629e+00 -2.528352961170138857e-01 3.100957664792111323e+00
-4.178231906887049263e+00 -1.974824119136779355e-01 3.260581772809933110e+00
-4.389629326449489000e+00 -1.553827951713646072e-01 3.295578823746390995e+00
-4.355631474769346312e+00 -1.265364458900813949e-01 3.205948817601478762e+00
-4.076238351846653174e+00 -1.109433640698240103e-01 2.991691754375206180e+00
-3.551449957681406477e+00 -1.086035497105924119e-01 2.652807634067570586e+00
-2.781266292273607110e+00 -1.195170028123865857e-01 2.189296456678574643e+00
-1.765687355623156041e+00 -1.436837233752093212e-01 1.601158222208159287e+00
-5.047131477302291280e-01 -1.811037113990562886e-01 8.883929306564293249e-01
1.001656331398798283e+00 -2.317769668836454355e-01 5.100058202672217572e-02
2.469724541555327946e+00 -2.832303160385611362e-01 -7.621606756028660445e-01
3.615800353541952283e+00 -3.229908229771801254e-01 -1.402235533360898234e+00
4.439883767358469235e+00 -3.510584876994952697e-01 -1.869223991247263239e+00
4.941974783004992489e+00 -3.674333102055104550e-01 -2.163126049262023010e+00
5.122073400481525596e+00 -3.721152904952260698e-01 -2.283941707405179322e+00
4.980179619788039247e+00 -3.651044285686405599e-01 -2.231670965676719742e+00
4.516293440924558311e+00 -3.464007244257553686e-01 -2.006313824076651819e+00
3.730414863891086785e+00 -3.160041780665704958e-01 -1.607870282604980661e+00
2.622543888687621116e+00 -2.739147894910858305e-01 -1.036340341261705378e+00
1.192680515377734229e+00 -2.201325587016152163e-01 -2.917240000805093048e-01
-2.478265322806941784e-01 -1.659913845811778199e-01 4.610091759025808922e-01
-1.387646345346251975e+00 -1.228245175073926915e-01 1.056899060914652244e+00
-2.226778923818939049e+00 -9.063195748025988652e-02 1.495945654955704640e+00
-2.765224267698792815e+00 -6.941370449977787849e-02 1.778148958025757009e+00
-3.002982376985714019e+00 -5.916975856595055316e-02 1.903508970124758060e+00
-2.940053251679765722e+00 -5.990011967877548194e-02 1.872025691252740209e+00
-2.576436891780947036e+00 -7.160478783825266480e-02 1.683699121409703903e+00
-1.912133297289185574e+00 -9.428376304438465527e-02 1.338529260595610282e+00
-9.471424682046016841e-01 -1.279370452971673178e-01 8.365161088105224074e-01
3.185355954728530392e-01 -1.725646345966022899e-01 1.776596660544156325e-01
1.682877463489429681e+00 -2.261917736347508201e-01 -5.298335567057064210e-01
2.943859705591377995e+00 -2.868437051036742957e-01 -1.177757048502838799e+00
4.101482321778799012e+00 -3.545204290033789896e-01 -1.766110809337031906e+00
5.155745312051485563e+00 -4.292219453338529389e-01 -2.294894839208181825e+00
6.106648676409544230e+00 -5.109482540951019169e-01 -2.764109138116342734e+00
6.954192414852975901e+00 -5.996993552871255906e-01 -3.173753706061513302e+00
7.698376527381842749e+00 -6.954752489099331747e-01 -3.523828543043723727e+00
8.339201013996012435e+00 -7.982759349635074608e-01 -3.814333649062912279e+00
8.876665874695554237e+00 -9.081014134478565536e-01 -4.045269024119111378e+00
9.310771109480469931e+00 -1.024951684362980675e+00 -4.216634668212321024e+00
9.517717000641884084e+00 -1.122547942968433521e+00 -4.279761129402371189e+00
9.373696746467526708e+00 -1.174609880811583462e+00 -4.185976170810895347e+00
8.878710346932095376e+00 -1.181137497887063237e+00 -3.935279792427948120e+00
8.032757802035593642e+00 -1.142130794194873511e+00 -3.527671994253527732e+00
6.835839111777900712e+00 -1.057589769735004293e+00 -2.963152776287578227e+00
5.287954276159219091e+00 -9.275144245074706806e-01 -2.241722138530199082e+00
3.389103295179470621e+00 -7.519047585122675681e-01 -1.363380080981347664e+00
1.139286168838645530e+00 -5.307607717493941779e-01 -3.281266036410230846e-01
-1.461497102863495101e+00 -2.640824642188256410e-01 8.640382934908847901e-01
-4.413246519926493860e+00 4.813016407939130215e-02 2.213114610414168126e+00
-7.205292812046681483e+00 3.461575163685575718e-01 3.484107774391036028e+00
-9.326956968618805632e+00 5.702788568042547190e-01 4.442018730491131606e+00
-1.077823898963135463e+01 7.204941853851346556e-01 5.086847478709155546e+00
-1.155913887508407178e+01 7.968035021111712357e-01 5.418594019044993715e+00
-1.166965662497711520e+01 7.992068069823810017e-01 5.437258351498718056e+00
-1.110979223931048310e+01 7.277040999987633985e-01 5.142840476070325906e+00
-9.879545718084177253e+00 5.822953811603192031e-01 4.535340392759819039e+00
-7.978917061297998714e+00 3.629806504670254341e-01 3.614758101567102866e+00
-5.407906268952285878e+00 6.975990791892061615e-02 2.381093602492338590e+00
-2.166513341062870079e+00 -2.973668464821295765e-01 8.343468955430206613e-01
1.042786726349592685e+00 -6.556360357737101019e-01 -6.929421668209653218e-01
3.517532335736121230e+00 -9.222856615626735532e-01 -1.868240074750955104e+00
5.257723487096281900e+00 -1.097315723848973468e+00 -2.691546828246742962e+00
6.263360180430321833e+00 -1.180726222632636713e+00 -3.162862427308445135e+00
6.534442415738246801e+00 -1.172517157913664398e+00 -3.282186871936064954e+00
6.070970193019975980e+00 -1.072688529692042536e+00 -3.049520162129563783e+00
4.872943512275593747e+00 -8.812403379677888893e-01 -2.464862297888983811e+00
2.940362373505096549e+00 -5.981725827408996832e-01 -1.528213279214321485e+00
2.732267767084781696e-01 -2.234852640113740296e-01 -2.395731061055732525e-01
-3.128463277955406241e+00 2.428216182002143342e-01 1.401058221361860090e+00
-6.486785286941585404e+00 6.999841156771480222e-01 3.024437515531420484e+00
-9.023861258037742417e+00 1.047244045735399531e+00 4.261342716180562817e+00
-1.073969119124387817e+01 1.284601408374969056e+00 5.111773823309284204e+00
-1.163427508656003617e+01 1.412056203595863479e+00 5.575730836917613509e+00
-1.170761294398605834e+01 1.429608431398059931e+00 5.653213757005466356e+00
-1.095970476352205480e+01 1.337258091781574176e+00 5.344222583572896923e+00
-9.390550545168036223e+00 1.135005184746407103e+00 4.648757316619911428e+00
-7.000150288923741471e+00 8.228497102925251827e-01 3.566817956146393076e+00
-3.788503994789605755e+00 4.007916684199843704e-01 2.098404502152535045e+00
2.443883372345521110e-01 -1.311689408712382043e-01 2.435169546382587313e-01
4.275148102025567276e+00 -6.601197502160416342e-01 -1.610352741838468216e+00
7.480396694460273999e+00 -1.073148392249324790e+00 -3.075712642719674594e+00
9.860134114538851691e+00 -1.370254866971109431e+00 -4.152562748005443005e+00
1.141436036226087225e+01 -1.551439174381342490e+00 -4.840903057695578937e+00
1.214307543762658703e+01 -1.616701314480055052e+00 -5.140733571790194745e+00
1.204627934063599071e+01 -1.566041287267247784e+00 -5.052054290289293093e+00
1.112397207128896781e+01 -1.399459092742900257e+00 -4.574865213192811808e+00
9.376153629585687099e+00 -1.116954730907042004e+00 -3.709166340500838821e+00
6.802824015526096169e+00 -7.185282017596636983e-01 -2.454957672213345266e+00
3.403983229110198572e+00 -2.041795053007653404e-01 -8.122392083303342503e-01
-1.577573098228795823e-01 3.277356579760024591e-01 8.960333759400890274e-01
-3.219748265825436828e+00 7.788559595178727868e-01 2.346885925386912319e+00
-5.781989638762209616e+00 1.149181399304768370e+00 3.540318439944205586e+00
-7.844481428633203635e+00 1.438711977336690762e+00 4.476330919611971382e+00
-9.407223635438532128e+00 1.647447693613653730e+00 5.154923364390259444e+00
-1.047021625917791710e+01 1.775388548135620193e+00 5.576095774278946315e+00
-1.103345929985152374e+01 1.822534540902613021e+00 5.739848149278106604e+00
-1.109695275745934673e+01 1.788885671914631104e+00 5.646180489387737644e+00
-1.066069663200132744e+01 1.674441941171661563e+00 5.295092794607798581e+00
-9.724690923477542270e+00 1.479203348673724605e+00 4.686585064938351586e+00
-8.557844717071574792e+00 1.254338510480922819e+00 3.979272261875680616e+00
-7.429072227031338294e+00 1.051017018623078281e+00 3.331772372274411254e+00
-6.338373453362849297e+00 8.692388731013395153e-01 2.744085396138100208e+00
-5.285748396066301424e+00 7.090040739157382754e-01 2.216211333466852285e+00
-4.271197055141598753e+00 5.703126210662579076e-01 1.748150184260611528e+00
-3.294719430588737730e+00 4.531645145528982455e-01 1.339901948519379049e+00
-2.356315522407721907e+00 3.575597543756592334e-01 9.914666262431542920e-01
-1.455985330598470684e+00 2.834983405345354313e-01 7.028442174319146085e-01
-5.937288551611445975e-01 2.309802730295398843e-01 4.740347220857108468e-01
2.304539039021241409e-01 2.000055518604960669e-01 3.050381402043507162e-01
9.192013864342176710e-01 1.831427804652982494e-01 1.886159648348463003e-01
1.375153889278075914e+00 1.729607040226216197e-01 1.175298270859587435e-01
1.598311412433619072e+00 1.694593225324679542e-01 9.177972695770039713e-02
1.588673955900895773e+00 1.726386359948360871e-01 1.113656644500631288e-01
1.346241519679909127e+00 1.824986444097260463e-01 1.762876395630468274e-01
8.710141037706045086e-01 1.990393477771394970e-01 2.865456522966632336e-01
1.629917081730667405e-01 2.222607460970736082e-01 4.421397026508930295e-01
-7.778256671127357080e-01 2.521628393695295456e-01 6.430697906257437646e-01
-1.951438022086803503e+00 2.887456275945071704e-01 8.893359162212155500e-01
-3.357845356691019134e+00 3.320091107700255395e-01 1.180938079425030374e+00
-4.712375016103076852e+00 3.722515681157532175e-01 1.457740247849051762e+00
-5.730370633960275129e+00 3.997718339664497744e-01 1.659609829981240070e+00
-6.411832210262611298e+00 4.145699083221152104e-01 1.786546825821595741e+00
-6.756759745010104012e+00 4.166457911827493032e-01 1.838551235370120329e+00
-6.765153238202691988e+00 4.059994825483515535e-01 1.815623058626804065e+00
-6.437012689840416968e+00 3.826309824189226272e-01 1.717762295591655164e+00
-5.772338099923282506e+00 3.465402907944626909e-01 1.544968946264672960e+00
-4.771129468451183797e+00 2.977274076749667486e-01 1.297243010645833472e+00
-3.433386795424298477e+00 2.361923330604434601e-01 9.745844887351794439e-01
-1.759110080842552826e+00 1.619350669508891893e-01 5.769933805326932230e-01
5.428104281082063443e-05 8.859545266709321909e-02 1.674282469160304210e-01
1.592459895980547380e+00 2.981333352984524496e-02 -1.911523512371523792e-01
3.018106763970779483e+00 -1.441129046085818863e-02 -4.987484139268805183e-01
4.276994885013251313e+00 -4.407841930500911581e-02 -7.553599411530989016e-01
5.369124259108098762e+00 -5.918805300261215097e-02 -9.609869329158373663e-01
6.294494886255319166e+00 -5.974019155366727674e-02 -1.115629389215095468e+00
7.053106766454973808e+00 -4.573483495817255717e-02 -1.219287310050880979e+00
7.644959899706930351e+00 -1.717198321613067069e-02 -1.271960695423175025e+00
8.070054286011258071e+00 2.594836367245925701e-02 -1.273649545331989152e+00
8.328389925367963187e+00 8.362620570759701777e-02 -1.224353859777323139e+00
8.515681314772605148e+00 1.593747216464048710e-01 -1.127298916930688621e+00
8.727648428146096649e+00 2.567072912752799141e-01 -9.857101795188224491e-01
8.964291265508038009e+00 3.756239145949468172e-01 -7.995876475423782104e-01
9.225609826858431006e+00 5.161245916054059135e-01 -5.689313210013557942e-01
9.511604112197302285e+00 6.782093223066720800e-01 -2.937411998957287773e-01
9.822274121524600332e+00 8.618781066987168948e-01 2.598271577445399050e-02
1.015761985484035002e+01 1.067130944781553570e+00 3.902404260092149357e-01
1.051764131214455134e+01 1.293967836555182327e+00 7.990319308085538363e-01
1.090233849343723804e+01 1.542388782019626037e+00 1.252357230172513214e+00
1.131171139871834441e+01 1.812393781174840512e+00 1.750216324101012688e+00
1.160682996236004350e+01 2.059061737333137465e+00 2.233451258542703766e+00
1.164876146883798569e+01 2.237470696999780628e+00 2.642902951091052000e+00
1.143750591814898065e+01 2.347620660173754814e+00 2.978571401744738445e+00
1.097306331029306747e+01 2.389511626855040927e+00 3.240456610503703594e+00
1.025543364527023904e+01 2.363143597043652289e+00 3.428558577367979865e+00
9.284616923080491802e+00 2.268516570739587568e+00 3.542877302337568590e+00
8.060613143723831087e+00 2.105630547942847652e+00 3.583412785412469326e+00
6.583422307200112122e+00 1.874485528653409006e+00 3.550165026592674966e+00
4.853044413509595145e+00 1.575081512871312039e+00 3.443134025878191729e+00
2.869479462656695290e+00 1.207418500597625233e+00 3.262319783269516993e+00
8.320504364287801824e-01 8.192292082444971868e-01 3.029525230462929208e+00
-1.059923485121243347e+00 4.582454418066737589e-01 2.766552883302219268e+00
-2.806442301993039123e+00 1.244672012842186204e-01 2.473402741787434245e+00
-4.407506014186782117e+00 -1.821055133229008416e-01 2.150074805918551490e+00
-5.863114621702472107e+00 -4.614727020146850434e-01 1.796569075695571893e+00
-7.173268124540218338e+00 -7.136343647911550514e-01 1.412885551118459482e+00
-8.337966522699788996e+00 -9.385905016522659849e-01 9.990242321872825348e-01
-9.357209816181306650e+00 -1.136341112598041603e+00 5.549851189020084119e-01
-1.023099800498477308e+01 -1.306886197628482016e+00 8.076821126263711292e-02
-1.095933108909529707e+01 -1.450225756742581806e+00 -4.236264907177277328e-01
-1.146917061007285987e+01 -1.561391120762581686e+00 -8.939348018344421831e-01
-1.168748228860736127e+01 -1.635413904809110308e+00 -1.265896213964526229e+00
-1.161426612469880126e+01 -1.672294108882167452e+00 -1.539510727107979315e+00
-1.124952211834713900e+01 -1.672031732981751562e+00 -1.714778341264814099e+00
-1.059325026955243487e+01 -1.634626777107862416e+00 -1.791699056434998605e+00
-9.645450578314671120e+00 -1.560079241260502014e+00 -1.770272872618551707e+00
-8.406123044633844188e+00 -1.448389125439670133e+00 -1.650499789815475404e+00
-6.875267668509811081e+00 -1.299556429645351896e+00 -1.432379808025744161e+00
-5.052884449942839140e+00 -1.113581153877573726e+00 -1.115912927249398390e+00
-2.938973388932808462e+00 -8.904632981363240773e-01 -7.010991474864215478e-01
-9.014431497789644476e-01 -6.647167992899316591e-01 -2.779278252821557604e-01
6.917976032194406155e-01 -4.708555942067252365e-01 6.361168281805720803e-02
1.840748870062493214e+00 -3.088796828866915978e-01 3.235193768142377024e-01
2.545410650749986736e+00 -1.787890653298597754e-01 5.017952567063389546e-01
2.805782945282044416e+00 -8.058374153621383762e-02 5.984393224943880263e-01
2.621865753658664477e+00 -1.426371150575385383e-02 6.134515741783843623e-01
1.993659075879772313e+00 2.017102476152178581e-02 5.468320117583187479e-01
9.211629119454807224e-01 2.272046726560711383e-02 3.985806352342032843e-01
-5.956227381442493751e-01 -6.615383993493512138e-03 1.686974446060353072e-01
-2.556697874389414871e+00 -6.783652901578005046e-02 -1.428175601261850725e-01
-4.460546697416672757e+00 -1.403714842865643742e-01 -4.570403082039515286e-01
-5.805624710374742925e+00 -2.036475891603590216e-01 -6.950422127163573549e-01
-6.591931913161188206e+00 -2.576648436329609937e-01 -8.568232736472823907e-01
-6.819468305776009487e+00 -3.024232477043704015e-01 -9.423834909967272466e-01
-6.488233888219152590e+00 -3.379228013745899095e-01 -9.517228647646889250e-01
-5.598228660490675246e+00 -3.641635046436131895e-01 -8.848413949511657606e-01
-4.149452622590574791e+00 -3.811453575114438497e-01 -7.417390815561624162e-01
-2.141905774518848560e+00 -3.888683599780819455e-01 -5.224159245796782258e-01
4.244118837247521370e-01 -3.873325120435268665e-01 -2.268719240216838795e-01
3.549500352139776105e+00 -3.765378137077789455e-01 1.448929201177677761e-01
6.679296319021434947e+00 -3.412542563307173205e-01 5.548942270644633412e-01
9.259725904682785114e+00 -2.662515407811293366e-01 9.651468915452823261e-01
1.129078910911138856e+01 -1.515296670586565864e-01 1.375650913559397504e+00
1.277248593230688201e+01 2.911364836680585544e-03 1.786406293106736598e+00
1.370481637426947330e+01 1.970715549048905335e-01 2.197413030187335359e+00
1.408778043499915711e+01 4.309509031459731743e-01 2.608671124801194008e+00
1.392137811449593876e+01 7.045494095599287299e-01 3.020180576948312545e+00
1.320560941275972766e+01 1.017867074146786344e+00 3.431941386628727830e+00
1.194047432979064993e+01 1.370903896906491060e+00 3.843953553842365700e+00
1.012597286559935306e+01 1.763659877837732592e+00 4.256217078586838731e+00
8.232024153585943083e+00 2.137375373173591608e+00 4.562007580937547324e+00
6.728538364271801520e+00 2.433291859883735864e+00 4.654602716549197439e+00
5.615515497657201038e+00 2.651409337968111846e+00 4.534002485421771311e+00
4.892955553741986208e+00 2.791727807426749308e+00 4.200206887555288482e+00
4.560858532526160580e+00 2.854247268259649140e+00 3.653215922949748951e+00
4.619224434009743696e+00 2.838967720466805567e+00 2.893029591605072781e+00
5.068053258192727561e+00 2.745889164048221698e+00 1.919647893521397197e+00
5.907345005075098854e+00 2.575011599003899310e+00 7.330708286986657995e-01
7.137099674656858461e+00 2.326335025333838402e+00 -6.667016028631249647e-01
8.757317266837837622e+00 1.999859443044032181e+00 -2.279669401116085847e+00
1.027770686238848263e+01 1.625028903878819042e+00 -3.871070098470173360e+00
1.120800559564755972e+01 1.231285774846571979e+00 -5.206154660023515568e+00
1.154821346661506531e+01 8.186300559472904359e-01 -6.284923085776109808e+00
1.129833047529095147e+01 3.870617471809353338e-01 -7.107375375728022249e+00
1.045835662167526792e+01 -6.341915145241627805e-02 -7.673511529879101900e+00
9.028291905768011105e+00 -5.328126399528024804e-01 -7.983331548229436692e+00
7.008136327569182811e+00 -1.021118718320222607e+00 -8.036835430779024847e+00
4.397889887078527238e+00 -1.528337386554723398e+00 -7.834023177527838833e+00
1.197552584296508016e+00 -2.054468644656213705e+00 -7.374894788475912399e+00
-2.592875580777080913e+00 -2.599512492624739046e+00 -6.659450263623240218e+00
-6.283365259731556129e+00 -3.095549866484887058e+00 -5.856204036458763973e+00
-9.183887104156228887e+00 -3.474661702261249818e+00 -5.133670540471428012e+00
-1.129444111405125639e+01 -3.736847999953843313e+00 -4.491849775661179045e+00
-1.261502728941626117e+01 -3.882108759562622247e+00 -3.930741742028128982e+00
-1.314564563025146526e+01 -3.910443981087614151e+00 -3.450346439572219204e+00
-1.288629613655686867e+01 -3.821853664528819916e+00 -3.050663868293447933e+00
-1.183697880833234528e+01 -3.616337809886215560e+00 -2.731694028191792523e+00
-9.997693645578081600e+00 -3.293896417159838386e+00 -2.493436919267308483e+00
-7.368440648294014572e+00 -2.854529486349674183e+00 -2.335892541519963395e+00
-3.949219816480149525e+00 -2.298237017455722953e+00 -2.259060894949758147e+00
-4.200006612268726847e-01 -1.723104530813402535e+00 -2.217348482246993324e+00
2.539208397511146131e+00 -1.227223159357147431e+00 -2.165159197174482131e+00
4.928407359595095016e+00 -8.105929031069752932e-01 -2.102493039722890256e+00
6.747596225024978800e+00 -4.732137620628864561e-01 -2.029350009892218587e+00
7.996774993800879194e+00 -2.150857362248612681e-01 -1.945730107682458243e+00
8.675943665922574155e+00 -3.620882559294569258e-02 -1.851633333093624323e+00
8.785102241390204014e+00 6.341696983288699907e-02 -1.747059686125710165e+00
8.324250720203764331e+00 8.379165005263622401e-02 -1.632009166778715770e+00
7.293389102363139642e+00 2.491521506629373883e-02 -1.506481775052629146e+00
5.692517387868512913e+00 -1.132123351261301591e-01 -1.370477510947472943e+00
4.018163529828449931e+00 -2.786512432156820207e-01 -1.261200627693264353e+00
2.766864951927119343e+00 -4.194607612152546627e-01 -1.215856088139073643e+00
1.938621654175757936e+00 -5.356408891236761338e-01 -1.234443892285751243e+00
1.533433636574512038e+00 -6.271916269409260059e-01 -1.316964040133293823e+00
1.551300899123287946e+00 -6.941129746670156031e-01 -1.463416531681700494e+00
1.992223441822088104e+00 -7.364049323019447035e-01 -1.673801366930971257e+00
2.856201264670910511e+00 -7.540674998457137512e-01 -1.948118545881105668e+00
4.143234367669888840e+00 -7.471006772983207478e-01 -2.286368068532136810e+00
5.853322750818795051e+00 -7.155044646597668034e-01 -2.688549934884004511e+00
7.986466414105690248e+00 -6.592788619303417974e-01 -3.154664144934734349e+00
1.001338073711571042e+01 -5.911389927666358401e-01 -3.596651100686551139e+00
1.140479119460464652e+01 -5.237997383066766988e-01 -3.926452883723212217e+00
1.216069778657225342e+01 -4.572610985504767522e-01 -4.144069494044659407e+00
1.228110051301867500e+01 -3.915230734980296723e-01 -4.249500931650928237e+00
1.176599937394392192e+01 -3.265856631493355700e-01 -4.242747196542017818e+00
1.061539436934785563e+01 -2.624488675043887831e-01 -4.123808288717911275e+00
8.829285499230680401e+00 -1.991126865632006082e-01 -3.892684208178631255e+00
6.407672763592331400e+00 -1.365771203257654942e-01 -3.549374954924172876e+00
3.350556162432798857e+00 -7.484216879208327455e-02 -3.093880528954533915e+00
-3.420643041269663676e-01 -1.390783196377098387e-02 -2.526200930291531588e+00
-4.077391357738028077e+00 3.829793848573984777e-02 -1.953220283717725714e+00
-7.262661638850508972e+00 7.384764450622351151e-02 -1.481816598297421628e+00
-9.897875147464407775e+00 9.274128609767995357e-02 -1.111989874030619330e+00
-1.198303188357989058e+01 9.497886326010873681e-02 -8.437401109172997238e-01
-1.351813184719658167e+01 8.056037599350938938e-02 -6.770673089575104386e-01
-1.450317503831469423e+01 4.948582429788281334e-02 -6.119714681512231635e-01
-1.493816145693422470e+01 1.755208173229105828e-03 -6.484525884984375654e-01
-1.482309110305513933e+01 -6.263147238045832510e-02 -7.865106699991711858e-01
-1.415796397667746120e+01 -1.436742173631678221e-01 -1.026145712653398601e+00
-1.294278007780120276e+01 -2.413730267749046032e-01 -1.367357716461127914e+00
-1.143624458810132971e+01 -3.557645617124766124e-01 -1.784545466510856437e+00
-9.897062689252805967e+00 -4.868854832726920434e-01 -2.252107747891080702e+00
-8.325234381255492977e+00 -6.347357914555648017e-01 -2.770044560601849337e+00
-6.720759664109671405e+00 -7.993154862610685196e-01 -3.338355904643070637e+00
-5.083638537815199143e+00 -9.806245676892156871e-01 -3.957041780014787680e+00
-3.413871002372077523e+00 -1.178663035740006082e+00 -4.626102186716999576e+00
-1.711457057780154223e+00 -1.393430890413460022e+00 -5.345537124749775160e+00
2.360329596026744525e-02 -1.624928131709538981e+00 -6.115346594112985201e+00
1.791310058849339804e+00 -1.873154759628260946e+00 -6.935530594806690097e+00
3.591663230887059743e+00 -2.138110774169626804e+00 -7.806089126830891622e+00
5.210481120567605373e+00 -2.373488331035279675e+00 -8.557228278305693436e+00
6.433569780590858933e+00 -2.532976936123308320e+00 -9.019144421491681385e+00
7.260929210913154463e+00 -2.616576589424261190e+00 -9.191837556354188976e+00
7.692559411534487523e+00 -2.624287290938138284e+00 -9.075307682893216210e+00
7.728460382454852784e+00 -2.556109040664931609e+00 -8.669554801108718678e+00
7.368632123674235146e+00 -2.412041838604651378e+00 -7.974578911000763881e+00
6.613074635192660367e+00 -2.192085684757295372e+00 -6.990380012569325174e+00
5.461787917010124005e+00 -1.896240579122864256e+00 -5.716958105814412328e+00
3.914771969126475071e+00 -1.524506521701320061e+00 -4.154313190735864580e+00
1.972026791541986235e+00 -1.076883512492730510e+00 -2.302445267333963930e+00
8.249864912062832012e-02 -6.450445105244081434e-01 -5.131902171227278320e-01
-1.304857630252057366e+00 -3.206642233570420886e-01 8.616093676068480312e-01
-2.190042046565916056e+00 -1.037426509927026619e-01 1.821953486846831227e+00
-2.573054599820796096e+00 5.720206568572250294e-03 2.367842140597051781e+00
-2.453895290016790742e+00 7.724349326805879379e-03 2.499275328857611722e+00
-1.832564117153905325e+00 -9.773022271800113625e-02 2.216253051628510828e+00
-7.090610812321402889e-01 -3.106435095658490741e-01 1.518775308909752653e+00
9.166138177485079197e-01 -6.310155112167378233e-01 4.068421007013345303e-01
3.044460579788036192e+00 -1.058846227670667606e+00 -1.119546572996744871e+00
5.674479204886957007e+00 -1.594135658927742671e+00 -3.060390712184864359e+00
8.255010329611724984e+00 -2.134775152987101521e+00 -4.973182131938441941e+00
1.023435250125751672e+01 -2.578648267390537097e+00 -6.415378885833820100e+00
1.161250571962363765e+01 -2.925755002100900892e+00 -7.386980973710013387e+00
1.238946998471008065e+01 -3.176095357118193796e+00 -7.887988395567016475e+00
1.256524529651684574e+01 -3.329669332442414476e+00 -7.918401151404832916e+00
1.213983165504393646e+01 -3.386476928073562931e+00 -7.478219241223458269e+00
1.111322906029135105e+01 -3.346518144011640050e+00 -6.567442665022895198e+00
9.485437512258751980e+00 -3.209792980256613859e+00 -5.186071422802861264e+00
7.256457010946707697e+00 -2.976301436808530099e+00 -3.334105514563839634e+00
4.426287556354990826e+00 -2.646043513667375446e+00 -1.011544940305630469e+00
1.485614540588504839e+00 -2.292777264799525039e+00 1.394974252828341310e+00
-1.074857925862535257e+00 -1.990263557851353449e+00 3.498801268524162289e+00
-3.255129842953502273e+00 -1.738502392829569088e+00 5.299936106746665487e+00
-5.055201210684396429e+00 -1.537493769734172400e+00 6.798378767495856678e+00
-6.475072029055215062e+00 -1.387237688565163163e+00 7.994129250771727868e+00
-7.514742298066110493e+00 -1.287734149322527832e+00 8.887187556574415837e+00
-8.174212017716715906e+00 -1.238983152006302380e+00 9.477553684903604392e+00
-8.453481188007247127e+00 -1.240984696616464378e+00 9.765227635759476499e+00
-8.352549808937702380e+00 -1.293738783153013827e+00 9.750209409142030381e+00
-7.871417880508086995e+00 -1.397245411615950506e+00 9.432499005051271368e+00
-7.227113786005555873e+00 -1.536065745163692098e+00 8.988476410078613199e+00
-6.636665908717268358e+00 -1.694760946954656067e+00 8.594521610815473167e+00
-6.100074248643227115e+00 -1.873331016988841746e+00 8.250634607261856601e+00
-5.617338805783427702e+00 -2.071775955266249802e+00 7.956815399417755508e+00
-5.188459580137803506e+00 -2.290095761786921091e+00 7.713063987283138800e+00
-4.813436571706504630e+00 -2.528290436550777009e+00 7.519380370858088192e+00
-4.492269780489448472e+00 -2.786359979557854860e+00 7.375764550142557496e+00
-4.224959206486637697e+00 -3.064304390808155532e+00 7.282216525136546714e+00
-4.011504849698072306e+00 -3.362123670301677691e+00 7.238736295840055845e+00
-3.851906710126513644e+00 -3.679817818041781319e+00 7.245323862250796054e+00
-3.776557455507922878e+00 -4.054316404120539730e+00 7.276823704577847884e+00
-3.815848594220400791e+00 -4.522547589915675736e+00 7.308081262612041051e+00
-3.969780126263984688e+00 -5.084511375427299029e+00 7.339096536353383549e+00
-4.238352051638620388e+00 -5.740207760655208880e+00 7.369869525801864718e+00
-4.621564370344326100e+00 -6.489636745599497658e+00 7.400400230957489889e+00
-5.119417082381099604e+00 -7.332798330260164477e+00 7.430688651820258173e+00
-5.731910187748942676e+00 -8.269692514637208447e+00 7.460734788390168681e+00
-6.459043686447856203e+00 -9.300319298730634898e+00 7.490538640667224968e+00
-7.300817578477837522e+00 -1.042467868254043495e+01 7.520100208651424367e+00
-8.257231863772437563e+00 -1.164277066594720367e+01 7.549419492324028980e+00
-9.145622687592529942e+00 -1.262634622921746441e+01 7.526987144829853982e+00
-9.783340130613680685e+00 -1.304718139471642147e+01 7.401297748958890033e+00
-1.017038419283607098e+01 -1.290527616244429510e+01 7.172351304711145126e+00
-1.030675487425970260e+01 -1.220063053240109063e+01 6.840147812086619261e+00
-1.019245217488457556e+01 -1.093324450458680808e+01 6.404687271085311551e+00
-9.827476094710686283e+00 -9.103118079001447427e+00 5.865969681707222882e+00
-9.211826633738043668e+00 -6.710251255645006907e+00 5.223995043952353257e+00
-8.345503791966637053e+00 -3.754644034517484741e+00 4.478763357820700897e+00
-7.228507569396470878e+00 -2.362964156188844811e-01 3.630274623312267579e+00
-5.860837966027280466e+00 3.844791601051571917e+00 2.678528840426873892e+00
-4.420650822713967365e+00 7.813968079766862473e+00 1.750145282454795392e+00
-3.086115572846724220e+00 1.099652961171718246e+01 9.717528832000066341e-01
-1.857232216490366961e+00 1.339247619665708555e+01 3.433516427085738232e-01
-7.340007536448949210e-01 1.500180783458657530e+01 -1.350584390195037621e-01
2.835788156896912326e-01 1.582452452550565347e+01 -4.634773619842255110e-01
1.195506491513391278e+00 1.586062626941430764e+01 -6.419051261855913681e-01
2.001782273826206549e+00 1.511011306631255380e+01 -6.703417316236021106e-01
2.702406162628251174e+00 1.357298491620003666e+01 -5.487871782982219893e-01
3.297378157919276020e+00 1.124924181907731047e+01 -2.772414662094944138e-01
3.786698259699415203e+00 8.138883774944165594e+00 1.442954046425886094e-01
4.108032176371425592e+00 4.884876667086872182e+00 6.013326285419660078e-01
4.199043238445212545e+00 2.130210906285961769e+00 9.793750322428924626e-01
4.059731445915105041e+00 -1.251135074000905290e-01 1.278422615734955414e+00
3.690096798781103082e+00 -1.881096573971279273e+00 1.498475379018153308e+00
3.090139297043206668e+00 -3.137738293427609015e+00 1.639533322092488143e+00
2.259858940701249264e+00 -3.895038665769167352e+00 1.701596444957962806e+00
1.199255729755523525e+00 -4.152997690995686497e+00 1.684664747614555536e+00
-9.167033579409533672e-02 -3.911615369107343643e+00 1.588738230062283874e+00
-1.612919255947609543e+00 -3.170891700104140565e+00 1.413816892301148709e+00
-3.364491030705018204e+00 -1.930826683986076375e+00 1.159900734331149152e+00
-5.105722747499397585e+00 -5.268638737198422239e-01 8.801195380353207254e-01
-6.595951493763828388e+00 7.055531777278757355e-01 6.276030852966978379e-01
-7.835177269498314168e+00 1.766424470357077503e+00 4.023513761152803792e-01
-8.823400074702846041e+00 2.655750004167758416e+00 2.043644104910687098e-01
-9.560619909377535919e+00 3.373529779160032938e+00 3.364218842403482457e-02
-1.004683677352212712e+01 3.919763795333651046e+00 -1.098152900857611303e-01
-1.028205066713676530e+01 4.294452052688747301e+00 -2.260080250383509626e-01
-1.026626159022145757e+01 4.497594551225327919e+00 -3.149360164337353662e-01
-9.999469542776198594e+00 4.529191290943391124e+00 -3.765992642719144246e-01
-9.481674524800993709e+00 4.389242271842934251e+00 -4.109977685528876656e-01
-8.712876536295837582e+00 4.077747493923961741e+00 -4.181315292766552005e-01
-7.693075577260731102e+00 3.594706957186470930e+00 -3.980005464432171403e-01
-6.422271647695428243e+00 2.940120661630328591e+00 -3.506048200525625491e-01
-4.900464747600379312e+00 2.113988607255771868e+00 -2.759443501047086356e-01
-3.127654876975379139e+00 1.116310794062696843e+00 -1.740191365996488493e-01
-1.103842035820434830e+00 -5.291277794889559516e-02 -4.482917953738363437e-02
1.170973775864460720e+00 -1.393682108779004558e+00 1.116255210820871202e-01
3.696792558079307511e+00 -2.905997198427636263e+00 2.953449652587639696e-01
6.473614310824103768e+00 -4.589858046894782717e+00 5.063291529926459145e-01
9.501439034098844161e+00 -6.445264654180446584e+00 7.445780842837337321e-01
1.278026672790414509e+01 -8.472217020285004452e+00 1.010091759132076827e+00
1.631009739223883059e+01 -1.067071514520773334e+01 1.302870177537580609e+00
2.009093102710346912e+01 -1.304075902894898142e+01 1.622913339500289931e+00
2.412276763249805356e+01 -1.558234867150874869e+01 1.970221245020204792e+00
