7.701390344720282499e-02 8.054930038786006108e+00 6.286555112495825215e-01
1.570282613428097829e-01 7.690309537637871173e+00 5.924274138373086807e-01
2.331934291164010076e-01 7.339318384696666087e+00 5.605897902239108666e-01
3.057432744317851170e-01 7.002020834121548631e+00 5.329210082911808311e-01
3.749012706927329353e-01 6.678475101870439801e+00 5.092129089312945611e-01
4.408813793180248464e-01 6.368733993858157305e+00 4.892695610459217859e-01
5.038889528529824080e-01 6.072845476251933938e+00 4.729060198219001698e-01
5.641216569502467415e-01 5.790853190671684914e+00 4.599470885639181383e-01
6.217704095271154863e-01 5.522796916585729576e+00 4.502260843652898803e-01
6.770203356637028991e-01 5.268712982711115878e+00 4.435836079183124170e-01
7.300517370450957388e-01 5.028634628741336599e+00 4.398663178051658296e-01
7.810178529795093194e-01 4.802593863333558311e+00 4.389501244630488186e-01
8.299850101671664149e-01 4.590628251975897633e+00 4.408017728120270373e-01
8.770169607507289911e-01 4.392779148915424869e+00 4.453883354169610453e-01
9.221975684125397477e-01 4.209089488208592300e+00 4.526536862560195384e-01
9.656278391261228222e-01 4.039602674667128746e+00 4.625222507489432644e-01
1.007422915088774573e+00 3.884361594905605397e+00 4.749027532342835478e-01
1.047709029873887587e+00 3.743407760466603840e+00 4.896919574402929243e-01
1.086620424769447091e+00 3.616780590391172279e+00 5.067783961220424516e-01
1.124296228041631984e+00 3.504516835966105415e+00 5.260460868297827108e-01
1.160877300477707985e+00 3.406650145722095679e+00 5.473782317293299782e-01
1.196507120266294910e+00 3.323209994667464251e+00 5.706568512724934372e-01
1.231339850709067152e+00 3.254219134808312930e+00 5.957553173144674030e-01
1.265523783205873221e+00 3.199695820099287324e+00 6.225553268111067018e-01
1.299194863727691329e+00 3.159654761214389040e+00 6.509535773467286512e-01
1.332474582850999401e+00 3.134107368084779743e+00 6.808640677504185224e-01
1.410613796991067259e+00 3.156697264414456416e+00 7.447895013481493631e-01
1.579197009852504552e+00 3.260836279014657002e+00 8.750021287493982003e-01
1.838780178201639082e+00 3.446204212543744205e+00 1.071130597170434129e+00
2.189842946018775383e+00 3.712509114093723639e+00 1.332868735254064019e+00
2.632782814197568211e+00 4.059491544027806320e+00 1.659980226728673181e+00
3.167937957824159767e+00 4.486910472790094140e+00 2.052298973366041057e+00
3.795687155664083434e+00 4.994465335869557876e+00 2.509723564434459320e+00
4.516404581503936200e+00 5.581792550279354614e+00 3.032241208136669641e+00
5.330454636987331796e+00 6.248450945689622671e+00 3.619939344667403969e+00
6.238211780740378742e+00 6.993893880255327211e+00 4.273011937118198489e+00
7.054297963458735055e+00 7.699495169535376604e+00 4.857123482915588042e+00
7.592397757964596039e+00 8.247443059387006059e+00 5.238563228910918745e+00
7.851523164145510769e+00 8.638419976709503345e+00 5.418473962320739190e+00
7.830693954853513716e+00 8.873311094428229850e+00 5.397883609896776846e+00
7.528908599521802358e+00 8.953287046032514240e+00 5.177683497754212993e+00
6.945115507720593939e+00 8.879887360730393198e+00 4.758607495544836752e+00
6.078185453914914937e+00 8.655104662040537633e+00 4.141211536354322931e+00
4.926880682284382473e+00 8.281470848190545908e+00 3.325858711512175159e+00
3.489825426186468071e+00 7.762144087432377937e+00 2.312705804325973169e+00
1.765477930738289736e+00 7.100996881960766061e+00 1.101691824630603556e+00
1.013280788939956434e-01 6.400268928284876147e+00 -5.840228999119573272e-02
-1.152547252932252242e+00 5.757315009840844766e+00 -9.207164180697225975e-01
-1.993938632326494931e+00 5.168622451711970989e+00 -1.488378078089582335e+00
-2.420637004443568774e+00 4.629718326102740811e+00 -1.764516664821122349e+00
-2.430456318711074370e+00 4.135046108286906552e+00 -1.752242149681648042e+00
-2.021259964509630080e+00 3.677840965757213088e+00 -1.454627493608344979e+00
-1.190992044572226183e+00 3.250003790311754681e+00 -8.746951605454799106e-01
6.228667448374462789e-02 2.841974247645090212e+00 -1.540978659213470062e-02
1.740354925619009840e+00 2.442602904260469554e+00 1.120325066879874765e+00
3.844778049082891336e+00 2.039022711768053053e+00 2.529665478789380195e+00
5.939848050216059328e+00 1.634998013774328296e+00 3.912904256536910541e+00
7.587131844279046078e+00 1.249321279889331837e+00 4.975054487358587352e+00
8.784130712042482969e+00 8.915679133779788046e-01 5.720441824335622982e+00
9.528707053187520870e+00 5.731071816808004371e-01 6.153452864704763492e+00
9.819184325158381910e+00 3.072336368274403706e-01 6.278539772149882126e+00
9.654475036987742342e+00 1.094562314189092000e-01 6.100206525895902843e+00
9.034253174055383084e+00 -1.981011176786839911e-03 5.622972363492914738e+00
7.959008207385315004e+00 -6.811065683928307912e-03 4.851516128840291486e+00
6.430065553410447166e+00 1.167601379512085424e-01 3.790756573378181837e+00
4.449603929703914496e+00 3.917140293604373102e-01 2.445892768985074017e+00
2.438345630463038649e+00 7.028602247093618249e-01 1.100364192977487221e+00
8.138123334543383436e-01 9.084084855575175199e-01 3.008262530465524026e-02
-4.265980476971604207e-01 9.912010029147865220e-01 -7.709563250176306726e-01
-1.286293723490675278e+00 9.330841048569449292e-01 -1.308946133739950834e+00
-1.769447835641201117e+00 7.152036772996012148e-01 -1.590264224678732852e+00
-1.880941152049449450e+00 3.182954497921459680e-01 -1.621453262973082010e+00
-1.626287508616408362e+00 -2.770313097080739917e-01 -1.409188727278971154e+00
-1.011541461638473027e+00 -1.090018168894578920e+00 -9.602326765495454719e-01
-4.318752237459234922e-02 -2.139491139545818932e+00 -2.813744338584527327e-01
1.271988943596091381e+00 -3.443604553817743330e+00 6.206411119750320227e-01
2.642068924987403644e+00 -4.785952018793661722e+00 1.584810855582712286e+00
3.784749276640765547e+00 -5.931460885146124795e+00 2.459521290150294526e+00
4.707774548874331444e+00 -6.869807255609285512e+00 3.252129280378543541e+00
5.419112704571984906e+00 -7.590989149951921533e+00 3.969846275169888195e+00
5.926818651044357011e+00 -8.085430540382370523e+00 4.619660329427454748e+00
6.238889984308673142e+00 -8.344073756455127722e+00 5.208253924355549458e+00
6.363115584942260483e+00 -8.358460717262515161e+00 5.741918601308195313e+00
6.306919589116343872e+00 -8.120804075818440992e+00 6.226464929935017878e+00
6.077200166598527353e+00 -7.624049564736369078e+00 6.667130819509756279e+00
5.680164150670378831e+00 -6.861931091153307349e+00 7.068488971058430437e+00
5.189899577227417460e+00 -5.951769588679274747e+00 7.394429239066776738e+00
4.675862903154992090e+00 -5.012977321652980933e+00 7.605564775816032963e+00
4.136480978546129172e+00 -4.043475790369558176e+00 7.700889398193381474e+00
3.569867661941145798e+00 -3.041801492162962361e+00 7.679238465571549987e+00
2.973789573673792486e+00 -2.007162483102091777e+00 7.539274292386057397e+00
2.345605700980483821e+00 -9.396111799570598944e-01 7.279468717223998020e+00
1.682289796183449981e+00 1.596652585668993929e-01 6.898161964088827425e+00
9.807477362426055834e-01 1.288860726189122952e+00 6.393726854360837208e+00
2.378997469474137538e-01 2.445727499828385998e+00 5.764605390661984963e+00
-5.492949515427262286e-01 3.627620283988192362e+00 5.009320693526884583e+00
-1.235399569417822141e+00 4.616908764892274419e+00 4.141619553075061688e+00
-1.674458017818477362e+00 5.195970754802390346e+00 3.175559546966398194e+00
-1.867479435962955625e+00 5.362546011566536208e+00 2.111054477699393583e+00
-1.813974944491675512e+00 5.115188823004131358e+00 9.490544403598395462e-01
-1.512100120627563049e+00 4.453217877328089713e+00 -3.085874674517135041e-01
-9.588015491989897443e-01 3.376671843539954754e+00 -1.659249824758058711e+00
-1.499667277162662349e-01 1.886268029236386035e+00 -3.099678122543992220e+00
9.194233501726039037e-01 -1.663825309048871937e-02 -4.626119815856688966e+00
2.255139290232246463e+00 -2.330095816237318651e+00 -6.234458530775094154e+00
3.863546735186618175e+00 -5.051603016600886065e+00 -7.920346818950044998e+00
5.406270096566105465e+00 -7.663768063920227469e+00 -9.408023545636087448e+00
6.537899289197826036e+00 -9.650550004446053265e+00 -1.042769207022422506e+01
7.253619965472854147e+00 -1.101142830949145512e+01 -1.098438288370099158e+01
7.547472927769982576e+00 -1.174634903169122424e+01 -1.108366978863353225e+01
7.412562545226212940e+00 -1.185574450542598335e+01 -1.073147723325198832e+01
6.841267286301190964e+00 -1.134054452765581900e+01 -9.933889488045629435e+00
5.825451853079833597e+00 -1.020217801071333241e+01 -8.696962005779688809e+00
4.356679584796292914e+00 -8.442564855607075813e+00 -7.026535392522315959e+00
2.426425386035338416e+00 -6.064097472083236795e+00 -4.928052023673849646e+00
2.628845373024393806e-02 -3.069612205896937063e+00 -2.406375488575561494e+00
-2.371936064662338417e+00 1.048435083954250141e-02 1.329026830403078063e-01
-4.287212704950403186e+00 2.649666202070347421e+00 2.289958419444045656e+00
-5.713710546011852465e+00 4.850785431403096482e+00 4.069106964816434413e+00
-6.645496414801042917e+00 6.616861554286674441e+00 5.474547807557843981e+00
-7.076673950008628644e+00 7.951006795598274834e+00 6.510258835262703769e+00
-7.001562807204828154e+00 8.856359132076770280e+00 7.179835222477320755e+00
-6.414980774671104946e+00 9.336092988586536023e+00 7.486166479757512704e+00
-5.312233405311620693e+00 9.393400983847801200e+00 7.431485096103591204e+00
-3.689096486932104568e+00 9.031434711863472131e+00 7.017439533354925985e+00
-1.541828562871293773e+00 8.253249516959117571e+00 6.245126990855323967e+00
6.449101044450114006e-01 7.337187533788783078e+00 5.291142966383216795e+00
2.383360672528893609e+00 6.557180714921996056e+00 4.330978771354299539e+00
3.672407534869797097e+00 5.910103208192082569e+00 3.363653338632928147e+00
4.511137531671747247e+00 5.393532421706040303e+00 2.388162791744221636e+00
4.898827601284596156e+00 5.005730953405554295e+00 1.403499382342776824e+00
4.834933846129325197e+00 4.745627823564541714e+00 4.086722752099907208e-01
4.319081890984164396e+00 4.612799001615828232e+00 -5.972701207386387212e-01
3.351058376871173028e+00 4.607447275465170300e+00 -1.615216551766536890e+00
1.930803543055562788e+00 4.730381393594869088e+00 -2.645968329760091109e+00
5.840478003726179423e-02 4.982994486530119893e+00 -3.690214031757641067e+00
-1.863724485117375096e+00 5.250938951656231701e+00 -4.646079333736906847e+00
-3.433718910814410386e+00 5.418460448703749321e+00 -5.411077147596436987e+00
-4.652326883093942378e+00 5.484731421464070777e+00 -5.984906471668895556e+00
-5.520452130354138731e+00 5.448254324113288583e+00 -6.367325035201447214e+00
-6.039133275583433047e+00 5.306912944068564286e+00 -6.558169583763766575e+00
-6.209524137265842292e+00 5.058024093089495743e+00 -6.557375652193319304e+00
-6.032874636777530775e+00 4.698389601659307857e+00 -6.364996578893058476e+00
-5.510512223994216363e+00 4.224348431460888342e+00 -5.981221583863630897e+00
-4.643823644835662456e+00 3.631828917033307569e+00 -5.406392700932268092e+00
-3.434236951283363481e+00 2.916401045512674983e+00 -4.641020412520624028e+00
-2.107640299087354840e+00 2.148397001346323609e+00 -3.842317537280193651e+00
-8.888616512655969082e-01 1.402027588072892295e+00 -3.167221397507681502e+00
2.222392095879180407e-01 6.785552641142647001e-01 -2.615912348613488980e+00
1.225793333846955102e+00 -2.063059484210305605e-02 -2.188495385813733929e+00
2.121911333870050598e+00 -6.940406940544701087e-01 -1.884994766959246615e+00
2.910680352253092185e+00 -1.340100687891699005e+00 -1.705344367981004972e+00
3.592189525427555097e+00 -1.957128612234944498e+00 -1.649365669837243864e+00
4.166521241421143884e+00 -2.543373645581238129e+00 -1.716778285893745704e+00
4.633748596050522472e+00 -3.097050101222282859e+00 -1.907212421134332647e+00
4.993938454559341267e+00 -3.616362537919159514e+00 -2.220218215225181257e+00
5.214922720000310541e+00 -4.028743709181608068e+00 -2.577286381402410509e+00
5.265870595604562610e+00 -4.261703585108404191e+00 -2.899262312515299644e+00
5.148935051504658134e+00 -4.313531361501324213e+00 -3.184702231593372623e+00
4.866349222624732462e+00 -4.182490280034129704e+00 -3.432214888957773713e+00
4.420387437563117139e+00 -3.866850001618405752e+00 -3.640480844168652474e+00
3.813325321842703897e+00 -3.364918023436584971e+00 -3.808271698384402271e+00
3.047398986969592549e+00 -2.675070159902365408e+00 -3.934469184035568112e+00
2.124763381111484328e+00 -1.795780092626046098e+00 -4.018084019794521566e+00
1.047449798099330476e+00 -7.256481199356736855e-01 -4.058274457829903703e+00
-1.826773752443218157e-01 5.365708048011830211e-01 -4.054364448092600881e+00
-1.421324970502365614e+00 1.831423087163044361e+00 -4.007077510858413127e+00
-2.526483062813149605e+00 2.997453366553895826e+00 -3.918281098679510244e+00
-3.499847212880253799e+00 4.032841085601521769e+00 -3.789102980108517649e+00
-4.343065600201108545e+00 4.935873607464884572e+00 -3.620596556449106718e+00
-5.057711741863104571e+00 5.704970552891892588e+00 -3.413726526474141210e+00
-5.645256723317683800e+00 6.338707778372632440e+00 -3.169354924526494255e+00
-6.107041064327270341e+00 6.835841111520952751e+00 -2.888227581353687068e+00
-6.444246268204917527e+00 7.195330065689785393e+00 -2.570961034791766409e+00
-6.657866301502002315e+00 7.416361593093114379e+00 -2.218029944006924215e+00
-6.748679155093908477e+00 7.498374064092905300e+00 -1.829755042347662286e+00
-6.698144014588987893e+00 7.418668743113876474e+00 -1.463361509463326993e+00
-6.487814026375109400e+00 7.154446056833429601e+00 -1.175862116726851703e+00
-6.118102397263820436e+00 6.705412283732790080e+00 -9.669465474595040355e-01
-5.588950900619264139e+00 6.071586645577546015e+00 -8.360401987352958919e-01
-4.899786039748385669e+00 5.253333997976303849e+00 -7.822911402710164275e-01
-4.049441937779111989e+00 4.251436166755384605e+00 -8.045387083675210604e-01
-3.036094636348505293e+00 3.067174681015267801e+00 -9.012867258821812833e-01
-1.857506539304538684e+00 1.702119823630642736e+00 -1.070844125342089503e+00
-5.111316070856758431e-01 1.580569783192052602e-01 -1.311387543860003779e+00
1.005828721020065153e+00 -1.563038278171174689e+00 -1.620996038651262072e+00
2.424578883695554854e+00 -3.154215438762832946e+00 -1.916013115784100052e+00
3.472609059307117718e+00 -4.311051586932951984e+00 -2.115714191345272610e+00
4.146635452956407342e+00 -5.035772193760514881e+00 -2.222845259929612460e+00
4.442598785321367316e+00 -5.331266026362051491e+00 -2.240517731045442051e+00
4.355796560872797762e+00 -5.201006641303372646e+00 -2.172127441449475782e+00
3.881014801452733920e+00 -4.648970936081722627e+00 -2.021275669809322384e+00
3.012658703552920869e+00 -3.679554097649612387e+00 -1.791692309290656038e+00
1.744881676369472334e+00 -2.297480501343783565e+00 -1.487161277600867582e+00
7.171242202787246611e-02 -5.077101196970458252e-01 -1.111448252328777198e+00
-2.012820303885575424e+00 1.684659764444380592e+00 -6.682307323113945152e-01
-4.061235322255316582e+00 3.797769803473684203e+00 -2.550893178226487645e-01
-5.617107301269278707e+00 5.357074686821960974e+00 3.609474819320168670e-02
-6.672802917765785047e+00 6.368627533843946864e+00 2.102706511856133886e-01
-7.220667897900716170e+00 6.838677902063995617e+00 2.722781251048824736e-01
-7.253183681308064124e+00 6.773538362699196291e+00 2.267605703078370283e-01
-6.763120413855503443e+00 6.179445411317046499e+00 7.808059827313762469e-02
-5.743686251210585070e+00 5.062415231050895414e+00 -1.697623574574389504e-01
-4.188672989613571040e+00 3.428095082833852114e+00 -5.132128087373928338e-01
-2.092598385211049017e+00 1.281611019664091078e+00 -9.492389087972280537e-01
5.491544777483398088e-01 -1.372587094545496766e+00 -1.475411718482352530e+00
3.174209129582253652e+00 -3.970322774064714899e+00 -1.977128907003726344e+00
5.212222044599585935e+00 -5.954606935461091766e+00 -2.344237499185545470e+00
6.655736804290627084e+00 -7.331925654112727564e+00 -2.581020857680409009e+00
7.498257088920955660e+00 -8.108052220915228148e+00 -2.691077529435288884e+00
7.734403977584040746e+00 -8.287872932280269112e+00 -2.677227844009243185e+00
7.360126273856792523e+00 -7.875175431107821922e+00 -2.541381730069145028e+00
6.372962852088497776e+00 -6.872408834361094954e+00 -2.284365875946579028e+00
4.771826281927114444e+00 -5.280819953806546785e+00 -1.906062471036731321e+00
2.556856684016582726e+00 -3.100562819459383945e+00 -1.405496541156386225e+00
-2.706656378792774431e-01 -3.307749615936793064e-01 -7.808826308727710996e-01
-3.161089043736604598e+00 2.499938701935043195e+00 -1.413078060089093535e-01
-5.564644466650464416e+00 4.863300630247779033e+00 4.032108926641011504e-01
-7.479813172919949515e+00 6.760702293269377883e+00 8.531208752260721617e-01
-8.906021596087789760e+00 8.192693445445645040e+00 1.208201127536801645e+00
-9.843574922203670141e+00 9.159046953294918580e+00 1.467596585864064718e+00
-1.029359220793281082e+01 9.658826077148020772e+00 1.629851717915066889e+00
-1.025794272473861568e+01 9.690453510959452288e+00 1.692943878356460097e+00
-9.739183370380322557e+00 9.251781427991600637e+00 1.654316773348828651e+00
-8.740496798703029313e+00 8.340162000366673212e+00 1.510914626962822194e+00
-7.265630032614852851e+00 6.952517822404263192e+00 1.259217453669858822e+00
-5.724313685242469418e+00 5.492590827959081601e+00 9.922144545360508383e-01
-4.522349045496584452e+00 4.367168794070430238e+00 8.067132790799633746e-01
-3.657666407437133227e+00 3.577695592422172943e+00 7.048407856866777399e-01
-3.127818097899183414e+00 3.125888633474240841e+00 6.890288993883894042e-01
-2.930021512469957568e+00 3.013693768182293731e+00 7.619858088581286104e-01
-3.061202126334723328e+00 3.243241461806963599e+00 9.266658232468647505e-01
-3.518036542121198984e+00 3.816804509476888985e+00 1.186237786150890594e+00
-4.296995672020287316e+00 4.736757483830366766e+00 1.544051983203270417e+00
-5.394388075594556575e+00 6.005538134206720891e+00 2.003605507047609535e+00
-6.806403506331135667e+00 7.625610877049621372e+00 2.568506077635693607e+00
-8.151978439582670433e+00 9.182020085241562768e+00 3.110771516912381962e+00
-9.055961542738725001e+00 1.025624974240574616e+01 3.496642893976891209e+00
-9.523500165582222010e+00 1.084540058431613652e+01 3.721005345592432345e+00
-9.559889970876531251e+00 1.094656685876183921e+01 3.778628300456039923e+00
-9.170515578016582126e+00 1.055687257675211299e+01 3.664222014625247770e+00
-8.360784794924018826e+00 9.673507983806198141e+00 3.372501133268856144e+00
-7.136057179651416504e+00 8.293765622464352560e+00 2.898254608206269900e+00
-5.501622641568662431e+00 6.415045935704563718e+00 2.236371897644123141e+00
-3.462665550390187530e+00 4.034870235997404464e+00 1.381879836580013121e+00
-1.024221010376449525e+00 1.150896670599480975e+00 3.299851115474118357e-01
1.356825309630916410e+00 -1.696752713082446684e+00 -7.224896787630968875e-01
3.231124245080304824e+00 -3.964316051282918973e+00 -1.571453287178476099e+00
4.605022812148748201e+00 -5.648676027849871772e+00 -2.210747620369473143e+00
5.484727199246150597e+00 -6.746859158843036219e+00 -2.634395855631731287e+00
5.876249635268289140e+00 -7.256053431756084748e+00 -2.836651859008275434e+00
5.785354340813898766e+00 -7.173625054687293279e+00 -2.812048964316619770e+00
5.217502603579418086e+00 -6.497134480335717832e+00 -2.555448053463625246e+00
4.177796978884404488e+00 -5.224351901340011928e+00 -2.062084945979251849e+00
2.670924718423732358e+00 -3.353272389290794742e+00 -1.327617021773878081e+00
7.011005055142254250e-01 -8.821308754001899732e-01 -3.481690553784913544e-01
-1.313596658187587751e+00 1.666485732126209429e+00 6.708930582133145748e-01
-2.960531724526785702e+00 3.767691645732126560e+00 1.519174847386123961e+00
-4.243801651431695632e+00 5.419724688280918024e+00 2.192862748134745576e+00
-5.167159660791367237e+00 6.620998200645107801e+00 2.688487513683886387e+00
-5.733971069754813854e+00 7.370112375719581443e+00 3.002958008728962014e+00
-5.947168808355411507e+00 7.665865963930217575e+00 3.133594429755993893e+00
-5.809208716993916610e+00 7.507268538351249632e+00 3.078160981899536797e+00
-5.322024771952546196e+00 6.893553501539900097e+00 2.834898002088388935e+00
-4.486984319085622452e+00 5.824192049615928291e+00 2.402553613949090394e+00
-3.304843441840821683e+00 4.298908305017022258e+00 1.780414968958063060e+00
-2.009906948974188534e+00 2.620916351404372069e+00 1.091812574095859967e+00
-8.353824171611341498e-01 1.093851995766214724e+00 4.610894780470281007e-01
2.199819915075039711e-01 -2.817779001657425009e-01 -1.106361029350637210e-01
1.157266569380524190e+00 -1.505541533842477131e+00 -6.224041946089232669e-01
1.977365147058580463e+00 -2.577086959198702232e+00 -1.073423513418734432e+00
2.680951128503636038e+00 -3.496155750560727249e+00 -1.463096930286754471e+00
3.268371549419431421e+00 -4.262628587701351890e+00 -1.791103538849852184e+00
3.739653415050065544e+00 -4.876522499339467132e+00 -2.057391805638961291e+00
4.094547610373048485e+00 -5.337972714107654504e+00 -2.262143494046404690e+00
4.332564832046956305e+00 -5.647218563342644160e+00 -2.405744211622249384e+00
4.429417191220524685e+00 -5.770373879067670408e+00 -2.469741087250880263e+00
4.360389700412470759e+00 -5.673687049502209589e+00 -2.436043646283378106e+00
4.124064054365798704e+00 -5.357723308836904508e+00 -2.305829746280475767e+00
3.718891103896052375e+00 -4.823105348265028347e+00 -2.080395043573845193e+00
3.143243485062506171e+00 -4.070493867992263759e+00 -1.761111287482413523e+00
2.395467922047778586e+00 -3.100567188195279211e+00 -1.349384680621387167e+00
1.473937165818524964e+00 -1.913999817823529126e+00 -8.466143118192774875e-01
3.771015706720633465e-01 -5.114399118077993522e-01 -2.541506679113058054e-01
-8.964597328000064591e-01 1.106514365208220774e+00 4.267457486930941180e-01
-2.347988040741764593e+00 2.939339537670605296e+00 1.194945677601884082e+00
-3.723230969777006738e+00 4.663906410192691254e+00 1.913451527357563631e+00
-4.765081725027476622e+00 5.958292812246003045e+00 2.447745666737049852e+00
-5.470438713092232064e+00 6.823828819493157560e+00 2.800483443619285584e+00
-5.836413531434065938e+00 7.261761408690328601e+00 2.974174618130342118e+00
-5.860430196699816463e+00 7.273204032409621433e+00 2.971102315491469081e+00
-5.540323963766520698e+00 6.859084702008662937e+00 2.793242344120565601e+00
-4.874439948950722190e+00 6.020092957374744813e+00 2.442182932196721890e+00
-3.861731754709073261e+00 4.756626230543340661e+00 1.919044958859556171e+00
-2.501860479306929896e+00 3.068736102820848632e+00 1.224402711650865339e+00
-7.952944689364008779e-01 9.560750883049242699e-01 3.582052301115064008e-01
9.143141060755497485e-01 -1.158276903437709615e+00 -5.063297015282642866e-01
2.282761375219988675e+00 -2.851335878876575691e+00 -1.196813206890685599e+00
3.308606468113243881e+00 -4.123685670989783780e+00 -1.714665141959884398e+00
3.991169450772587890e+00 -4.975534666862320599e+00 -2.060716268023963682e+00
4.330632060418207807e+00 -5.406665413214830629e+00 -2.235131237920028102e+00
4.328188128357221665e+00 -5.416363458988946000e+00 -2.237297330843140308e+00
3.986262881840723971e+00 -5.003317733889516283e+00 -2.065665925536903647e+00
3.308326698151692113e+00 -4.165728192291289211e+00 -1.717895150912471136e+00
2.298737251499083811e+00 -2.901402355926020693e+00 -1.190971583938587042e+00
9.626254367818775082e-01 -1.207831259375645727e+00 -4.812991770227152410e-01
-3.474143718891140042e-01 4.705381929500505045e-01 2.253902772633430973e-01
-1.285114333980671431e+00 1.686155381603952508e+00 7.390114052839805714e-01
-1.854972744914000771e+00 2.436784723088407656e+00 1.056513292719648334e+00
-2.062266996427814192e+00 2.719898765927378559e+00 1.174262051595095002e+00
-1.912925214380728933e+00 2.532758613413491400e+00 1.088136565297979974e+00
-1.413395993584514398e+00 1.872492237740238652e+00 7.936233289204993602e-01
-5.705159025398837125e-01 7.361700156720830668e-01 2.859102902313975791e-01
6.086254884197866977e-01 -8.791230563562085765e-01 -4.400204033335466947e-01
2.116823191060833054e+00 -2.976218921960422925e+00 -1.389300805208712131e+00
3.946897062787419586e+00 -5.557802113549490386e+00 -2.567086774716344610e+00
5.687185893713544438e+00 -8.057216443637015502e+00 -3.719886495937742676e+00
6.937420648582583560e+00 -9.903313242550868978e+00 -4.586145067432608080e+00
7.707711109418087680e+00 -1.109198431404270480e+01 -5.158779611165734025e+00
8.008146724546564954e+00 -1.161932311044202315e+01 -5.430666590444104713e+00
7.848596006175396766e+00 -1.148170319382413140e+01 -5.394763972236730432e+00
7.238502646580504241e+00 -1.067585086167784780e+01 -5.044231635594847774e+00
6.186678685569884095e+00 -9.198912291252312912e+00 -4.372550086497980715e+00
4.701095141794178645e+00 -7.048515719983044825e+00 -3.373637622077662712e+00
2.788670582981750190e+00 -4.222829408525616834e+00 -2.041966054155621269e+00
4.550581814939715919e-01 -7.206162952483289308e-01 -3.726751974933973921e-01
-1.828612201271957671e+00 2.747339292733841809e+00 1.294530690614794199e+00
-3.601170942208993253e+00 5.467527798859383559e+00 2.612061816397970748e+00
-4.872117836374141753e+00 7.437061990054812277e+00 3.572831639609538978e+00
-5.649607899514094811e+00 8.653689959198459292e+00 4.170456673562230598e+00
-5.940211398825384848e+00 9.115853301610661319e+00 4.399383441925047933e+00
-5.748585331840910584e+00 8.822780964025255912e+00 4.255062776594995100e+00
-5.077053163992009566e+00 7.774623767786655648e+00 3.734174441899956953e+00
-3.925992370304874690e+00 5.972282260567942203e+00 2.834423913719691601e+00
-2.294149690141210396e+00 3.417272959954968492e+00 1.554383126038673124e+00
-1.788717906177973993e-01 1.116341069843656275e-01 -1.066200257195280970e-01
1.942487320083508440e+00 -3.192630570544792601e+00 -1.770689525370868322e+00
3.590974915566734538e+00 -5.745490055500899196e+00 -3.058005190124709838e+00
4.766593679157629104e+00 -7.547973340079345839e+00 -3.966477431979709589e+00
5.467971028953931167e+00 -8.601616523641936851e+00 -4.494757675451721113e+00
5.692590959737153788e+00 -8.908374595878427726e+00 -4.642131128644733096e+00
5.437026240212359696e+00 -8.470533670469055920e+00 -4.408410321524502962e+00
4.697170453000712342e+00 -7.290622670085390666e+00 -3.793829135877671455e+00
3.468469536190996738e+00 -5.371323561582738826e+00 -2.798937177460598225e+00
1.746152409974511599e+00 -2.715379636698580512e+00 -1.424494197526714245e+00
-4.745395546657787400e-01 6.744985723562055835e-01 3.286355954686862590e-01
-2.721538544881341171e+00 4.075302564264244864e+00 2.087504781077019533e+00
-4.516728022482251248e+00 6.767518314534728852e+00 3.480068210792485406e+00
-5.855511251475524759e+00 8.753822241608778754e+00 4.506958099719969191e+00
-6.733265919031159896e+00 1.003687458211491190e+01 5.168922597500000826e+00
-7.145560258540349707e+00 1.061922662873211642e+01 5.466725142658836134e+00
-7.088367983202809697e+00 1.050322571027387042e+01 5.401043505248056320e+00
-6.558282212666304289e+00 9.690918319653604840e+00 4.972368525017028418e+00
-5.552728557492736527e+00 8.183952078320000822e+00 4.180902538101752164e+00
-4.070177848832917888e+00 5.983477208502617550e+00 3.026457607373288283e+00
-2.110358992653052823e+00 3.090048456858764059e+00 1.508353662385487404e+00
-6.553484131299486259e-02 7.365632850632616857e-02 -7.449817943039660495e-02
1.670492741848313090e+00 -2.496915770724604133e+00 -1.422926139706221837e+00
3.095044580087323638e+00 -4.623187251640602291e+00 -2.537478961670855071e+00
4.206138024283039734e+00 -6.306325218233899577e+00 -3.418436658954772334e+00
5.002623261805504207e+00 -7.547080247925787688e+00 -4.065744597101772939e+00
5.484396434302436951e+00 -8.345696842862794895e+00 -4.478906825378172307e+00
5.652791267733710434e+00 -8.701766205597452952e+00 -4.656785183163968611e+00
5.510430331274151605e+00 -8.614289584756667395e+00 -4.597695128696440037e+00
5.061070688664103479e+00 -8.081747374922056082e+00 -4.299505979914203913e+00
4.309507764665449159e+00 -7.102148688364552598e+00 -3.759710440935892350e+00
3.442190264778065334e+00 -5.932521800216208341e+00 -3.099716443353273121e+00
2.642291679446138186e+00 -4.831401090998018510e+00 -2.442739785457324952e+00
1.910249405664547151e+00 -3.798843613940138475e+00 -1.788836180839849632e+00
1.246285599075260375e+00 -2.835039450307761388e+00 -1.138172181180197029e+00
6.504200503435022540e-01 -1.940297243566699414e+00 -4.910135889627406658e-01
1.224830539862722251e-01 -1.115029546646992831e+00 1.522862468963335214e-01
-3.378716449980206371e-01 -3.597381106408097384e-01 7.912982504074963508e-01
-7.311537472846918462e-01 3.250007726991872015e-01 1.425529550563560122e+00
-1.058023057008582679e+00 9.385507777519601635e-01 2.054435513217344411e+00
-1.319275850322338961e+00 1.480229802589992705e+00 2.677431863127928136e+00
-1.514562650412912603e+00 1.934332556185068164e+00 3.236306048605105623e+00
-1.644307981955670073e+00 2.285367603880493981e+00 3.672756335804126415e+00
-1.710647959588178946e+00 2.532913509215264369e+00 3.986054874589092911e+00
-1.715810395057341342e+00 2.676503300413177300e+00 4.175503253041657814e+00
-1.662087905384122433e+00 2.715623729645899154e+00 4.240448144119883800e+00
-1.551810848799703324e+00 2.649713570331203805e+00 4.180296801402541895e+00
-1.387320082906025043e+00 2.478160951289938296e+00 3.994532405347078097e+00
-1.170939563079585133e+00 2.200299730763502382e+00 3.682729269447603482e+00
-9.049487542227818704e-01 1.815404963426570095e+00 3.244567919742205486e+00
-5.915548527428662329e-01 1.322687518494705117e+00 2.679850066575566458e+00
-2.816905570740670939e-01 7.771158010697161167e-01 2.078957738034274971e+00
-2.451623808819347605e-02 2.345833744367372686e-01 1.532688859339168541e+00
1.805300821980051207e-01 -3.043540445932991778e-01 1.041580524630100424e+00
3.340592925688832260e-01 -8.391305124801835547e-01 6.061843094227605810e-01
4.367271285421876481e-01 -1.369172927486506541e+00 2.270626839830306443e-01
4.892195164211519121e-01 -1.893905974080204668e+00 -9.522432932884816736e-02
4.921929537163119983e-01 -2.412750731440488128e+00 -3.601725760979428426e-01
4.462609716892938505e-01 -2.925102634248475386e+00 -5.673424396962083449e-01
3.519979515712952090e-01 -3.430330120119763571e+00 -7.163541398733781485e-01
2.099387775058597638e-01 -3.927778399870868409e+00 -8.068873527475486362e-01
1.246852727087768842e-02 -4.273549064181125345e+00 -8.580233147922402548e-01
-2.463615819162312537e-01 -4.323779080503971528e+00 -8.899839773458256831e-01
-5.637331105177394441e-01 -4.077890672080144441e+00 -9.043775068789646765e-01
-9.370476924535880991e-01 -3.535347891349656102e+00 -9.029998342709626424e-01
-1.363891660223613966e+00 -2.695651053740021119e+00 -8.877800034907966653e-01
-1.842000287540055625e+00 -1.558331353557316667e+00 -8.607255908847356585e-01
-2.369221700447130541e+00 -1.229455259526472943e-01 -8.238681992118717101e-01
-2.943480521161999874e+00 1.610929574376580797e+00 -7.792090104384279403e-01
-3.562741212646289846e+00 3.643702532632225655e+00 -7.286643871084079738e-01
-4.224971172743331671e+00 5.975773094361968241e+00 -6.740115148507008769e-01
-4.794420572323509155e+00 8.245151343622492135e+00 -5.861473730009212346e-01
-5.138731883143149659e+00 1.008881241418304775e+01 -4.330642412071812331e-01
-5.260861178395507487e+00 1.150560657431258171e+01 -2.120164211727910697e-01
-5.163706992110848049e+00 1.249437283738893001e+01 7.971821592515482280e-02
-4.850165370625173722e+00 1.305389737179706344e+01 4.447621988967682682e-01
-4.323185499639659923e+00 1.318287183687563413e+01 8.855624201853213862e-01
-3.585825869060860427e+00 1.287985181072312812e+01 1.404313956357363669e+00
-2.641311055188183321e+00 1.214321547334930607e+01 2.002883899371060927e+00
-1.493089026916749606e+00 1.097112284678836858e+01 2.682734763897115293e+00
-1.448889765760758008e-01 9.361475921617241625e+00 3.444847297938695263e+00
1.134434788049347054e+00 7.624560617836738885e+00 4.107648903547654662e+00
2.079353532234080149e+00 6.073174379460148486e+00 4.488476506589443638e+00
2.690995062799541593e+00 4.709217201411659559e+00 4.586272369579242891e+00
2.970698368313228421e+00 3.535223459157885717e+00 4.400031176316483439e+00
2.920050143319916192e+00 2.554453099342809175e+00 3.928832352178919685e+00
2.540919429631392834e+00 1.771015983398514404e+00 3.171858774617807963e+00
1.835496947284930069e+00 1.189978775582031689e+00 2.128426613105170340e+00
8.063276862862883698e-01 8.171088215982433844e-01 7.981194021479796064e-01
-5.437229799937285390e-01 6.587060467883000259e-01 -8.191956440738537015e-01
-2.211515766294983365e+00 7.214793711579636781e-01 -2.723380609764940008e+00
-3.885585104170487192e+00 9.942815828424340641e-01 -4.586205472106212433e+00
-5.255487875949526710e+00 1.458096464297949257e+00 -6.078545415053640433e+00
-6.319559861353391206e+00 2.107485901208176138e+00 -7.198528774335040126e+00
-7.076303993105862666e+00 2.936349588900577956e+00 -7.944077632370760256e+00
-7.524400692489223275e+00 3.938058709063651186e+00 -8.312977168278360196e+00
-7.662715320487514248e+00 5.105590744052194374e+00 -8.302943277817607992e+00
-7.490302570239400382e+00 6.431665470262489137e+00 -7.911688056605019170e+00
-7.006407607695352979e+00 7.908882159856654326e+00 -7.136982887623782190e+00
-6.210463957399853463e+00 9.529857921907311180e+00 -5.976718875400754527e+00
-5.102088173259829773e+00 1.128736709322513931e+01 -4.428964482351541498e+00
-3.869486857772321819e+00 1.281043476612331311e+01 -2.765509993865922667e+00
-2.705725883255823305e+00 1.373450998699124881e+01 -1.263175789912467373e+00
-1.617546356730107160e+00 1.406239216596284081e+01 7.231205722002620462e-02
-6.112472446189755049e-01 1.379704007232056284e+01 1.235380112030004085e+00
3.073977188039758168e-01 1.294150820698877524e+01 2.220747254061376186e+00
1.133221280727680691e+00 1.149887966488821789e+01 3.023563612624955432e+00
1.861742245126537965e+00 9.472196077840509432e+00 3.639548674675011419e+00
2.489243797988117013e+00 6.864385372845469568e+00 4.065128356496741091e+00
3.012850683369623805e+00 3.678188151045187926e+00 4.297571198225864642e+00
3.430605622221688300e+00 -8.391636289881621025e-02 4.335123680727358320e+00
3.745959730992701964e+00 -3.830507961399270744e+00 4.254465482241300833e+00
3.967580777050037533e+00 -6.970979417913268250e+00 4.136429851791247003e+00
4.101457659841037717e+00 -9.504498816870246003e+00 3.985832912703898501e+00
4.152679496630639733e+00 -1.143046244650375520e+01 3.806752723362509361e+00
4.125332372465556396e+00 -1.274849622639326796e+01 3.602395117942344349e+00
4.022315243905389970e+00 -1.345850316775242561e+01 3.374881386845254738e+00
3.844994521439372370e+00 -1.356078145297429671e+01 3.124870334879932265e+00
3.593432688254663443e+00 -1.305585347628030846e+01 2.851753566871706447e+00
3.266553808781980539e+00 -1.194440350146347818e+01 2.553822397328866955e+00
2.862237739240971024e+00 -1.022726773332037453e+01 2.228370439095283650e+00
2.436806619058383916e+00 -8.310509408501273398e+00 1.901099255357227680e+00
2.047853399072208536e+00 -6.599815987970439224e+00 1.599603029626993411e+00
1.694768804519763972e+00 -5.095475988078298712e+00 1.323627160991493357e+00
1.377356661811187433e+00 -3.797643926114830926e+00 1.073287791580584072e+00
1.095800642370035494e+00 -2.706347793515244238e+00 8.490376311538521126e-01
8.506308663285461202e-01 -1.821495777059596755e+00 6.516315262768765937e-01
6.426903426360575100e-01 -1.142882573855111161e+00 4.820919001965981443e-01
4.731012192202891375e-01 -6.701956225273402179e-01 3.416741808446118744e-01
3.432308945244140763e-01 -4.030215144375083880e-01 2.318323083504287840e-01
2.546579603794774105e-01 -3.408528418646561420e-01 1.541844259818590523e-01
1.672335958260128819e-01 -2.988473911933581251e-01 8.198705481885645852e-02
3.864655458158497425e-02 -9.297179521105716771e-02 -1.363081990811851330e-02
-1.326957098447021366e-01 2.761206821136738543e-01 -1.341827040427208129e-01
-3.484461804489649150e-01 8.077444526040606920e-01 -2.812155480513550687e-01
-6.102907340177000650e-01 1.501190856280441910e+00 -4.562841789694388472e-01
-9.199205575275275493e-01 2.355738427520457368e+00 -6.609261958210053134e-01
-1.279004525655597302e+00 3.370664205222730025e+00 -8.966373580295599055e-01
-1.689161592428275238e+00 4.545256084291679599e+00 -1.164847446839972100e+00
-2.151933216942803373e+00 5.878826187706818196e+00 -1.466896594389991204e+00
-2.668755839167800126e+00 7.370725215556954701e+00 -1.804012065681716681e+00
-3.163136232006130033e+00 8.787365045742664194e+00 -2.121581374600767234e+00
-3.555347148367650867e+00 9.896885527334021049e+00 -2.362234792562079466e+00
-3.841927709610591712e+00 1.070126432887504642e+01 -2.523032300397243244e+00
-4.019525191346303039e+00 1.120244722750365796e+01 -2.601156418728610475e+00
-4.084948370469092538e+00 1.140231180370576780e+01 -2.593952994680616797e+00
-4.035261787785824339e+00 1.130260618721997190e+01 -2.499010370348770049e+00
-3.867949064719348407e+00 1.090485011595810150e+01 -2.314305802104841270e+00
-3.580788193105002737e+00 1.021040390928071240e+01 -2.038080750553372233e+00
-3.171794953148016294e+00 9.220498095562431828e+00 -1.668780388670566328e+00
-2.639207448622211682e+00 7.936240161201279619e+00 -1.205032504211236422e+00
-2.059613822999902144e+00 6.535350144264739924e+00 -7.162680024301013582e-01
-1.511305573350231413e+00 5.194314922321072281e+00 -2.732296107267992991e-01
-9.951626696689130913e-01 3.912342579693686595e+00 1.234153093584373639e-01
-5.119832520200022774e-01 2.688709490538402136e+00 4.730582058344633412e-01
-6.248790135336811102e-02 1.522756562200058505e+00 7.751452196644512682e-01
3.526761370960688202e-01 4.138852723389929156e-01 1.029173261531102668e+00
7.329307621558686092e-01 -6.384464816429414880e-01 1.234686273959980429e+00
1.077762867227300081e+00 -1.634728705552318306e+00 1.391271654250779699e+00
1.386720253811758674e+00 -2.575403776856290072e+00 1.498556794707351703e+00
1.659407587000432782e+00 -3.460871045943167523e+00 1.556205741002145926e+00
1.871964946378180450e+00 -4.188455965734705799e+00 1.575296107854548877e+00
2.000014607890008733e+00 -4.655532154616750518e+00 1.566517345413288353e+00
2.042499699620373033e+00 -4.862520435037389177e+00 1.529025577314117923e+00
1.998453198525297569e+00 -4.809813024841022688e+00 1.462028835760038392e+00
1.866986495749949793e+00 -4.497778439072713574e+00 1.364770171857955683e+00
1.647277997426164209e+00 -3.926766608912917178e+00 1.236510846945703124e+00
1.338561763044957553e+00 -3.097114199234091814e+00 1.076513595427637471e+00
9.401161391758697805e-01 -2.009150116039688516e+00 8.840259944108056489e-01
4.512524481616850824e-01 -6.632011869581505570e-01 6.582638746429684273e-01
-1.286962733146536919e-01 9.404019895336781509e-01 3.983947731737518816e-01
-6.946092114151610764e-01 2.501450449748245486e+00 1.446074320043960748e-01
-1.140240769202331750e+00 3.720301662426994227e+00 -6.169512309191804711e-02
-1.464598389309765381e+00 4.597451451379644283e+00 -2.195449137007776663e-01
-1.666731068716169162e+00 5.133391590480758104e+00 -3.279247195004171278e-01
-1.745714315734309796e+00 5.328618636082726567e+00 -3.857465375058710677e-01
-1.700630532743452772e+00 5.183645317503385641e+00 -3.918196033673666534e-01
-1.530543739459252928e+00 4.699014818434046781e+00 -3.448052564003087905e-01
-1.234513392233218321e+00 3.875293826847769019e+00 -2.432590861030867746e-01
-8.116031010725507366e-01 2.713066473369520892e+00 -8.566084478253288559e-02
-2.608847195385826656e-01 1.212930271389055070e+00 1.295660728915538074e-01
2.970686302546088342e-01 -2.974955413043408048e-01 3.531957275315132927e-01
7.404852708843093767e-01 -1.491353244877748452e+00 5.340701540172509976e-01
1.068479682155696331e+00 -2.369162914326474745e+00 6.708428907444236033e-01
1.280173580941584621e+00 -2.931456260123182833e+00 7.621135267232821420e-01
1.374699630057796940e+00 -3.178772846052175804e+00 8.064457430486228207e-01
1.351205093387045642e+00 -3.111656140713132679e+00 8.023853147508085426e-01
1.208855436491707680e+00 -2.730649399683032552e+00 7.484780718779768804e-01
9.468378628941673814e-01 -2.036291377348576237e+00 6.432878391298081366e-01
5.643647939328548802e-01 -1.029111871964447200e+00 4.854143356829608846e-01
6.067729218947486014e-02 2.903728904026052771e-01 2.735110351906485660e-01
-4.791970390370329236e-01 1.712433445965945600e+00 4.364360557295321463e-02
-9.695311647047915038e-01 3.027849809728216712e+00 -1.668406217180103956e-01
-1.410015203607547063e+00 4.236882919000401593e+00 -3.573088546062865856e-01
-1.800345335048564532e+00 5.339792043507427977e+00 -5.271253463693752472e-01
-2.140224965010968816e+00 6.336832783045968753e+00 -6.756573700724652909e-01
-2.429365873046207991e+00 7.228255004779310156e+00 -8.022811770389268737e-01
-2.667489343056542062e+00 8.014300723205753485e+00 -9.063879426952023977e-01
-2.854327264003229558e+00 8.695201933759957313e+00 -9.873896939164787945e-01
-2.989623210345919269e+00 9.271178402385261919e+00 -1.044725225546995873e+00
-3.073133503576219283e+00 9.742435417760843208e+00 -1.077866009085175492e+00
-3.076088558272036533e+00 9.976799848774847490e+00 -1.079143212214089154e+00
-2.969370717992896758e+00 9.842167408471896195e+00 -1.040612229494093821e+00
-2.752270783966666023e+00 9.338817005793329074e+00 -9.615158461276309687e-01
-2.424140964135170773e+00 8.466985768913856347e+00 -8.413221328745734695e-01
-1.984398319233124042e+00 7.226864891529798385e+00 -6.797455472308455704e-01
-1.432528405822720785e+00 5.618594950308301250e+00 -4.767753471788194197e-01
-7.680882730091023181e-01 3.642262866399951005e+00 -2.326988899766213592e-01
9.293485489377507902e-03 1.297906881316560623e+00 5.194610582732045456e-02
8.999151011077769491e-01 -1.414482078262509823e+00 3.763891115285722955e-01
1.903999474791040925e+00 -4.494960062306843085e+00 7.396334737071958987e-01
2.852910894198815051e+00 -7.407921688759328660e+00 1.076416369260943195e+00
3.577228035253346761e+00 -9.617915106113040125e+00 1.322128309362969656e+00
4.076043166443176879e+00 -1.112520144356950524e+01 1.476932566410491532e+00
4.348585850224012006e+00 -1.192994173488418674e+01 1.541440820526912781e+00
4.394226698755208993e+00 -1.203219787391185136e+01 1.516700922766181403e+00
4.212481289757532110e+00 -1.143193385344129531e+01 1.404184736454334725e+00
3.803014266976590729e+00 -1.012901725791783925e+01 1.205776040071247390e+00
3.165643673640889943e+00 -8.123220970879756919e+00 9.237584891774912599e-01
2.300345516062269002e+00 -5.414225080770183496e+00 5.608036054159539763e-01
1.207258579386417674e+00 -2.001618958512599189e+00 1.199587758908398083e-01
1.204488158110977036e-01 1.374795180562982555e+00 -3.047325202288075907e-01
-7.259752191728601201e-01 3.974786112075933353e+00 -6.228971791347077680e-01
-1.331809264266403670e+00 5.798089387079213175e+00 -8.370340114169512180e-01
-1.697026951837040443e+00 6.844339942235957430e+00 -9.500548281778833370e-01
-1.821785404039636624e+00 7.113074944442239200e+00 -9.652707438261378670e-01
-1.706431174906944293e+00 6.603736739172217263e+00 -8.863784239913554686e-01
-1.351506552386164017e+00 5.315675879910268797e+00 -7.174462580865479389e-01
-7.577561937689197835e-01 3.248154225119021632e+00 -4.629004576371952284e-01
7.386584971031492919e-02 4.003480745921749184e-01 -1.275110321765218768e-01
1.142188706624067018e+00 -3.228648674406657815e+00 2.836223812379445874e-01
2.197089698501683674e+00 -6.813830760513480911e+00 6.782998085316722658e-01
2.989806258416293439e+00 -9.529111028584578591e+00 9.710485994173625457e-01
3.521199314882960785e+00 -1.137369362816581386e+01 1.166896704870847845e+00
3.792377343629145692e+00 -1.234669456529247356e+01 1.271236119894605832e+00
3.804705713752051466e+00 -1.244714508959722998e+01 1.289806359872768482e+00
3.559818105921896958e+00 -1.167399428502130299e+01 1.228680274283955320e+00
3.059628972389827339e+00 -1.002611111798371191e+01 1.094251936594246910e+00
2.306330551580037636e+00 -7.502293362293580792e+00 8.932019583891332992e-01
1.302392224925140951e+00 -4.101275165504232767e+00 6.324669508665905493e-01
5.056120065187556800e-02 1.782662994119222910e-01 3.192117621649663284e-01
-1.195143882864005969e+00 4.458331004768506745e+00 2.830341317494688980e-02
-2.183932762415898843e+00 7.859259145821107850e+00 -1.745674853427168216e-01
-2.917904139825973076e+00 1.037987551901025540e+01 -2.960408314935301100e-01
-3.399439444043221403e+00 1.201894733064109744e+01 -3.429940741791712711e-01
-3.631202635868149731e+00 1.277519070378100174e+01 -3.225147741640803645e-01
-3.616139366071010386e+00 1.264727706754320202e+01 -2.418732726801238186e-01
-3.357475445833081995e+00 1.163383941224156537e+01 -1.084955057233596420e-01
-2.858714563091587557e+00 9.733478401691801452e+00 7.006388913077676861e-02
-2.123635250282757791e+00 6.944768322279420758e+00 2.861482289347638819e-01
-1.156287083107708336e+00 3.266262854181555042e+00 5.320251637182915605e-01
-1.485247563142809424e-01 -5.852559004965131040e-01 7.553739264800624076e-01
7.118095986599002334e-01 -3.891359830173614753e+00 9.120936438263385071e-01
1.426632741771943103e+00 -6.651086211222754230e+00 1.006800853425050324e+00
1.998036753399062615e+00 -8.863456894093697969e+00 1.044174582331366175e+00
2.428287920784856002e+00 -1.052748181450380649e+01 1.028941078072446391e+00
2.719825137173530916e+00 -1.164216239075630810e+01 9.658587811862400230e-01
2.875257818139432153e+00 -1.220649479938318827e+01 8.597035785047220102e-01
2.897363326558665797e+00 -1.221947313287708958e+01 7.152542736794087475e-01
2.789083926701852789e+00 -1.168009242285339866e+01 5.372783643909126994e-01
2.553523281326127492e+00 -1.058735152313586880e+01 3.305181569524875407e-01
2.257610750385107501e+00 -9.248237611746718656e+00 1.340664422497446218e-01
1.966070341718247905e+00 -7.970618158563753219e+00 -1.648181799413794835e-02
1.678781060671561409e+00 -6.754809310970407488e+00 -1.216726627544115757e-01
1.395574954410958801e+00 -5.601128163963990048e+00 -1.820697542254907653e-01
1.116234333321240557e+00 -4.509892033102439690e+00 -1.982538756296376992e-01
8.404908614971298153e-01 -3.481417288177055536e+00 -1.708221663505622434e-01
5.680249393718661555e-01 -2.516018298700332334e+00 -1.003866470174566983e-01
2.984560836863081046e-01 -1.614008714718405679e+00 1.242662081678302943e-02
3.134669267851622476e-02 -7.756995306355766173e-01 1.669801807176710673e-01
-2.337910928329644256e-01 -1.396500061090211187e-03 3.626282728602773231e-01
-4.588515316877022632e-01 6.322209825308161557e-01 5.511808688310468884e-01
-6.062710071434480597e-01 1.048656950207439653e+00 6.837623499918495940e-01
-6.773640395390126967e-01 1.247886424999456345e+00 7.587468481849592994e-01
-6.734151196127642347e-01 1.229887319717346328e+00 7.745841500377934619e-01
-5.956730146567520423e-01 9.946398829413236609e-01 7.298044116449124985e-01
-4.453452730483629107e-01 5.421259497749769674e-01 6.230230205498323848e-01
-2.235929166611981544e-01 -1.276719882834738695e-01 4.529456080764058257e-01
6.847469244100025387e-02 -1.014771883641738315e+00 2.183732178153301451e-01
4.298048117125918277e-01 -2.119193382345161414e+00 -8.179239228197399125e-02
8.594061167062131412e-01 -3.440959205619284589e+00 -4.485433182577314160e-01
1.269773967042963303e+00 -4.711887609930923482e+00 -8.098428097819674321e-01
1.575229780907373200e+00 -5.663748221504409486e+00 -1.091731253700152671e+00
1.777502908941303694e+00 -6.296472076885968328e+00 -1.292336200839803162e+00
1.878236711146585192e+00 -6.609990220270294259e+00 -1.409937146475909175e+00
1.878980917328436195e+00 -6.604231781230748055e+00 -1.442974115952385450e+00
1.781184162905339097e+00 -6.279121934685496065e+00 -1.390056419429230861e+00
1.586186673616729381e+00 -5.634579779317334669e+00 -1.249971561612867932e+00
1.295213067367550597e+00 -4.670516171544335293e+00 -1.021694300726378568e+00
9.093652448895453988e-01 -3.386831557709545582e+00 -7.043958276164020704e-01
4.296153349719712411e-01 -1.783413847627516757e+00 -2.974530478179115978e-01
-7.418185196139724658e-02 -1.034460059818911315e-01 1.402759841564688581e-01
-5.333789036475236056e-01 1.409782894445844592e+00 5.489769687497745299e-01
-9.488702584302741716e-01 2.756238401667105542e+00 9.277506185691937191e-01
-1.321485032851989816e+00 3.935887875877428499e+00 1.275798075968920253e+00
-1.651982192006525629e+00 4.948699477466414365e+00 1.592426682649239256e+00
-1.941044123775253372e+00 5.794638852634647286e+00 1.877064723113264888e+00
-2.189266053574845827e+00 6.473658562795221449e+00 2.129302054102618413e+00
-2.397156807616087182e+00 6.985700752012105497e+00 2.348875262518925311e+00
-2.565140412444088192e+00 7.330700280790260592e+00 2.535649959820576171e+00
-2.693556467867561643e+00 7.508586489330343561e+00 2.689609070452040562e+00
-2.815478241590940733e+00 7.599834065876731160e+00 2.851076261177128757e+00
-2.963809859342277253e+00 7.685009097741142270e+00 3.060365429490941036e+00
-3.138551880587200138e+00 7.764174171568474669e+00 3.317535704494106952e+00
-3.339680570397276504e+00 7.837396994682999107e+00 3.622662854165126234e+00
-3.567149787058296884e+00 7.904746746339876395e+00 3.975837752910396983e+00
-3.820892860379624612e+00 7.966290448946575786e+00 4.377164849902269950e+00
-4.100824449047422604e+00 8.022089355063167559e+00 4.826760650407913467e+00
-4.406842423655662699e+00 8.072195337601618448e+00 5.324752186167169832e+00
-4.738829733464176464e+00 8.116647284445013710e+00 5.871275502775854527e+00
-5.096656257579215143e+00 8.155467492603797552e+00 6.466474165744942049e+00
-5.397968688933098669e+00 8.112350520733128789e+00 6.999874613136512380e+00
-5.560443152733305361e+00 7.910786513673587983e+00 7.361099345003054850e+00
-5.583962304259435960e+00 7.550510698201348347e+00 7.550424171396988626e+00
-5.468371211534132748e+00 7.031311275420451423e+00 7.568092316571091160e+00
-5.213472166870386282e+00 6.353042334997828000e+00 7.414306568130689001e+00
-4.819019618343956424e+00 5.515636769521027993e+00 7.089221351052257702e+00
-4.284715236886505352e+00 4.519119199315660751e+00 6.592934737203931306e+00
-3.610203062275394892e+00 3.363618905644770507e+00 5.925480461096745088e+00
-2.795064808864738737e+00 2.049382800980532160e+00 5.086819892736222926e+00
-1.838815331807186260e+00 5.767884489669090620e-01 4.076833998479067134e+00
-8.469980821620618494e-01 -9.106445650900767408e-01 2.999131252762937905e+00
7.438175075365541233e-02 -2.269614015294167952e+00 1.957181931270336461e+00
9.251267768998314711e-01 -3.499972816380744423e+00 9.506115573418392195e-01
1.704986539614670393e+00 -4.601594964384554842e+00 -2.092934792232670205e-02
2.413657367013445132e+00 -5.574377949709646174e+00 -9.577573566015049611e-01
3.050775643465536202e+00 -6.418251366172819772e+00 -1.860137776502884366e+00
3.615888542524714033e+00 -7.133215218530415846e+00 -2.728237155035510231e+00
4.108461330870973427e+00 -7.719350706479803925e+00 -3.562137744884476653e+00
4.527889465931110635e+00 -8.176813656236044281e+00 -4.361849450749821777e+00
4.873506780982654440e+00 -8.505829438297160650e+00 -5.127314042642760583e+00
5.121251774769935317e+00 -8.675845419486698518e+00 -5.769005344205668351e+00
5.247034214922405404e+00 -8.656615097873851639e+00 -6.197254319921000842e+00
5.250064144652416331e+00 -8.448970732532581351e+00 -6.411673612922879961e+00
5.129511854515762082e+00 -8.053868227458121254e+00 -6.411802981695025494e+00
4.884520368595994810e+00 -7.472372868644267641e+00 -6.197115939157566089e+00
4.514217786029710133e+00 -6.705644950032283447e+00 -5.767026419711590357e+00
4.017729462960335063e+00 -5.754925275393616424e+00 -5.120895458168728709e+00
3.394190002763428193e+00 -4.621520489421021338e+00 -4.258037920560506784e+00
2.642755063260182613e+00 -3.306788270260745399e+00 -3.177729208605792888e+00
1.762612971072583967e+00 -1.812122373402687892e+00 -1.879211935575466175e+00
9.017875474371191968e-01 -3.907512610117548357e-01 -6.048013912953645876e-01
2.099488636970014421e-01 7.060871776076761419e-01 4.021165662556561715e-01
-3.112213272106983952e-01 1.480027787186010801e+00 1.140651955224420533e+00
-6.600668973149572683e-01 1.932770683911842813e+00 1.609841161408767540e+00
-8.349769494099501532e-01 2.066061374512977000e+00 1.808658394734257602e+00
-8.344051470612314780e-01 1.881670606982637217e+00 1.736027100857384875e+00
-6.568887712040899496e-01 1.381373959525038941e+00 1.390831318447159681e+00
-3.010675253863758227e-01 5.669311870895068495e-01 7.719269570518654255e-01
2.342979186814690140e-01 -5.599346692781634882e-01 -1.218469891229411461e-01
9.503076252370432631e-01 -1.997558392455693888e+00 -1.291657290926202517e+00
1.659936904306249073e+00 -3.378609308895187624e+00 -2.440220368804367990e+00
2.174180743534064764e+00 -4.338166401068193068e+00 -3.268498839961699876e+00
2.491200452457994707e+00 -4.878225084626604868e+00 -3.775042247585294053e+00
2.609351205124767592e+00 -5.000705788084665926e+00 -3.958398962670286458e+00
2.527205934421239419e+00 -4.707429095809841257e+00 -3.817130950359077790e+00
2.243589272755442732e+00 -4.000085610011057113e+00 -3.349827723216796560e+00
1.757609715644694592e+00 -2.880204432325080610e+00 -2.555119611930220636e+00
1.068585366951207538e+00 -1.349171719185099150e+00 -1.431697709802089769e+00
1.759920797386867464e-01 5.917601720487883910e-01 2.166745227482907987e-02
-9.205756714015405073e-01 2.941469241853189587e+00 1.806108126815144210e+00
-2.039193213977198216e+00 5.263643977106351457e+00 3.629477167076265776e+00
-2.996875552484754124e+00 7.123556385409622216e+00 5.197942244955235047e+00
-3.792534921694129313e+00 8.522486125202936691e+00 6.510084830158358038e+00
-4.425262678261494109e+00 9.461606001095921314e+00 7.564569711456512913e+00
-4.894290716545488529e+00 9.941984716145425338e+00 8.360162161184538476e+00
-5.198952918636995157e+00 9.964589817894266233e+00 8.895745028605118065e+00
-5.338646634569190752e+00 9.530290822764692749e+00 9.170335770264012254e+00
-5.312794289250650337e+00 8.639862467517961164e+00 9.183103419146254609e+00
-5.120805037576559471e+00 7.293988113028837539e+00 8.933385517997344039e+00
-4.762036479932961974e+00 5.493263301813666288e+00 8.420705037010748129e+00
-4.369046405004317180e+00 3.686092272609703624e+00 7.776288677018671436e+00
-4.075546763371920456e+00 2.320278864077446546e+00 7.132018565332343130e+00
-3.882528575308096919e+00 1.395468649991156163e+00 6.488436131188427325e+00
-3.790950000963178912e+00 9.113047656977113498e-01 5.845914625970440426e+00
-3.801761904345537069e+00 8.674222764721708501e-01 5.204645004102081529e+00
-3.915933301510572395e+00 1.263442357894006607e+00 4.564621790894342723e+00
-4.134476674065194146e+00 2.098966263491091500e+00 3.925628920383783971e+00
-4.458473118121448309e+00 3.373569089612951544e+00 3.287225522606524564e+00
-4.889097289690203851e+00 5.086793276863935453e+00 2.648731638678795797e+00
-5.427642104966806436e+00 7.238141820453176223e+00 2.009213838736879421e+00
-5.885765701071967726e+00 9.317495411532211946e+00 1.341343491824444900e+00
-6.073030003567264856e+00 1.081548620864022681e+01 6.189225169404677374e-01
-5.987522430932517459e+00 1.173271147478395626e+01 -1.571757668478790393e-01
-5.627105351561587199e+00 1.206984129236879966e+01 -9.856417178569483184e-01
-4.989382466227660018e+00 1.182763573547005365e+01 -1.864703710735066799e+00
-4.071657665870801246e+00 1.100696802310926081e+01 -2.792093380281331250e+00
-2.870908480665155693e+00 9.608847053086194023e+00 -3.765013249666673278e+00
-1.383854462983532096e+00 7.634390413105331064e+00 -4.780188240814149836e+00
3.930110522011995844e-01 5.084815469212704109e+00 -5.833887271967366672e+00
2.463402382628841369e+00 1.961437938408477466e+00 -6.921933017980185454e+00
4.476376205813947351e+00 -1.137392015482889818e+00 -7.875698645000987597e+00
6.075823592261195394e+00 -3.614906214101184290e+00 -8.531614750100198208e+00
7.257549577776450711e+00 -5.472122883290070128e+00 -8.893199240820358398e+00
8.016983288758900983e+00 -6.710100006280947937e+00 -8.964538439305231421e+00
8.349217023767558032e+00 -7.329928550160710543e+00 -8.750267667792304138e+00
8.249045082453696054e+00 -7.332725932291237925e+00 -8.255551418226051652e+00
7.711002247973969048e+00 -6.719629688492513964e+00 -7.486063044688498813e+00
6.729401772983401031e+00 -5.491791355085075210e+00 -6.447963942063934084e+00
5.298372852128604649e+00 -3.650370473856337394e+00 -5.147882153354355950e+00
3.411897491592779108e+00 -1.196528691945328404e+00 -3.592890378315066968e+00
1.440953300962972916e+00 1.349661157280052981e+00 -2.040635297214353105e+00
-2.366899692552609791e-01 3.469301338584614314e+00 -7.412802428986371428e-01
-1.616866652883132138e+00 5.163024799044160673e+00 3.092799541049968681e-01
-2.695279451931043457e+00 6.431441179897531946e+00 1.115473248779695448e+00
-3.467528249055157996e+00 7.275131926271475535e+00 1.682034816731924121e+00
-3.929138353393963889e+00 7.694645378229083121e+00 2.013991031936994247e+00
-4.075588144610903463e+00 7.690491817232256722e+00 2.116642987189465863e+00
-3.902336011655854087e+00 7.263138465589054071e+00 1.995549622458871353e+00
-3.404846609455372874e+00 6.413004400621167278e+00 1.656510437235679145e+00
-2.578616409748903049e+00 5.140455360035601551e+00 1.105547807594853049e+00
-1.690319828763204857e+00 3.833165408055764445e+00 5.133941196172451260e-01
-1.011881247988946519e+00 2.878190357053663107e+00 4.372216827231167890e-02
-5.467022446259606205e-01 2.274917314350127562e+00 -3.080335565046277146e-01
-2.981708406265016764e-01 2.022738864689090477e+00 -5.466296486319812686e-01
-2.696466335806266823e-01 2.121054908749116841e+00 -6.770022256174792474e-01
-4.644456024181631282e-01 2.569275802494115357e+00 -7.042511026024158571e-01
-8.858249156973938554e-01 3.366826872250211267e+00 -6.336089949335896865e-01
-1.536979231238051469e+00 4.513139490274726384e+00 -4.704212753793661772e-01
-2.421038439675604170e+00 6.007641407730812233e+00 -2.201186186967878378e-01
-3.541064729969669145e+00 7.849748949886972582e+00 1.118135531872672672e-01
-4.629306320175087031e+00 9.589427099617727990e+00 4.068772915548737323e-01
-5.412722177420179470e+00 1.077748527125713096e+01 5.557971431912913651e-01
-5.886447397991809716e+00 1.141460530513211324e+01 5.670036144396974898e-01
-6.045710396514694551e+00 1.150151006181740243e+01 4.490327331477264039e-01
-5.885837859804404104e+00 1.103897255650683640e+01 2.104776034894224601e-01
-5.402259717992668797e+00 1.002782354110079766e+01 -1.400599687042873853e-01
-4.590514176360845688e+00 8.468957499620174190e+00 -5.940177604551419854e-01
-3.446252908341507215e+00 6.363337000155128820e+00 -1.142921362092281345e+00
-1.965246366791213894e+00 3.711995429942583247e+00 -1.778432264998923262e+00
-1.433892564378353163e-01 5.160381118910212228e-01 -2.492395784053517360e+00
1.724207948284476322e+00 -2.708974268717066369e+00 -3.182800944997479231e+00
3.337016330895258953e+00 -5.448685552178839764e+00 -3.758142592669353466e+00
4.690963255615122840e+00 -7.703743101342223731e+00 -4.226140180339273300e+00
5.782075717205926502e+00 -9.474853971372525052e+00 -4.594422064176622911e+00
6.606485267945390483e+00 -1.076278519504813325e+01 -4.870483138550310898e+00
7.160433142876883927e+00 -1.156836267854177080e+01 -5.061642644512183153e+00
7.440275603126129234e+00 -1.189246875549479121e+01 -5.175002164523961667e+00
7.442489584308186856e+00 -1.173603837172658970e+01 -5.217403924333707366e+00
7.163678618603880999e+00 -1.110005403101467891e+01 -5.195389343171588514e+00
6.600579059523774106e+00 -9.985539567895257207e+00 -5.115157849189257533e+00
5.885894401946056398e+00 -8.609300567225080414e+00 -5.033393691795812863e+00
5.154223761530441372e+00 -7.187861582885576084e+00 -5.002951122915892945e+00
4.405252192297783864e+00 -5.721830375934009005e+00 -5.023940103823649750e+00
3.638668024859038397e+00 -4.211782113466901123e+00 -5.096383255693619496e+00
2.854164070334943570e+00 -2.658254004682373051e+00 -5.220212455532562856e+00
2.051448599483490121e+00 -1.061752476434879577e+00 -5.395259357720089355e+00
1.230246747869538027e+00 5.771931811384871658e-01 -5.621284820222657963e+00
3.902203265767707485e-01 2.258030460862652689e+00 -5.898087745148697714e+00
-4.690507787674781381e-01 3.980183759055806014e+00 -6.225529192208361096e+00
-1.348070319552251428e+00 5.743046607059683062e+00 -6.603537838570803231e+00
-2.146160485754208480e+00 7.311617945983549305e+00 -6.924085091457594210e+00
-2.759956681113731491e+00 8.453343488442605747e+00 -7.076396071530322018e+00
-3.185977404732765805e+00 9.171262527262515007e+00 -7.056552653327331726e+00
-3.420674835468464181e+00 9.468423782578405223e+00 -6.860867173181857126e+00
-3.460398216781592762e+00 9.347926600374108830e+00 -6.485821938326965963e+00
-3.301357905519659575e+00 8.812963985991192573e+00 -5.928009427648239793e+00
-2.939590110595696082e+00 7.866867468361887106e+00 -5.184073178205773402e+00
-2.370922392751549701e+00 6.513153785866256484e+00 -4.250649401815261186e+00
-1.590940005688638692e+00 4.755573490614771970e+00 -3.124309278120798616e+00
-5.949531987495294549e-01 2.598161550256468555e+00 -1.801501935933802034e+00
3.901329665537900948e-01 5.187434679100196844e-01 -5.147369517758563218e-01
1.130444825940134956e+00 -1.010899197871013788e+00 4.980230807552799011e-01
1.620199111625200139e+00 -1.995788291584198237e+00 1.232211485687130237e+00
1.853246096458051495e+00 -2.441298941900785113e+00 1.683109467457916342e+00
1.823033133218790125e+00 -2.353233657538771784e+00 1.845773679947952495e+00
1.522570373161270085e+00 -1.737899637465947444e+00 1.714964821106413018e+00
9.443990294745452374e-01 -6.021895482570838176e-01 1.285077300011505885e+00
8.056250051753328922e-02 1.046333876937311613e+00 5.500700525118479289e-01
-1.077419057968177496e+00 3.199349204054808382e+00 -4.966013782555263045e-01
-2.538570163654658707e+00 5.847683326798046366e+00 -1.862051366283268283e+00
-3.990905712374317460e+00 8.428799692031104129e+00 -3.234657379042424452e+00
-5.110587399474405323e+00 1.039206762498896985e+01 -4.293636124044990510e+00
-5.888863243957802140e+00 1.174623184657748531e+01 -5.032409604451479446e+00
-6.316361052690646183e+00 1.250105062385783583e+01 -5.443732680793219814e+00
-6.383072287227459007e+00 1.266741375796454605e+01 -5.519617820118968510e+00
-6.078271798142698579e+00 1.225753397210651485e+01 -5.251187912038960626e+00
-5.390342032373732550e+00 1.128521746614944021e+01 -4.628436724079413978e+00
-4.307139398677183095e+00 9.765570734968054722e+00 -3.640578387863782517e+00
-2.816245336052187742e+00 7.714798707748850681e+00 -2.276277944977742163e+00
-9.051388869202914300e-01 5.150062696196051171e+00 -5.238022476628945157e-01
1.110113455182195619e+00 2.532964662614877849e+00 1.327241292987572541e+00
2.900204042806269200e+00 3.077378082657357683e-01 2.975263493975096374e+00
4.457593678050828956e+00 -1.534548705324312534e+00 4.413910111493705379e+00
5.774572886380903824e+00 -3.003605320351607766e+00 5.636449529468430697e+00
6.843368022997720956e+00 -4.109823964368642280e+00 6.635868424538456267e+00
7.656241362968277286e+00 -4.864172750114037491e+00 7.404964912842475933e+00
8.205584498743045074e+00 -5.278083418222262679e+00 7.936438979545222594e+00
8.484004748677030250e+00 -5.363331590187311093e+00 8.222979731797572356e+00
8.484403979050936684e+00 -5.131910024921942259e+00 8.257349483236829712e+00
8.200049570532380372e+00 -4.595895182314258420e+00 8.032464514963622904e+00
7.796700333081197698e+00 -3.930268483464851137e+00 7.690762861244060389e+00
7.444923357920436580e+00 -3.300724719208385949e+00 7.379815938946194365e+00
7.145510078627638428e+00 -2.705375453625549209e+00 7.100413771877727598e+00
6.899247560784532496e+00 -2.142331821545442327e+00 6.853353896421355174e+00
6.706915928654924031e+00 -1.609728643214682453e+00 6.639432197558109650e+00
6.569286965292509883e+00 -1.105749122816993779e+00 6.459434415494056836e+00
6.487123783399525223e+00 -6.286500971778874458e-01 6.314128323821941891e+00
6.461181730996063521e+00 -1.767876844893084831e-01 6.204256278445448913e+00
6.492210122149046470e+00 2.513565890617822651e-01 6.130528320566414280e+00
6.580954688722753687e+00 6.571492425822921257e-01 6.093615725031219732e+00
6.770007899691009357e+00 1.045635250754677337e+00 6.060170864544989655e+00
7.101988048281843824e+00 1.421872552811871637e+00 5.996851936110246584e+00
7.577667521837923026e+00 1.786841870628338658e+00 5.904227231865015746e+00
8.197801558282572287e+00 2.141122150623952614e+00 5.782753290914792288e+00
8.963128812627992659e+00 2.484847141356458344e+00 5.632763306740093512e+00
9.874331152175283677e+00 2.817759750631913196e+00 5.454476211409447828e+00
1.093189732049280494e+01 3.139524458742931401e+00 5.248064349540626061e+00
1.213621562372482821e+01 3.449528504523452277e+00 5.013619147886062777e+00
1.348761361032314987e+01 3.746818536958087975e+00 4.751147234754591331e+00
1.498636100757982703e+01 4.030123456365711121e+00 4.460584062649560977e+00
1.627661433948022918e+01 4.170870580105410674e+00 4.171118935028452768e+00
1.700237582606739295e+01 4.040865551729022620e+00 3.913121093023219643e+00
1.716307161485346455e+01 3.640343759726512918e+00 3.688137843338551658e+00
1.675745970937736473e+01 2.971032531290202172e+00 3.497529600165885988e+00
1.578368027037246790e+01 2.036054841724795672e+00 3.342432284868770864e+00
1.423930939542575658e+01 8.398349366785423653e-01 3.223723108384960234e+00
1.212141550309488025e+01 -6.119944827186136749e-01 3.141989022517879260e+00
9.426617803530602302e+00 -2.312683054245567860e+00 3.097495836928573887e+00
6.151145970118129469e+00 -4.254452731676162003e+00 3.090159660236695860e+00
2.290900400443011353e+00 -6.428587079564096918e+00 3.119519896434966189e+00
-1.561907494062906299e+00 -8.443556201057683452e+00 3.151200250261212865e+00
-4.809194105098751670e+00 -9.916477259468171823e+00 3.150747104780302621e+00
-7.445787798112042388e+00 -1.085196152833214711e+01 3.117819043439148174e+00
-9.465613703185267624e+00 -1.125583535416630987e+01 3.052796078374035549e+00
-1.086180127600132117e+01 -1.113505374006392934e+01 2.956798253965618350e+00
-1.162679153048477865e+01 -1.049761445753315670e+01 2.831704968379927578e+00
-1.175244341202469833e+01 -9.352472279967004809e+00 2.680175980288680648e+00
-1.123014102263260305e+01 -7.709452777498039033e+00 2.505664872560091183e+00
-1.005089907328499343e+01 -5.579164950863121142e+00 2.312434500842405427e+00
-8.205466479639667909e+00 -2.972912660173149479e+00 2.105574539728502170e+00
-6.107844787630784644e+00 -4.035110539004693186e-01 1.905507865240521737e+00
-4.183916476224349701e+00 1.625647402003165709e+00 1.726572188387048179e+00
-2.442451220221486974e+00 3.117235087440665353e+00 1.564836935139204632e+00
-8.926212509521116445e-01 4.074289699929258823e+00 1.415682842272121267e+00
4.560982120126313988e-01 4.500201113552283694e+00 1.273811738839766061e+00
1.594042673013101208e+00 4.398692265708172400e+00 1.133249050037170136e+00
2.511484445134032129e+00 3.773771211622996891e+00 9.873176605315417964e-01
3.198627453766220263e+00 2.629702375643370171e+00 8.286586978433655437e-01
3.645613366494254048e+00 9.710154543345372868e-01 6.492865888295565879e-01
3.842541657954013701e+00 -1.197483732385759891e+00 4.406445396786558000e-01
3.879790728544553424e+00 -3.467253303494638672e+00 2.144274914758536044e-01
3.858156541857271193e+00 -5.432569431105282121e+00 -9.192502677685121526e-03
3.783397568709323533e+00 -7.092733317786235503e+00 -2.262339577751629194e-01
3.661334153665216640e+00 -8.447176362397174287e+00 -4.324413173387876563e-01
3.497838764185061677e+00 -9.495467472467769454e+00 -6.233052850557534441e-01
3.298828026656190016e+00 -1.023731949962845711e+01 -7.940780037352210829e-01
3.070258491228030184e+00 -1.067259582604931900e+01 -9.397739689035754518e-01
2.818111056317176732e+00 -1.080131719492169040e+01 -1.055208704222662774e+00
2.548377541664279100e+00 -1.062366472186231725e+01 -1.135038182316187250e+00
2.267049366428323776e+00 -1.013998086008155752e+01 -1.173794704496974761e+00
1.980106875961491486e+00 -9.350768713946038702e+00 -1.165923391467444725e+00
1.693509384652351013e+00 -8.256689660848941514e+00 -1.105819238837914664e+00
1.413185993087960446e+00 -6.858559256052465081e+00 -9.878646879705914596e-01
1.145027228035234046e+00 -5.157341409900259244e+00 -8.064676603695219992e-01
8.948775433900605369e-01 -3.154140841451861021e+00 -5.561000026372737715e-01
6.685285104654523636e-01 -8.501937620029782483e-01 -2.313371029440208781e-01
4.717228023406284110e-01 1.753135840914646915e+00 1.731530597541161842e-01
3.101702181090785215e-01 4.654348862477183602e+00 6.626874718893109861e-01
1.895506250286819738e-01 7.851807953567716325e+00 1.242590345996478662e+00
1.155141334584722235e-01 1.134373511548244551e+01 1.918204060954510126e+00
9.368097885911319533e-02 1.512820878383898027e+01 2.694900202943435019e+00
1.296411001894385573e-01 1.920316040508899746e+01 3.578090691355140684e+00
2.289534029431010143e-01 2.356637050805911926e+01 4.573238973707073995e+00
3.971446939317874736e-01 2.821546427195278284e+01 5.685871273299500928e+00
