3.325965738137782735e-01 6.077460814467193495e-02 4.059651599544480960e-01
3.302483470601359494e-01 5.948247949959429431e-02 4.037785900973840936e-01
3.287276613506995848e-01 5.864712258187034649e-02 4.023646619327455043e-01
3.280358988157218159e-01 5.826773865097195637e-02 4.017223626995699015e-01
3.281744380486503188e-01 5.834351716903348611e-02 4.018506842321449835e-01
3.291446540436778201e-01 5.887363583772827619e-02 4.027486230056557814e-01
3.309479181216440358e-01 5.985726050944079751e-02 4.044151802688816799e-01
3.335855978423277746e-01 6.129354497391795165e-02 4.068493622653677200e-01
3.370590569011393534e-01 6.318163062163395516e-02 4.100501805445020964e-01
3.413696550081709025e-01 6.552064598517302885e-02 4.140166523639622342e-01
3.465187477474732658e-01 6.830970616002327023e-02 4.187478011850405690e-01
3.508361575223490347e-01 7.064443336057604772e-02 4.227091850962775843e-01
3.526480655790224517e-01 7.162272368298105985e-02 4.243690015494130940e-01
3.519503727091895517e-01 7.124712121395926356e-02 4.237302275673078267e-01
3.487389913920547757e-01 6.952020706210564061e-02 4.207958242481276701e-01
3.430098458961494123e-01 6.644459829090243463e-02 4.155687372813930414e-01
3.347588722352196067e-01 6.202294573919624188e-02 4.080518982778713610e-01
3.239820179608054462e-01 5.625793074054358939e-02 3.982482269257409113e-01
3.106752417758469331e-01 4.915226075202497324e-02 3.861606339841436863e-01
2.948345129561374400e-01 4.070866390177448058e-02 3.717920251234106410e-01
2.764558105696732215e-01 3.092988246254667339e-02 3.551453056189137758e-01
2.559867963069126784e-01 2.005830933445790568e-02 3.366318670639239508e-01
2.338760929765648366e-01 8.335702796691100633e-03 3.166623971389286862e-01
2.101211315141383318e-01 -4.236138358878292071e-03 2.952387502287355803e-01
1.847193479342006672e-01 -1.765541562928140545e-02 2.723627873121902132e-01
1.576681825638949486e-01 -3.192033606375889454e-02 2.480363798999349612e-01
1.289650791954398412e-01 -4.702911797084431689e-02 2.222614143228457684e-01
9.860748416740608424e-02 -6.297999707570060834e-02 1.950397963641906651e-01
6.659284538737347825e-02 -7.977123313619274847e-02 1.663734562265628547e-01
3.291861131156795933e-02 -9.740111702829851170e-02 1.362643538224848905e-01
-2.417770099724082366e-03 -1.158679783136781077e-01 1.047144843752406962e-01
-3.842054776803570382e-02 -1.341736267167205343e-01 7.409257665530229187e-02
-7.408878674807442555e-02 -1.513217940834948594e-01 4.676596411810866882e-02
-1.094170862476912809e-01 -1.673145590786514481e-01 2.273482708010062317e-02
-1.443997962001876134e-01 -1.821550952291775549e-01 1.999692452597737896e-03
-1.790310134423782340e-01 -1.958476657638643648e-01 -1.543857606020644820e-02
-2.133045773008180046e-01 -2.083976199898776582e-01 -2.957878934016884911e-02
-2.472140650623381453e-01 -2.198113912606581011e-01 -4.041944573273343472e-02
-2.807527878008867495e-01 -2.300964965883782742e-01 -4.795874534672887185e-02
-3.139137870291111021e-01 -2.392615379541774001e-01 -5.219460570153947043e-02
-3.466898326402623187e-01 -2.473162053699038132e-01 -5.312467864787265986e-02
-3.790398330629418666e-01 -2.542544448262830104e-01 -5.071773951795543328e-02
-4.109223652282484318e-01 -2.600713717929743485e-01 -4.494227135740993390e-02
-4.423292893091841926e-01 -2.647800918144054272e-01 -3.579512929810560462e-02
-4.732521914551446329e-01 -2.683948400406724333e-01 -2.327296044535330857e-02
-5.036823919036493846e-01 -2.709309908117945032e-01 -7.372227689292200001e-03
-5.336109572971071691e-01 -2.724050693628557451e-01 1.191076573741655514e-02
-5.630287176883973510e-01 -2.728347656888114869e-01 3.457985103701912560e-02
-5.919262887230974934e-01 -2.722389505974507351e-01 6.063896803750933734e-02
-6.202940994917078843e-01 -2.706376939648576507e-01 9.009213887122463627e-02
-6.481224265523114481e-01 -2.680522851891457559e-01 1.229434412106943653e-01
-6.754140729877686766e-01 -2.645125900234879812e-01 1.591865251544352933e-01
-7.021714916518747573e-01 -2.600493073709047032e-01 1.988154641442775039e-01
-7.283842570872056665e-01 -2.546868269301132970e-01 2.418349853987324383e-01
-7.540418723249393551e-01 -2.484507891695325044e-01 2.882497774583503980e-01
-7.791338300292021124e-01 -2.413681128081290317e-01 3.380644598565530345e-01
-8.036496827709639357e-01 -2.334670241063729057e-01 3.912835526978816758e-01
-8.275791229898209478e-01 -2.247770877294460456e-01 4.479114461689031601e-01
-8.509120732173766077e-01 -2.153292388770904620e-01 5.079523699960786232e-01
-8.736387871511692715e-01 -2.051558162971017785e-01 5.714103628531990164e-01
-8.957499621825900649e-01 -1.942905957118233329e-01 6.382892417087401293e-01
-9.159937110616888090e-01 -1.835092643829479009e-01 7.044074695100704941e-01
-9.331340467368208769e-01 -1.735484565908084198e-01 7.655721994640785066e-01
-9.471858787690579096e-01 -1.643850568818648050e-01 8.217705179128711457e-01
-9.581639729323022658e-01 -1.559967148186519048e-01 8.729900002977002416e-01
-9.660828837425898818e-01 -1.483618065647315798e-01 9.192187209308967377e-01
-9.709568968054979043e-01 -1.414594051784183182e-01 9.604452587678844466e-01
-9.727999805442778536e-01 -1.352692592893293133e-01 9.966586993768553615e-01
-9.716257469081233111e-01 -1.297717797704115439e-01 1.027848633281924995e+00
-9.674474206869415616e-01 -1.249480339701830589e-01 1.054005150841452965e+00
-9.602778170767141130e-01 -1.207797470348282998e-01 1.075118833816068431e+00
-9.501271337994469102e-01 -1.172466887324681017e-01 1.091183739697366262e+00
-9.370056899663601335e-01 -1.143299126136745336e-01 1.102193718883303752e+00
-9.209259468244634927e-01 -1.120140918752499798e-01 1.108139707587778133e+00
-9.019000644545450696e-01 -1.102846059739034795e-01 1.109013038093868753e+00
-8.799398957428917756e-01 -1.091275531673077115e-01 1.104805426836873883e+00
-8.550569858719335725e-01 -1.085297682268833858e-01 1.095508960585344083e+00
-8.272625769383773475e-01 -1.084788449544595024e-01 1.081116080927851053e+00
-7.965676172873529248e-01 -1.089631631601280237e-01 1.061619567291784527e+00
-7.629827751269032676e-01 -1.099719197898774148e-01 1.037012518741358580e+00
-7.265184559593493852e-01 -1.114951639280898077e-01 1.007288334824917087e+00
-6.871763623497435525e-01 -1.135225444620403118e-01 9.724465867538214514e-01
-6.449584645194808008e-01 -1.160449455843312189e-01 9.324866510926843599e-01
-5.998752520309814651e-01 -1.190555758338049386e-01 8.874020328587076678e-01
-5.519370483364046676e-01 -1.225485341406446216e-01 8.371864727426943098e-01
-5.011540248295260902e-01 -1.265188516232982618e-01 7.818339357370951426e-01
-4.475362151783429665e-01 -1.309625369855788868e-01 7.213386008490196843e-01
-3.910935292927652518e-01 -1.358766254639281468e-01 6.556948522975636351e-01
-3.318357662335903457e-01 -1.412592312964621455e-01 5.848972726259991095e-01
-2.697726253168887811e-01 -1.471096037008584323e-01 5.089406381920812406e-01
-2.049137146117792352e-01 -1.534281863556091474e-01 4.278199175339670313e-01
-1.404800165499221487e-01 -1.596300133929403897e-01 3.459820208579075240e-01
-7.968043497811075349e-02 -1.651242752818531390e-01 2.678816597343363082e-01
-2.250664601891163089e-02 -1.699040878442758251e-01 1.935255549822750831e-01
3.104938152817019598e-02 -1.739632102558839322e-01 1.229201987943291247e-01
8.099536495581105555e-02 -1.772959992141178998e-01 5.607183591712795734e-02
1.273386896847459038e-01 -1.798973684400671513e-01 -7.013551644647368286e-03
1.700863941868306084e-01 -1.817627533756856206e-01 -6.633025677902341932e-02
2.092451574625195376e-01 -1.828880808964311044e-01 -1.218728566142152220e-01
2.448212887810840566e-01 -1.832697438257702705e-01 -1.736362193728003267e-01
2.768207194274869831e-01 -1.829045800109219133e-01 -2.216155090148568818e-01
3.052485431302346952e-01 -1.817886454189870937e-01 -2.658072347256902335e-01
3.301094172145629946e-01 -1.799184233442137626e-01 -3.062081472734986543e-01
3.514080580956869260e-01 -1.772920754167159330e-01 -3.428141995329912484e-01
3.691488153251101245e-01 -1.739082319987793057e-01 -3.756216162347609799e-01
3.833356684556211147e-01 -1.697659816404105959e-01 -4.046268946706009229e-01
3.939722248234567292e-01 -1.648648633610524938e-01 -4.298268045424600281e-01
4.010617180721690045e-01 -1.592048614739891288e-01 -4.512183871726659912e-01
4.046070072485847824e-01 -1.527864026696963695e-01 -4.687989542884568039e-01
4.046105763044704484e-01 -1.456103550757505971e-01 -4.825660865913602993e-01
4.010745338384669179e-01 -1.376780290134926588e-01 -4.925176323212849261e-01
3.940000547365407058e-01 -1.289895767270598792e-01 -4.986525361312457161e-01
3.833879311277228474e-01 -1.195457067402640738e-01 -5.009699466406721813e-01
3.692391473451289152e-01 -1.093492486966856220e-01 -4.994684053566585957e-01
3.515543290182425173e-01 -9.840350228285398015e-02 -4.941467049559702396e-01
3.303337416131986726e-01 -8.671223831163966944e-02 -4.850038918022227530e-01
3.055772880798979796e-01 -7.427969992594186943e-02 -4.720392698237297346e-01
2.772845054146407251e-01 -6.111060366968320418e-02 -4.552524059819872404e-01
2.454545599452918059e-01 -4.721014017005443347e-02 -4.346431375636796712e-01
2.100862411452310008e-01 -3.258397416911064381e-02 -4.102115815317364800e-01
1.711779537828495290e-01 -1.723824363368996540e-02 -3.819581461731162975e-01
1.313715042197501626e-01 -2.054566418846661639e-03 -3.520202978192926713e-01
9.331246661637340734e-02 1.209351847031812054e-02 -3.225342237216661245e-01
5.700431916420261452e-02 2.521142535571779808e-02 -2.934987089085697720e-01
2.245026758868044758e-02 3.730424632386181855e-02 -2.649127017361836423e-01
-1.034674827451248329e-02 4.837674467625468350e-02 -2.367753031003693165e-01
-4.138404835271486393e-02 5.843334924913654027e-02 -2.090857571810893767e-01
-7.065920667551524315e-02 6.747814953066384736e-02 -1.818434436275853106e-01
-9.817004619195646153e-02 7.551489151046554549e-02 -1.550478710904678314e-01
-1.239146340738444541e-01 8.254697420254086815e-02 -1.286986720052729072e-01
-1.478912775100136301e-01 8.857744678770343438e-02 -1.027955985307438397e-01
-1.700986913588013461e-01 9.360881164132907328e-02 -7.733817422858160762e-02
-1.905357736224175536e-01 9.764319285300628037e-02 -5.232603630259267946e-02
-2.092014637282530731e-01 1.006825484231389650e-01 -2.775929353144392792e-02
-2.260949389305188240e-01 1.027284888267164104e-01 -3.638184141677624096e-03
-2.412156123527741391e-01 1.037822761958520773e-01 2.003692564079641997e-02
-2.545631315019221685e-01 1.038448238839157350e-01 4.326554248294305766e-02
-2.661373772500188473e-01 1.029166963718337463e-01 6.604704638001157591e-02
-2.759384632796906267e-01 1.009981094782626820e-01 8.838069073361924655e-02
-2.839667359886313136e-01 9.808893083608415109e-02 1.102656021720068158e-01
-2.902227748484855763e-01 9.418868059814414218e-02 1.317007802118914661e-01
-2.947073259554428559e-01 8.929630718752400165e-02 1.526857037535651884e-01
-2.974213398983960865e-01 8.341039601539841641e-02 1.732197062688435041e-01
-2.983660571649008886e-01 7.652940715290772189e-02 1.933013707450972063e-01
-2.975429586051878128e-01 6.865146117793541336e-02 2.129291433369052133e-01
-2.949537678587426104e-01 5.977434062795585618e-02 2.321013339899803685e-01
-2.906004542091767395e-01 4.989549145725029333e-02 2.508161175029717804e-01
-2.844852358638189638e-01 3.901202445997505736e-02 2.690715351256240950e-01
-2.766105836544011098e-01 2.712071662075980077e-02 2.868654967918673471e-01
-2.669792251550149320e-01 1.421801235490276899e-02 3.041957840866167939e-01
-2.555941492131542092e-01 3.000246008577550161e-04 3.210600540454059404e-01
-2.432032598832867543e-01 -1.379999013689569079e-02 3.366556756813687268e-01
-2.305510245459150842e-01 -2.724320148063728159e-02 3.501827048759590388e-01
-2.176356076595478417e-01 -4.002561695202386943e-02 3.616426641632213834e-01
-2.044553467167746497e-01 -5.214355524227771294e-02 3.710369742332076948e-01
-1.910087496666331153e-01 -6.359364620755900144e-02 3.783669504452735755e-01
-1.772944931097319710e-01 -7.437283060007648938e-02 3.836337996582238064e-01
-1.633114211835804686e-01 -8.447835957975241561e-02 3.868386173735194888e-01
-1.490585450553559288e-01 -9.390779405085422638e-02 3.879823851879690144e-01
-1.345350429392633274e-01 -1.026590038679002365e-01 3.870659685524119320e-01
-1.197402605557219835e-01 -1.107301669553266699e-01 3.840901148328716985e-01
-1.046736241675721019e-01 -1.181198970960163769e-01 3.790557571711262175e-01
-8.933477618659151076e-02 -1.248270733466443072e-01 3.719636751153490573e-01
-7.372364664293906689e-02 -1.308507280118348381e-01 3.628142082904659005e-01
-5.784034447061501411e-02 -1.361901945037442829e-01 3.516075787052927448e-01
-4.168515783671074282e-02 -1.408451072451349650e-01 3.383438902424028560e-01
-2.525855442950659599e-02 -1.448154017786664471e-01 3.230231284176243722e-01
-8.561181625021957106e-03 -1.481013151311159071e-01 3.056451604038949443e-01
8.406133548412906761e-03 -1.507033864814647239e-01 2.862097353141482836e-01
2.564238472815836764e-02 -1.526224581818271253e-01 2.647164847379587238e-01
4.314638689877318967e-02 -1.538596771800173346e-01 2.411649235268027436e-01
6.091767040538023648e-02 -1.544173993590037819e-01 2.155544015040710970e-01
7.895553142874450758e-02 -1.542982371062757985e-01 1.878841233208370654e-01
9.725816343372069295e-02 -1.535041792585228049e-01 1.581532156116517984e-01
1.158235797771838965e-01 -1.520375209549079676e-01 1.263606951222209784e-01
1.346496173610375047e-01 -1.499008676665891104e-01 9.250547069707240611e-02
1.537339411388916333e-01 -1.470971399161362381e-01 5.658634548539649006e-02
1.730740495653533273e-01 -1.436295787254217027e-01 1.860201936457634916e-02
1.926672810796658530e-01 -1.395017518268243384e-01 -2.144890841746326104e-02
2.125108217186365001e-01 -1.347175606681516591e-01 -6.356793637809723951e-02
2.326017139574215187e-01 -1.292812482364685267e-01 -1.077566577088471950e-01
2.518267793364080132e-01 -1.234451429823848340e-01 -1.515365018505396566e-01
2.690771712236069702e-01 -1.174556653252650934e-01 -1.924264432466016306e-01
2.843561248938559216e-01 -1.113086946002262573e-01 -2.304245118875353771e-01
2.976666401684139318e-01 -1.050004107164560219e-01 -2.655289012063034026e-01
3.090114739602487504e-01 -9.852728776461512628e-02 -2.977379697920537471e-01
3.183931340838431212e-01 -9.188608898831290839e-02 -3.270502424648536466e-01
3.258138742315519476e-01 -8.507386300306697680e-02 -3.534644107848081140e-01
3.312756900222335599e-01 -7.808794114132400210e-02 -3.769793330668053111e-01
3.347803160305040659e-01 -7.092593579849741647e-02 -3.975940339706130477e-01
3.363292237066357049e-01 -6.358573965247255044e-02 -4.153077037351068923e-01
3.359233499190644734e-01 -5.606542116830229294e-02 -4.301200753112400244e-01
3.335633887734688607e-01 -4.836337006239314201e-02 -4.420309924921599909e-01
3.292500619960206931e-01 -4.047839263166886498e-02 -4.510400520435030036e-01
3.229838408572617281e-01 -3.240959051944382330e-02 -4.571470059386172902e-01
3.147649457604265733e-01 -2.415636073338683215e-02 -4.603517609074796457e-01
3.045933461531096231e-01 -1.571839579856492905e-02 -4.606543780581927039e-01
2.924687606651519833e-01 -7.095683925139887639e-03 -4.580550726440956177e-01
2.783906573745250079e-01 1.711490928406732975e-03 -4.525542140501340183e-01
2.623582541019657821e-01 1.070254921431983315e-02 -4.441523260726811251e-01
2.443705186342676472e-01 1.987661629347306849e-02 -4.328500875674617943e-01
2.244254383676949627e-01 2.923323089621140958e-02 -4.186487878170716548e-01
2.025207810634254979e-01 3.877158154768171189e-02 -4.015498188934922830e-01
1.786548175651159476e-01 4.848982025281823455e-02 -3.815542449102262146e-01
1.528255776899039298e-01 5.838579842246956891e-02 -3.586632846462304292e-01
1.250308484730381364e-01 6.845707063163503081e-02 -3.328783152243101062e-01
9.526817172115274734e-02 7.870089938366676974e-02 -3.042008766169299050e-01
6.353484077882698422e-02 8.911426099981269167e-02 -2.726326770512941255e-01
2.982789641711535572e-02 9.969385275813977265e-02 -2.381755993830150242e-01
-5.855878241981799306e-03 1.104361014118025175e-01 -2.008317085046525674e-01
-4.351996384466333412e-02 1.213371732239776901e-01 -1.606032598516539400e-01
-8.129247356319156681e-02 1.318671548628013168e-01 -1.197266361269422180e-01
-1.172970013124731287e-01 1.415011355554268158e-01 -8.043544647042452644e-02
-1.515305072203383119e-01 1.502424880947578756e-01 -4.272817950029306894e-02
-1.839901649687707696e-01 1.580944737455365623e-01 -6.603474229270944046e-03
-2.146733564799523097e-01 1.650602348017644327e-01 2.793988635189446901e-02
-2.435776670397025445e-01 1.711427881876195489e-01 6.090298085596583533e-02
-2.707008808617837881e-01 1.763450200192343276e-01 9.228675428538414549e-02
-2.960409770920401362e-01 1.806696810497206429e-01 1.220920220653345656e-01
-3.195961262473323572e-01 1.841193829242769309e-01 1.503194733680097428e-01
-3.413646870810849165e-01 1.866965951760739539e-01 1.769696737741700276e-01
-3.613452847817319458e-01 1.884031958880864888e-01 2.020433724229825923e-01
-3.795367077557934565e-01 1.892409012867286300e-01 2.255411779390127380e-01
-3.959378420269094034e-01 1.892117313236232334e-01 2.474632537014521128e-01
-4.105477624646112766e-01 1.883175731295673172e-01 2.678096310821568293e-01
-4.233657308996549018e-01 1.865601799530759719e-01 2.865802107872471582e-01
-4.343911945777412242e-01 1.839411704741436837e-01 3.037747638344520107e-01
-4.436237849380500475e-01 1.804620284327142776e-01 3.193929322139121840e-01
-4.510633167029136636e-01 1.761241025121355885e-01 3.334342292800488439e-01
-4.567097872650596746e-01 1.709286064183808962e-01 3.458980399218491431e-01
-4.605633763591587826e-01 1.648766190960660738e-01 3.567836205585348530e-01
-4.626241481457986082e-01 1.579688285211523768e-01 3.660905802390295172e-01
-4.628923501368059079e-01 1.502057891900085984e-01 3.738183623168567227e-01
-4.613687129721724123e-01 1.415881862679403136e-01 3.799657760944700202e-01
-4.580541530817870965e-01 1.321165814972713459e-01 3.845314949313369812e-01
-4.529497731286823980e-01 1.217914131902295416e-01 3.875140566418724397e-01
-4.460568626743292575e-01 1.106129959858402345e-01 3.889118639911681163e-01
-4.373768990584038230e-01 9.858152030832816048e-02 3.887231853311203800e-01
-4.269115484858790333e-01 8.569705146417570807e-02 3.869461554194135733e-01
-4.146626673145487052e-01 7.195952831459148658e-02 3.835787764638757258e-01
-4.006323035361822327e-01 5.736876145984953768e-02 3.786189194349807718e-01
-3.856863115202789905e-01 4.273006479186109569e-02 3.725366313200981772e-01
-3.706870242835919038e-01 2.885052321214251481e-02 3.658054515717162336e-01
-3.556314029829337753e-01 1.573236353651437033e-02 3.584282875770803956e-01
-3.405165412593880170e-01 3.377686214764307002e-03 3.504079399205661804e-01
-3.253396644580198172e-01 -8.211531492855576875e-03 3.417470988590273206e-01
-3.100981290844005978e-01 -1.903343233009151952e-02 3.324483411224448681e-01
-2.947894224827754539e-01 -2.908627586356212283e-02 3.225141270258783943e-01
-2.794111627204506898e-01 -3.836843531935154455e-02 3.119467978788296181e-01
-2.639610986627660694e-01 -4.687839445051127096e-02 3.007485736781985164e-01
-2.484371102229343542e-01 -5.461474444850834831e-02 2.889215510711090062e-01
-2.328369247383912932e-01 -6.157626762116302083e-02 2.764674655257708391e-01
-2.171584203709510108e-01 -6.776179364359546931e-02 2.633879115159727391e-01
-2.013999023515462006e-01 -7.317014049908313056e-02 2.496845883580612879e-01
-1.855598102802547000e-01 -7.780022687855721319e-02 2.353590712517020511e-01
-1.696367185570571701e-01 -8.165106984302060444e-02 2.204128100231847187e-01
-1.536293368914551649e-01 -8.472178260556996465e-02 2.048471280569540698e-01
-1.375365108749555254e-01 -8.701157244567986337e-02 1.886632214018435783e-01
-1.213572226003506171e-01 -8.851973876837943012e-02 1.718621580384604164e-01
-1.050905913117353846e-01 -8.924567132090512056e-02 1.544448772942274839e-01
-8.873587406911320752e-02 -8.918884857938116917e-02 1.364121893925744622e-01
-7.229250301963634218e-02 -8.834903337128126311e-02 1.177648650553677068e-01
-5.576005939794543426e-02 -8.672605367596319947e-02 9.850354603282854282e-02
-3.913823203949096802e-02 -8.431961723700988343e-02 7.862865608414414120e-02
-2.242684921195259307e-02 -8.112951911693332130e-02 5.814049084062558603e-02
-5.625878877605818701e-03 -7.715564127434652864e-02 3.703921765987119169e-02
1.126457113017415371e-02 -7.239795238355449525e-02 1.532487553640286305e-02
2.824425303365996759e-02 -6.685650790835982737e-02 -7.002624943556064706e-03
4.531277915854504262e-02 -6.053145044169192662e-02 -2.994350161526911427e-02
6.246962212084319205e-02 -5.342301032247999404e-02 -5.349810072836952424e-02
7.971411517150715775e-02 -4.553150654093649635e-02 -7.766689693085297719e-02
9.635589903173751025e-02 -3.765176444948487716e-02 -1.011383158557006834e-01
1.117061586214161129e-01 -3.057795320995754587e-02 -1.225995410596921048e-01
1.257664823001815868e-01 -2.430942674421931321e-02 -1.420492949048736964e-01
1.385384886316415598e-01 -1.884550332287146870e-02 -1.594862690640720393e-01
1.500238253953106449e-01 -1.418546328006157001e-02 -1.749091245220635582e-01
1.602241687166127970e-01 -1.032854701498463028e-02 -1.883164916236297892e-01
1.691412223256464065e-01 -7.273953292176347021e-03 -1.997069701664808128e-01
1.767767169563662366e-01 -5.020837852273148973e-03 -2.090791295363312596e-01
1.831324098986099047e-01 -3.568312344550622975e-03 -2.164315088807570175e-01
1.882100847160531609e-01 -2.915443592210740283e-03 -2.217626173178722238e-01
1.920114404111260553e-01 -3.061196625456996060e-03 -2.250706458976680924e-01
1.945382070049800904e-01 -4.004507402475730726e-03 -2.263537529531494952e-01
1.957922539887455293e-01 -5.744331880732717749e-03 -2.256103541064128915e-01
1.957754773056395448e-01 -8.279581452026837235e-03 -2.228388358050621687e-01
1.944897996471402213e-01 -1.160912317012359821e-02 -2.180375555846821300e-01
1.919371709939002857e-01 -1.573178037551884595e-02 -2.112048423417757781e-01
1.881195694154570441e-01 -2.064633372738422165e-02 -2.023389966122599026e-01
1.830390021424740110e-01 -2.635152265287422219e-02 -1.914382908508836800e-01
1.766975069247343766e-01 -3.284604722424114276e-02 -1.785009697073340895e-01
1.690971536874276149e-01 -4.012857047457925319e-02 -1.635252502953955800e-01
1.602402927313829328e-01 -4.819789974748396599e-02 -1.465097018882839663e-01
1.501292967318295091e-01 -5.705280236429081248e-02 -1.274528591983139225e-01
1.387663190246801737e-01 -6.669182790153005413e-02 -1.063528467633578639e-01
1.261535476200155159e-01 -7.711349221292702893e-02 -8.320776234409670014e-02
1.122932078656752597e-01 -8.831628110432894474e-02 -5.801567713432183304e-02
9.718756546965313936e-02 -1.002986545209268998e-01 -3.077463595537058283e-02
8.083892988657588596e-02 -1.130590512624379540e-01 -1.482657437345131970e-03
6.324965807144300456e-02 -1.265958942433822454e-01 2.986226580828733879e-02
4.442215860135084737e-02 -1.409075963173022639e-01 6.326216701809210530e-02
2.435889616326162438e-02 -1.559925666855898618e-01 9.871910509902197262e-02
4.260251392581471293e-03 -1.709193043814584145e-01 1.339799996083982370e-01
-1.467689008948423572e-02 -1.847584937265832616e-01 1.667890228056327917e-01
-3.245525011999609438e-02 -1.975117621239353971e-01 1.971441705300626679e-01
-4.907753882379831817e-02 -2.091806506152666945e-01 2.250434905556712162e-01
-6.454645788844282084e-02 -2.197666083727922159e-01 2.504850829468157625e-01
-7.886470327707267858e-02 -2.292709878335896789e-01 2.734671004166059349e-01
-9.203496740765038098e-02 -2.376950404659013139e-01 2.939877486799840622e-01
-1.040599408297897682e-01 -2.450399131581797452e-01 3.120452867915405326e-01
-1.149423134328911300e-01 -2.513066452229443248e-01 3.276380274562631367e-01
-1.246847752214803873e-01 -2.564961660084545958e-01 3.407643373000182607e-01
-1.332902778124240573e-01 -2.606091453256023094e-01 3.514225739084644862e-01
-1.407617510035967801e-01 -2.636461672061125583e-01 3.596111351475117512e-01
-1.471018486540808523e-01 -2.656078687502239633e-01 3.653285294704336494e-01
-1.523132197908890484e-01 -2.664947793440015644e-01 3.685733198968063062e-01
-1.563985086721899342e-01 -2.663073197661050551e-01 3.693441240722138974e-01
-1.593603546424825490e-01 -2.650458018564341156e-01 3.676396142048176663e-01
-1.612013918206275376e-01 -2.627104287385655934e-01 3.634585168636654262e-01
-1.619242486617450405e-01 -2.593012955875036996e-01 3.567996126236971932e-01
-1.615315474337439272e-01 -2.548183909338158637e-01 3.476617355426391831e-01
-1.600259036486981201e-01 -2.492615984947674224e-01 3.360437724553607119e-01
-1.574099811879532962e-01 -2.426304455606074217e-01 3.219447937255388581e-01
-1.536864141896938096e-01 -2.349243770215005411e-01 3.053639141876656193e-01
-1.488577608053639201e-01 -2.261429990999283268e-01 2.863001661728738489e-01
-1.429265693332788245e-01 -2.162858178774424711e-01 2.647526340692418767e-01
-1.358953782323437942e-01 -2.053522422597145736e-01 2.407204529741122367e-01
-1.277667163000760220e-01 -1.933415874016989333e-01 2.142028070975601495e-01
-1.185431030468792335e-01 -1.802530785825695037e-01 1.851989279066325877e-01
-1.082270492960669267e-01 -1.660858555206786713e-01 1.537080920007027063e-01
-9.682105803640193853e-02 -1.508389771196356755e-01 1.197296187090438474e-01
-8.432762555096093293e-02 -1.345114266377732126e-01 8.326286740260187280e-02
-7.172120286154000379e-02 -1.180984851726140927e-01 4.685545579825162871e-02
-5.997277830376839675e-02 -1.025971126748281975e-01 1.305560336758303935e-02
-4.907975160264720776e-02 -8.800877776408858044e-02 -1.813635216829866462e-02
-3.903961927800742027e-02 -7.433493495641801951e-02 -4.672010484096145166e-02
-2.984997276098692170e-02 -6.157702087505821653e-02 -7.269537796759863169e-02
-2.150849675029221919e-02 -4.973645106198353039e-02 -9.606192199217539196e-02
-1.401296781140259386e-02 -3.881461735516041761e-02 -1.168195126233576991e-01
-7.361253219289490106e-03 -2.881288579812706432e-02 -1.349679492574071826e-01
-1.551310042938099012e-03 -1.973259504972541337e-02 -1.505070536740412968e-01
3.418815531807072299e-03 -1.157505526291185104e-02 -1.634366689930157879e-01
7.551365380940919421e-03 -4.341645166307865795e-03 -1.737564211608894071e-01
1.084848628609619801e-02 1.966275215961263596e-03 -1.814659561281029565e-01
1.331185507634595130e-02 7.347464819682814410e-03 -1.865651792487191263e-01
1.494305847566762199e-02 1.180070857693570584e-02 -1.890540176505305370e-01
1.574359325238626831e-02 1.532481765475141554e-02 -1.889324197652420823e-01
1.571486616393314925e-02 1.791862940260633211e-02 -1.862003550453608380e-01
1.485819370310419163e-02 1.958100703779483073e-02 -1.808578138555061443e-01
1.317480165191889027e-02 2.031083909774691193e-02 -1.729048075258947104e-01
1.066582444892445400e-02 2.010703868852632692e-02 -1.623413685557943131e-01
7.332304375394032257e-03 1.896854255902927222e-02 -1.491675509547985556e-01
3.174924169489242928e-03 1.689450462922926360e-02 -1.333836662693854147e-01
-1.805727767371889583e-03 1.388409582255364406e-02 -1.149900484442210602e-01
-7.608889960797656470e-03 9.936312427848205744e-03 -9.398681794847904558e-02
-1.423389457663030468e-02 5.050172733275209991e-03 -7.037411753267218406e-02
-2.168016859393822812e-02 -7.752837088582470405e-04 -4.415211270796993298e-02
-2.994723513675814561e-02 -7.540996806077230469e-03 -1.532099229025337024e-02
-3.903471496172707111e-02 -1.524788660578027880e-02 1.611903100349847823e-02
-4.894232809907524823e-02 -2.389685389776277993e-02 5.016771991916008783e-02
-5.966989564464361684e-02 -3.348878070464535173e-02 8.682481200259711818e-02
-7.121734170058979796e-02 -4.402453062457281630e-02 1.260900189230372559e-01
-8.259703446698193896e-02 -5.476840880093293562e-02 1.656410052190893933e-01
-9.282153828842724941e-02 -6.498429894357173053e-02 2.031556086071685530e-01
-1.018911035147942873e-01 -7.467254522029435904e-02 2.386335991632444475e-01
-1.098059945427215939e-01 -8.383371609041904982e-02 2.720746820117170284e-01
-1.165664909207187877e-01 -9.246860373660409360e-02 3.034784972120209146e-01
-1.221728887649695255e-01 -1.005782235022756321e-01 3.328446196015107938e-01
-1.266255024278731267e-01 -1.081638133428797777e-01 3.601725586250663635e-01
-1.299246663615688802e-01 -1.152268332994619143e-01 3.854617581817755823e-01
-1.320707371188523105e-01 -1.217689650035849724e-01 4.087115965187330113e-01
-1.330640954340844284e-01 -1.277921112233825207e-01 4.299213862017710053e-01
-1.329052831955901681e-01 -1.332982143566829036e-01 4.490902897162793450e-01
-1.315948474623731823e-01 -1.382894394475222000e-01 4.662174042327180690e-01
-1.291332208525365344e-01 -1.427683539476647945e-01 4.813018445632961662e-01
-1.255208707435968574e-01 -1.467377451663441079e-01 4.943426584436189097e-01
-1.207583013244972470e-01 -1.502006200018842497e-01 5.053388271365381046e-01
-1.148460553855854133e-01 -1.531602047875587069e-01 5.142892662865754527e-01
-1.077847157902091929e-01 -1.556199452697487051e-01 5.211928270519089468e-01
-9.957490657179436655e-02 -1.575835067375862542e-01 5.260482975405540440e-01
-9.021729360048014179e-02 -1.590547743242012313e-01 5.288544045770570134e-01
-7.971258476359004141e-02 -1.600378535004058078e-01 5.296098158257618316e-01
-6.806148221220202632e-02 -1.605371194084482533e-01 5.283133422957031478e-01
-5.526470152713627154e-02 -1.605571668084597170e-01 5.249637153485126051e-01
-4.132303982559430017e-02 -1.601027610926570033e-01 5.195593962881037697e-01
-2.623734355904091403e-02 -1.591788882539934280e-01 5.120987904315279504e-01
-1.000850664884567545e-02 -1.577907561492544464e-01 5.025802508509437105e-01
7.362532199797664281e-03 -1.559437960720916061e-01 4.910020826315618647e-01
2.587479306110929828e-02 -1.536436646562214514e-01 4.773625476719089433e-01
4.552725928473767142e-02 -1.508962461268614774e-01 4.616598700535390898e-01
6.631888298056114184e-02 -1.477076549157018415e-01 4.438922420082426212e-01
8.824859154871012024e-02 -1.440842386513025430e-01 4.240578305120212832e-01
1.098210619431697344e-01 -1.402239317598075741e-01 4.037891793865392986e-01
1.295429085690794901e-01 -1.363144481206656211e-01 3.847218391715093722e-01
1.474160382661793278e-01 -1.323470642879620296e-01 3.668583093521048388e-01
1.634423534983511506e-01 -1.283131791050734216e-01 3.502009906806309858e-01
1.776237445671461357e-01 -1.242043104089593092e-01 3.347521784705839720e-01
1.899620826301682552e-01 -1.200120922593317652e-01 3.205140570563472791e-01
2.004592135069641345e-01 -1.157282726788913113e-01 3.074886953890288988e-01
2.091169522559911120e-01 -1.113447118863017810e-01 2.956780437401654860e-01
2.159370785069472665e-01 -1.068533809997526812e-01 2.850839314860814655e-01
2.209213325332521349e-01 -1.022463611858177024e-01 2.757080659466114025e-01
2.240714406757617905e-01 -9.751563402094595712e-02 2.675515665117523811e-01
2.253890301994092293e-01 -9.265329524108206760e-02 2.606154854883278027e-01
2.248756317102133806e-01 -8.765176333023227961e-02 2.549012511177138895e-01
2.225327342871362690e-01 -8.250356832235758442e-02 2.504101762819319621e-01
2.183617833665505437e-01 -7.720135174639437825e-02 2.471434596265963124e-01
2.123641792793486971e-01 -7.173786683789964980e-02 2.451021875874141998e-01
2.045412764262255767e-01 -6.610597898704653752e-02 2.442873372951074595e-01
1.948943830764268692e-01 -6.029866639321545402e-02 2.446997803336022070e-01
1.834247617749074910e-01 -5.430902089740217292e-02 2.463402873262426351e-01
1.701336303424616225e-01 -4.813024896514478401e-02 2.492095333246557576e-01
1.550229800894278587e-01 -4.175588925044998456e-02 2.533083379607612429e-01
1.380947080891659628e-01 -3.517959223288837090e-02 2.586374300613744071e-01
1.193498240531168375e-01 -2.839490460155847870e-02 2.651972114281759829e-01
9.878929364894666054e-02 -2.139548811696209002e-02 2.729879968230052301e-01
7.641404078812655265e-02 -1.417512038548358715e-02 2.820100207269333747e-01
5.222495041370038560e-02 -6.727695642636664052e-03 2.922634447467695740e-01
2.622287177065759159e-02 9.527744685692275629e-04 3.037483656434871726e-01
-1.591377859153151123e-03 8.872160134087102995e-03 3.164648239571403732e-01
-3.121700897626140947e-02 1.703621262613901760e-02 3.304128132030382248e-01
-6.265325525542823903e-02 2.545056358296514040e-02 3.455922896135956712e-01
-9.385304428709016766e-02 3.367062676969336671e-02 3.605520132833592295e-01
-1.227711448161574043e-01 4.124368624450682613e-02 3.738410157276024770e-01
-1.494093231173848624e-01 4.816317856125651442e-02 3.854594620109964009e-01
-1.737693361891309296e-01 5.442272897197881348e-02 3.954074957354726805e-01
-1.958529349871833969e-01 6.001615237089080040e-02 4.036852306040915050e-01
-2.156618668347174417e-01 6.493745411754542340e-02 4.102927432604826508e-01
-2.331978770469195494e-01 6.918083073463668353e-02 4.152300673536712949e-01
-2.484627098101521991e-01 7.274067047137194875e-02 4.184971887780661315e-01
-2.614581083567194542e-01 7.561155371972776151e-02 4.200940420383013074e-01
-2.721858144772788535e-01 7.778825326824871655e-02 4.200205076884432343e-01
-2.806478126523381800e-01 7.926566203194816695e-02 4.182760099845344026e-01
-2.868460142153783643e-01 8.003884633711187691e-02 4.148599640453330961e-01
-2.907820420841000786e-01 8.010312675349744171e-02 4.097721610988677154e-01
-2.924575083411842247e-01 7.945401481722913495e-02 4.030123459397944030e-01
-2.918740127063022549e-01 7.808721273687818654e-02 3.945802165352788604e-01
-2.890331405922615393e-01 7.599861287614169403e-02 3.844754243970595065e-01
-2.839364607878339108e-01 7.318429700021519824e-02 3.726975756677243790e-01
-2.765855228094031282e-01 6.964053527447328085e-02 3.592462328690589901e-01
-2.669818539629637000e-01 6.536378500601512653e-02 3.441209172602716637e-01
-2.551269561571785638e-01 6.035068912091894056e-02 3.273211117538861736e-01
-2.410227204749942342e-01 5.459843828179305331e-02 3.088458256621595677e-01
-2.246709747239291621e-01 4.810440484155893703e-02 2.886940612730994893e-01
-2.060730823816927793e-01 4.086578044442481378e-02 2.668652390510511396e-01
-1.852303747927738775e-01 3.287993925192784356e-02 2.433587482722877338e-01
-1.621441483307048681e-01 2.414443581852585008e-02 2.181739502557552557e-01
-1.368156615333529502e-01 1.465700272050993354e-02 1.913101818429307210e-01
-1.092461322453183864e-01 4.415547945441162560e-03 1.627667590770597028e-01
-7.943673479991256170e-02 -6.581847948271141342e-03 1.325429810328196123e-01
-4.738859727165111585e-02 -1.833693488968293414e-02 1.006381337485039301e-01
-1.310279882848830457e-02 -3.085129655740864729e-02 6.705149421386082109e-02
2.143129008004223193e-02 -4.337256124276064190e-02 3.339313989712328762e-02
5.422561525566046287e-02 -5.514676941052817916e-02 1.274038225359110186e-03
8.528106793012737996e-02 -6.617304385613537177e-02 -2.930523165190334137e-02
1.145984822641158002e-01 -7.645056355610782561e-02 -5.834412993755148241e-02
1.421786344141690861e-01 -8.597856166426309787e-02 -8.584215784061605126e-02
1.680222417103898747e-01 -9.475632380290756329e-02 -1.117988589875566485e-01
1.921299619363775746e-01 -1.027831866327961058e-01 -1.362138206087157022e-01
2.145023927039270695e-01 -1.100585366845671792e-01 -1.590866745167748286e-01
2.351400709160692826e-01 -1.165818094334180599e-01 -1.804170978934495073e-01
2.540434723127263927e-01 -1.223524885980060151e-01 -2.002048139000852933e-01
2.712128139879578237e-01 -1.273699886654593161e-01 -2.184502528236037522e-01
2.866482485690001192e-01 -1.316337740639682008e-01 -2.351538891316732049e-01
3.003500636634990895e-01 -1.351434778830236660e-01 -2.503155797083382317e-01
3.123184862481879764e-01 -1.378987844394214402e-01 -2.639352252113009167e-01
3.225536824553794646e-01 -1.398994290766083504e-01 -2.760127702994675247e-01
3.310557574154274207e-01 -1.411451980655490379e-01 -2.865482037744473409e-01
3.378247551503636426e-01 -1.416359285868473428e-01 -2.955415586513811532e-01
3.428606585138440632e-01 -1.413715087738131038e-01 -3.029929121744896481e-01
3.461633891724726908e-01 -1.403518777961944020e-01 -3.089023857928639427e-01
3.477328076234127985e-01 -1.385770259643648306e-01 -3.132701451121137071e-01
3.475690316251600076e-01 -1.360467061744654038e-01 -3.160959254076982083e-01
3.456721189530467808e-01 -1.327607223887494470e-01 -3.173795016510416178e-01
3.420417491397199639e-01 -1.287192202547015052e-01 -3.171211635573493726e-01
3.366775415393669091e-01 -1.239223991840959493e-01 -3.153212429520590998e-01
3.295790554028961705e-01 -1.183705122396222359e-01 -3.119801138957691844e-01
3.207457899543350033e-01 -1.120638659254487857e-01 -3.070981928815048612e-01
3.101771844618809726e-01 -1.050028198627986492e-01 -3.006759391209419818e-01
2.978726182970328207e-01 -9.718778633168551062e-02 -2.927138549361955056e-01
2.838314109752785308e-01 -8.861922965997724722e-02 -2.832124862737201432e-01
2.680528221719261084e-01 -7.929766544089585090e-02 -2.721724233567277551e-01
2.517700097658082670e-01 -6.976234831053891583e-02 -2.605698292873887545e-01
2.362171206085234842e-01 -6.055162658807484305e-02 -2.493803240019977774e-01
2.213947109801903124e-01 -5.166464227247038327e-02 -2.386035960120024002e-01
2.073033363750132752e-01 -4.310055070509447028e-02 -2.282393211504296637e-01
1.939435517915918394e-01 -3.485852110648481050e-02 -2.182871617395788222e-01
1.813159119947964082e-01 -2.693773708884537876e-02 -2.087467658210721833e-01
1.694209717501942714e-01 -1.933739714424606917e-02 -1.996177664476294911e-01
1.582592860316396899e-01 -1.205671510809739819e-02 -1.908997810355049507e-01
1.478314102027897536e-01 -5.094920597333702644e-03 -1.825924107765175552e-01
1.381379001733653022e-01 1.548740577441766984e-03 -1.746952401085348217e-01
1.291795930153744054e-01 7.875378496510177309e-03 -1.672074522118638662e-01
1.209573281797273470e-01 1.388608080621881596e-02 -1.601282084449908161e-01
1.134716661317460434e-01 1.958154369578486015e-02 -1.534570350967479901e-01
1.067231680945634753e-01 2.496244712024436527e-02 -1.471934413373092443e-01
1.007123961272554796e-01 3.002945444957410420e-02 -1.413369188356133344e-01
9.543991318537492496e-02 3.478321215167567981e-02 -1.358869414270489351e-01
9.090628316510565576e-02 3.922434951054179497e-02 -1.308429648301212278e-01
8.711207093229146603e-02 4.335347838101361734e-02 -1.262044264107631264e-01
8.405784233765996316e-02 4.717119298158482105e-02 -1.219707449929390425e-01
8.174416421959647405e-02 5.067806972677065674e-02 -1.181413207141473465e-01
8.017134711633563948e-02 5.387437782626239985e-02 -1.147158285167112352e-01
7.933970511246164758e-02 5.676036550944894843e-02 -1.116939237464248252e-01
7.924981188622043371e-02 5.933655120423678153e-02 -1.090749490971849311e-01
7.990224214490007637e-02 6.160343582241458588e-02 -1.068582285722125547e-01
8.129757160132577987e-02 6.356150270968011218e-02 -1.050430674335319503e-01
8.343637694692702944e-02 6.521121764520267095e-02 -1.036287521874017376e-01
8.631923582284253826e-02 6.655302889236407171e-02 -1.026145506042582534e-01
8.994672679052602426e-02 6.758736730231958145e-02 -1.019997117717484775e-01
9.431942930332437580e-02 6.831464647201875018e-02 -1.017834661794372181e-01
9.943792368042057850e-02 6.873526295832811661e-02 -1.019650258337776449e-01
1.046429764287821057e-01 6.900864057529898510e-02 -1.022871507861060625e-01
1.092749307512309725e-01 6.929363046880195054e-02 -1.024934168431200221e-01
1.133336953883899573e-01 6.958976931966477653e-02 -1.025842324270193201e-01
1.168191797408200949e-01 6.989659726212954505e-02 -1.025600075428255292e-01
1.197312938755498157e-01 7.021365781267453754e-02 -1.024211536955030172e-01
1.220699485293992304e-01 7.054049781500593141e-02 -1.021680838252077284e-01
1.238350551091454282e-01 7.087666740129454357e-02 -1.018012122604510794e-01
1.250265256885632892e-01 7.122171996971911334e-02 -1.013209546889768525e-01
1.256442730023858423e-01 7.157521217837860272e-02 -1.007277281461516488e-01
1.256882104372212539e-01 7.193670395562636044e-02 -1.000219510206757229e-01
1.251580676547658921e-01 7.230576470723841520e-02 -9.920412819852889030e-02
1.240535733224728959e-01 7.268196810817427467e-02 -9.827476742154439560e-02
1.223746402640254333e-01 7.306488544017740450e-02 -9.723429349234569141e-02
1.201211819160095812e-01 7.345409132513018580e-02 -9.608313269713207594e-02
1.172931123124792280e-01 7.384916377799886911e-02 -9.482171285123199012e-02
1.138903460667567147e-01 7.424968427677997029e-02 -9.345046336066575865e-02
1.099127983505134160e-01 7.465523784952823871e-02 -9.196981529950695733e-02
1.053603848701778756e-01 7.506541317855476569e-02 -9.038020150282459475e-02
1.002330218407252727e-01 7.547980272189593054e-02 -8.868205667497709721e-02
9.453062595689597225e-02 7.589800285216682929e-02 -8.687581751301362565e-02
8.825321289361677535e-02 7.631943479480939041e-02 -8.496197007247643929e-02
8.140079768778014924e-02 7.674352355278207805e-02 -8.294100204620451222e-02
7.397329674686425882e-02 7.716987717403371583e-02 -8.081335571722138289e-02
6.597062690628971438e-02 7.759810779054918117e-02 -7.857947556194005978e-02
5.739270539612362915e-02 7.802783180424754939e-02 -7.623980840421638872e-02
4.823944980555704837e-02 7.845867009119819602e-02 -7.379480358279090491e-02
3.851077804524107723e-02 7.889024822436652151e-02 -7.124491313177244711e-02
2.820660830755004206e-02 7.932219671512213965e-02 -6.859059197378609973e-02
1.732685902487774571e-02 7.975415127376987712e-02 -6.583229812538213266e-02
5.871448826047503435e-03 8.018575308938610813e-02 -6.297049291426634610e-02
-5.725533613044399631e-03 8.043846228891210481e-02 -6.000425842357911405e-02
-1.702984103018271439e-02 8.033408535690615693e-02 -5.693221749088307054e-02
-2.804135015262373271e-02 7.987278222716974463e-02 -5.375417591784981824e-02
-3.875994903774494099e-02 7.905469236193349292e-02 -5.046998030643289057e-02
-4.918553704422826828e-02 7.787993465069767418e-02 -4.707951798899528278e-02
-5.931802480385386239e-02 7.634860733479910400e-02 -4.358271697438606540e-02
-6.915733419579905839e-02 7.446078795641909720e-02 -3.997954590882100978e-02
-7.870339832540843017e-02 7.221653333076182013e-02 -3.627001405040914533e-02
-8.795616150937077271e-02 6.961587954014376856e-02 -3.245417125616221338e-02
-9.691557926925532807e-02 6.665884194874863167e-02 -2.853210798029102296e-02
-1.055815799934644861e-01 6.334520022974933495e-02 -2.450386023789832834e-02
-1.139541009756031703e-01 5.967471112546716971e-02 -2.036950402387004144e-02
-1.220331277672114523e-01 5.564732484837541654e-02 -1.612925090395925937e-02
-1.298186569862675444e-01 5.126297136614876848e-02 -1.178335338280940212e-02
-1.373106963865449170e-01 4.652156050008209726e-02 -7.332104932025315311e-03
-1.445092649469483514e-01 4.142298203679330854e-02 -2.775840022259021787e-03
-1.514143929827693469e-01 3.596710585198622384e-02 1.885065841935304682e-03
-1.580261222807836097e-01 3.015378204505247267e-02 6.650196085700306806e-03
-1.643445062601269491e-01 2.398284108329252345e-02 1.151909302718606178e-02
-1.703696101608614399e-01 1.745409395455795043e-02 1.649125784182386284e-02
-1.761016208238684322e-01 1.056736850658922776e-02 2.156597233195134411e-02
-1.815407327424326811e-01 3.322470306887989090e-03 2.674247828848436148e-02
-1.866870406073148081e-01 -4.280851699188128849e-03 3.202015491687744408e-02
-1.915406513135932409e-01 -1.224286722694685990e-02 3.739833998067144949e-02
-1.961016842936001703e-01 -2.056386445979127911e-02 4.287632978066482220e-02
-2.003702718890257306e-01 -2.924414985543530299e-02 4.845337914273824265e-02
-2.043465597640930775e-01 -3.828404795207112493e-02 5.412870141571268778e-02
-2.080307073616839142e-01 -4.768390117561970704e-02 5.990146848062604529e-02
-2.114228884043008461e-01 -5.744406964920244218e-02 6.577081077287066924e-02
-2.145232914417742331e-01 -6.756493100571223098e-02 7.173581731862149757e-02
-2.174506973276539856e-01 -7.743984788076690995e-02 7.769020700351507436e-02
-2.203233692778360509e-01 -8.646183018348163607e-02 8.352953971802241917e-02
-2.231407138540919821e-01 -9.463067420375116667e-02 8.925563743309677944e-02
-2.259020961783761994e-01 -1.019461821493992254e-01 9.487034135285617176e-02
-2.286068391977214287e-01 -1.084081625830395912e-01 1.003755116830027938e-01
-2.312542230513962016e-01 -1.140164308620496142e-01 1.057730274170002455e-01
-2.338434845423530417e-01 -1.187708095810963010e-01 1.110647861441177164e-01
-2.363738167149382896e-01 -1.226711290166178359e-01 1.162527038835610288e-01
-2.388443685407886097e-01 -1.257172275726325394e-01 1.213387149490333244e-01
-2.412542447147958680e-01 -1.279089522272390256e-01 1.263247718481622373e-01
-2.436026669758331042e-01 -1.292464844079803943e-01 1.312127744741069524e-01
-2.458888187520070490e-01 -1.297300014058317408e-01 1.360046419959224651e-01
-2.481116809890679120e-01 -1.293593576579676607e-01 1.407023828758142137e-01
-2.502701906420941036e-01 -1.281344173153105004e-01 1.453080234728134634e-01
-2.523632407709244796e-01 -1.260550547108502395e-01 1.498236080811584658e-01
-2.543896807565318996e-01 -1.231211548248321713e-01 1.542511990297347202e-01
-2.563483166400444269e-01 -1.193326137461407921e-01 1.585928768471543682e-01
-2.582379115861339614e-01 -1.146893391291927272e-01 1.628507404970302996e-01
-2.600571864724945947e-01 -1.091912506456525489e-01 1.670269076879300207e-01
-2.618048206071794115e-01 -1.028382804302703513e-01 1.711235152624278610e-01
-2.634792007710682338e-01 -9.563040421809594627e-02 1.751426815900630762e-01
-2.650786715569247720e-01 -8.756759174297901183e-02 1.790865417447642660e-01
-2.666017873561086771e-01 -7.864978580956066834e-02 1.829572865720279773e-01
-2.680470620451629316e-01 -6.887694300162551519e-02 1.867571264852588009e-01
-2.694129700682551531e-01 -5.824903412829527533e-02 1.904882921443016019e-01
-2.706979476590407052e-01 -4.676604466062425636e-02 1.941530352373390111e-01
-2.719003942041858801e-01 -3.442797515792605373e-02 1.977536293697401415e-01
-2.730186737509652795e-01 -2.123484168311970052e-02 2.012923710632127383e-01
-2.740511166615238747e-01 -7.186676206404073869e-03 2.047715808683349403e-01
-2.749960214166110584e-01 7.716473003474287433e-03 2.081936045932471224e-01
-2.756150737599455391e-01 2.261021458930476125e-02 2.113639966473285781e-01
-2.756722803315330150e-01 3.663023362876890315e-02 2.140852017201995972e-01
-2.751693696897817287e-01 4.977658264537339339e-02 2.163549804479994454e-01
-2.741080311474444198e-01 6.204931241732040276e-02 2.181711721402289639e-01
-2.724899133890084646e-01 7.344847202833995614e-02 2.195316937780731614e-01
-2.703166232623960274e-01 8.397410878768446496e-02 2.204345391337472759e-01
-2.675897247369051768e-01 9.362626802640039436e-02 2.208777780070012853e-01
-2.643107380194896772e-01 1.024049927769846574e-01 2.208595555747112638e-01
-2.604811388216021761e-01 1.103103233435835107e-01 2.203780918493289109e-01
-2.561023577689232611e-01 1.173422967698759117e-01 2.194316812418603824e-01
-2.511754432970098594e-01 1.235009324592728774e-01 2.180185136164933812e-01
-2.457014035711312938e-01 1.287862191661520717e-01 2.161368544098688227e-01
-2.396815420843793343e-01 1.331981407810010343e-01 2.137852231863029695e-01
-2.331171185567149085e-01 1.367366749119130753e-01 2.109622142549207879e-01
-2.260093486485762193e-01 1.394017922544108501e-01 2.076664964753800746e-01
-2.183594037687944245e-01 1.411934559016910506e-01 2.038968131453591237e-01
-2.101684109689326008e-01 1.421116206024279627e-01 1.996519819658340300e-01
-2.014374529161141458e-01 1.421562319732731505e-01 1.949308950802774998e-01
-1.921675679362937206e-01 1.413272256732009680e-01 1.897325191840171510e-01
-1.823597501198379878e-01 1.396245265468514518e-01 1.840558957001311169e-01
-1.720149736581819688e-01 1.370483175540252452e-01 1.779001872274837137e-01
-1.611341761416432983e-01 1.335987551208695223e-01 1.712646335990375135e-01
-1.497182314513446910e-01 1.292757064075282791e-01 1.641485045931732611e-01
-1.377679705737070437e-01 1.240790256382577200e-01 1.565511452858181773e-01
-1.252841817037866345e-01 1.180085533994322256e-01 1.484719763555374661e-01
-1.122676103583979262e-01 1.110641159488895691e-01 1.399104944375355042e-01
-9.871895949015621619e-02 1.032455245437933905e-01 1.308662725236970636e-01
-8.463888959346403673e-02 9.455257479423631595e-02 1.213389604059013915e-01
-7.002801879333979407e-02 8.498504604986270583e-02 1.113282851599160794e-01
-5.488692290783541566e-02 7.454270082682661058e-02 1.008340516672188575e-01
-3.988816712636365086e-02 6.384989017612680007e-02 9.014155418637688488e-02
-2.570381157781178802e-02 5.353165849591914188e-02 7.953594788722308240e-02
-1.233358767050193525e-02 4.358866839012594252e-02 6.901687903770484245e-02
2.227436849113091102e-04 3.402150834962651416e-02 5.858402545255643468e-02
1.196539161264933981e-02 2.483069267204747466e-02 4.823709600768692068e-02
2.289453487423921685e-02 1.601666140128063867e-02 3.797583025262152995e-02
3.301032153361238564e-02 7.579780283795213396e-03 2.779999811300878573e-02
4.231286868266280476e-02 -4.796592612652645867e-04 1.770939967499077228e-02
5.080226222507603501e-02 -8.161440161039477600e-03 7.703865043196317895e-03
5.847855671632118391e-02 -1.546541969971130213e-02 -2.216745735972205922e-03
6.534178978801567783e-02 -2.239184636507808926e-02 -1.205248728707839466e-02
7.139196616650629601e-02 -2.894104262140423725e-02 -2.180338380749487909e-02
7.662904431148923057e-02 -3.511308812876144658e-02 -3.146948417498923040e-02
8.105295183137704862e-02 -4.090813678564988315e-02 -4.105080656997905919e-02
8.466358555232790517e-02 -4.632641676740974213e-02 -5.054733841703985125e-02
8.746081163125815627e-02 -5.136823057133069192e-02 -5.995903631182728649e-02
8.944446571080244546e-02 -5.603395507095181027e-02 -6.928582594184207188e-02
9.061435311420124039e-02 -6.032404158204467820e-02 -7.852760200950985314e-02
9.097024907808350103e-02 -6.423901594276412719e-02 -8.768422816602687575e-02
9.051189902111185515e-02 -6.777947861046941525e-02 -9.675553696444405549e-02
8.923906868785125290e-02 -7.094574979298318151e-02 -1.057413029786724024e-01
8.715149079878130312e-02 -7.373822305487795492e-02 -1.146412701243880450e-01
8.424881736217931794e-02 -7.615772098318847327e-02 -1.234551778695667928e-01
8.053067179088124750e-02 -7.820514106559936507e-02 -1.321827340575959797e-01
7.599664932749958246e-02 -7.988145590309773947e-02 -1.408236150274850829e-01
7.064631749325979426e-02 -8.118771345429284803e-02 -1.493774658040411818e-01
6.447921655840460620e-02 -8.212503731390087547e-02 -1.578439003664821039e-01
5.749486003213615665e-02 -8.269462702785625174e-02 -1.662225020039488077e-01
4.969273517007423424e-02 -8.289775844745493616e-02 -1.745128237664174131e-01
4.107230349730736640e-02 -8.273578412488370726e-02 -1.827143890194827536e-01
3.221568419423481017e-02 -8.240812991668208798e-02 -1.905735938709698651e-01
2.370571416221841504e-02 -8.211270161878152229e-02 -1.978373600682953593e-01
1.554294481879152715e-02 -8.184865929319695699e-02 -2.045059655688541977e-01
7.727925963985089741e-03 -8.161518738438711118e-02 -2.105796913750020982e-01
2.612055276381805742e-04 -8.141149444655504386e-02 -2.160588212039334932e-01
-6.856670644560353481e-03 -8.123681289916594161e-02 -2.209436411866789463e-01
-1.362515896801084689e-02 -8.109039881072858946e-02 -2.252344395951856593e-01
-2.004371826077543106e-02 -8.097153171083104617e-02 -2.289315065964518114e-01
-2.611180985143298633e-02 -8.087951443037964816e-02 -2.320351340327195533e-01
-3.182889765481971417e-02 -8.081367296994770855e-02 -2.345456152267428596e-01
-3.719430990120053265e-02 -8.077313522429473147e-02 -2.364631475062319577e-01
-4.220737316591355315e-02 -8.075705431385087063e-02 -2.377879277349298215e-01
-4.686755233507895052e-02 -8.076482883077923391e-02 -2.385202507721577436e-01
-5.117431432027242516e-02 -8.079588058552235330e-02 -2.386604130114604594e-01
-5.512712807118406305e-02 -8.084965454243489558e-02 -2.382087122518855016e-01
-5.872546456583373209e-02 -8.092561878302902134e-02 -2.371654475885198177e-01
-6.196879677988957613e-02 -8.102326449669912389e-02 -2.355309193213564745e-01
-6.485659963662518401e-02 -8.114210599879898012e-02 -2.333054288815649968e-01
-6.738834993905198911e-02 -8.128168077594215279e-02 -2.304892787742503779e-01
-6.956352628577264219e-02 -8.144154955841136079e-02 -2.270827725367795535e-01
-7.138178604703328267e-02 -8.162146091901495426e-02 -2.230861351295956307e-01
-7.284278300129139183e-02 -8.182118990315541407e-02 -2.184995923355883274e-01
-7.394599262124554317e-02 -8.204037190093560472e-02 -2.133234506264634622e-01
-7.469089163848192936e-02 -8.227866570240954802e-02 -2.075580177052420150e-01
-7.507695795474525480e-02 -8.253575363692967903e-02 -2.012036024958850922e-01
-7.510367054670005760e-02 -8.281134173969745271e-02 -1.942605151426498311e-01
-7.477050936579385243e-02 -8.310515994551342933e-02 -1.867290670182386592e-01
-7.407695523485900713e-02 -8.341696230974257609e-02 -1.786095707397780952e-01
-7.302248974311642549e-02 -8.374652725652924345e-02 -1.699023401916728571e-01
-7.160659514127899750e-02 -8.409365785431287266e-02 -1.606076905543461497e-01
-6.989716920929543720e-02 -8.423407106835154035e-02 -1.513074862923739494e-01
-6.796322246115171772e-02 -8.394309430688420837e-02 -1.425833270345385206e-01
-6.580587433913721862e-02 -8.322000273370190604e-02 -1.344351026841685559e-01
-6.342620611809500486e-02 -8.206410440422812202e-02 -1.268627089198940405e-01
-6.082526064102442703e-02 -8.047473984264391644e-02 -1.198660473365118773e-01
-5.800404209674538819e-02 -7.845128167356776872e-02 -1.134450256208749813e-01
-5.496351583694508713e-02 -7.599313430599771713e-02 -1.075995577601271541e-01
-5.170460822995015526e-02 -7.309973366721524146e-02 -1.023295642795241100e-01
-4.822820654860926481e-02 -6.977054698433056423e-02 -9.763497250709272934e-02
-4.453515888968286734e-02 -6.600507261113039426e-02 -9.351571686236427594e-02
-4.062629604705573355e-02 -6.180286089146346667e-02 -8.997145655953989185e-02
-3.650240859318431424e-02 -5.716349145215440103e-02 -8.700185976423513434e-02
-3.216422545466358918e-02 -5.208655305148363751e-02 -8.460688537761210104e-02
-2.761243629376467640e-02 -4.657166532416283367e-02 -8.278649991604557223e-02
-2.284769148047426437e-02 -4.061847870892124762e-02 -8.154067778537721356e-02
-1.787060208079170945e-02 -3.422667440707126418e-02 -8.086940156265697011e-02
-1.268173985869323374e-02 -2.739596436969761462e-02 -8.077266228260278347e-02
-7.281637289175119272e-03 -2.012609131113107797e-02 -8.125045972601366295e-02
-1.670787579756816306e-03 -1.241682874636068114e-02 -8.230280270736541059e-02
4.150355302171658024e-03 -4.267981050063548477e-03 -8.392970935881612082e-02
1.018137011875896829e-02 4.320609173489144486e-03 -8.613154463272641725e-02
1.642187601945174075e-02 1.334907055808467850e-02 -8.890867925881856815e-02
2.287153867648072936e-02 2.281750939531557512e-02 -9.226115408466940837e-02
2.953006329470792002e-02 3.272600125678969823e-02 -9.618901927208350910e-02
3.639719462143114342e-02 4.307459092049324006e-02 -1.006923344676726728e-01
4.347271696555529696e-02 5.386329229004351016e-02 -1.057711689530633770e-01
5.075645422874884571e-02 6.509208830925802824e-02 -1.114256017719104236e-01
5.824826995118719680e-02 7.676093087444509078e-02 -1.176557218308647706e-01
6.594806737448086209e-02 8.886974074688774872e-02 -1.244616279716427854e-01
7.385578952435743749e-02 1.014184074677635383e-01 -1.318434290111726304e-01
8.196161657071056317e-02 1.137861153944024900e-01 -1.394202671337445021e-01
9.025634454459667555e-02 1.253524579121059468e-01 -1.468106699324771003e-01
9.874089538793529020e-02 1.361178676071928828e-01 -1.540137217219244292e-01
1.074162256523138737e-01 1.460828096517191865e-01 -1.610284178622201356e-01
1.162833258167728367e-01 1.552477825710255055e-01 -1.678536644851676418e-01
1.253432196078605732e-01 1.636133190621214539e-01 -1.744882782772980701e-01
1.345969633306441926e-01 1.711799868639446165e-01 -1.809309863246877093e-01
1.440456452194132098e-01 1.779483896805239551e-01 -1.871804260242647400e-01
1.536903848168761633e-01 1.839191681580873705e-01 -1.932351450662784242e-01
1.635323323907257320e-01 1.890930009171707671e-01 -1.990936014925669684e-01
1.735724433050911120e-01 1.934708765411138065e-01 -2.047541427833158567e-01
1.838117122103717915e-01 1.970538098491117773e-01 -2.102150274259254603e-01
1.942513927905106796e-01 1.998425779095368005e-01 -2.154744457789354861e-01
2.048927673161842766e-01 2.018379988012623805e-01 -2.205304990229247641e-01
2.157371462061402900e-01 2.030409329311562983e-01 -2.253811994957424791e-01
2.267858676790555361e-01 2.034522844127344410e-01 -2.300244711306592693e-01
2.380402975048912240e-01 2.030730025070222045e-01 -2.344581500018554920e-01
2.495018288647421201e-01 2.019040831266492864e-01 -2.386799849816846064e-01
2.611718823281072299e-01 1.999465704041586966e-01 -2.426876385141714665e-01
2.730519059565056916e-01 1.972015583254708992e-01 -2.464786875092687957e-01
2.851435272786592146e-01 1.936703088386746430e-01 -2.500508602827747895e-01
2.974484117587151144e-01 1.893541005775312147e-01 -2.534017907254779156e-01
3.099681045182777206e-01 1.842541305103582994e-01 -2.565287868997812581e-01
3.227041769044663444e-01 1.783716498672923978e-01 -2.594290729787965266e-01
3.356582270521559774e-01 1.717079660958814036e-01 -2.620997905799832828e-01
3.488318806246014092e-01 1.642644448871277696e-01 -2.645380002480328119e-01
3.622267917407786531e-01 1.560425122724574398e-01 -2.667406830923346739e-01
3.758446440976347391e-01 1.470436567919085336e-01 -2.687047425846514903e-01
3.896871522952118361e-01 1.372694317336763392e-01 -2.704270065229374964e-01
4.037560633724113224e-01 1.267214574449244402e-01 -2.719042291676024292e-01
4.175054160281619908e-01 1.158463249655683758e-01 -2.731459636132967383e-01
4.303876794625805524e-01 1.050885503783050845e-01 -2.741649736800110260e-01
4.424022967887320523e-01 9.444670302905340542e-02 -2.749627140636996536e-01
4.535487438603194588e-01 8.391936455383980364e-02 -2.755405559747986510e-01
4.638265286219643846e-01 7.350512816567426888e-02 -2.758997859897074911e-01
4.732351904948873256e-01 6.320259807927329498e-02 -2.760416050107838970e-01
4.817742997974325259e-01 5.301038906417014640e-02 -2.759671273334911579e-01
4.894434571997893224e-01 4.292712611660524924e-02 -2.756773798194411818e-01
4.962422932122302344e-01 3.295144424040449826e-02 -2.751733011741537283e-01
5.021704677061191724e-01 2.308198832694969074e-02 -2.744557413283964520e-01
5.072275664799342776e-01 1.331725549310549747e-02 -2.735252549161876767e-01
5.114131781672800470e-01 3.655767942699090101e-03 -2.723823150532402870e-01
5.147270104620421671e-01 -5.903773847638670372e-03 -2.710275168170403481e-01
5.171687998845871936e-01 -1.536265530626650805e-02 -2.694613674114174628e-01
5.187383114626639147e-01 -2.472214773155483394e-02 -2.676842858425159677e-01
5.194353384408217922e-01 -3.398350821588073251e-02 -2.656966026890644761e-01
5.192597020176734635e-01 -4.314797953879326298e-02 -2.634985599652418520e-01
5.182112511103129648e-01 -5.221679003953143966e-02 -2.610903110743569844e-01
5.162898621452159942e-01 -6.119115347910501074e-02 -2.584719208514620892e-01
5.134954388749340959e-01 -7.007226890210642434e-02 -2.556433656929250620e-01
5.098284557633764313e-01 -7.886175810814570475e-02 -2.526045401612608821e-01
5.052893944294326589e-01 -8.756120807684113216e-02 -2.493552598971436884e-01
4.998782104758155986e-01 -9.617174074048616406e-02 -2.458952514772601572e-01
4.935948870006971467e-01 -1.046944596115005760e-01 -2.422241547340127921e-01
4.864394345570998701e-01 -1.131304498259135261e-01 -2.383415231010045654e-01
4.784118911354216519e-01 -1.214807782433521138e-01 -2.342468240298225257e-01
4.695123221685673087e-01 -1.297464936132319835e-01 -2.299394394754251669e-01
4.597408205591662078e-01 -1.379286268167238538e-01 -2.254186664474169266e-01
4.490975067283494715e-01 -1.460281911939524113e-01 -2.206837176244807741e-01
4.375825286855290486e-01 -1.540461829657710224e-01 -2.157337220292365743e-01
4.261664798210642591e-01 -1.615834509471453517e-01 -2.112856776000797132e-01
4.158173694567521839e-01 -1.682421469653407609e-01 -2.080609083523482505e-01
4.065313371771627216e-01 -1.740252181538611831e-01 -2.060648548689248127e-01
3.983044652019311904e-01 -1.789355599028367716e-01 -2.053029134755861018e-01
3.911327770437686979e-01 -1.829760132852032983e-01 -2.057804362548391330e-01
3.850122367302901139e-01 -1.861493632073560056e-01 -2.075027310554617699e-01
3.799387485792874997e-01 -1.884583372857542849e-01 -2.104750615075885456e-01
3.759081575164228139e-01 -1.899056054513569847e-01 -2.147026470537097831e-01
3.729162499242333895e-01 -1.904937802838579664e-01 -2.201906630064639492e-01
3.709587550114175070e-01 -1.902254180776657699e-01 -2.269442406443619997e-01
3.700312548000999069e-01 -1.891032505640517780e-01 -2.349682727495073509e-01
3.701292749622583922e-01 -1.871298886718243681e-01 -2.442676491971732533e-01
3.712483755546373554e-01 -1.843076263823473226e-01 -2.548474326560610792e-01
3.733840611285077493e-01 -1.806387064110886731e-01 -2.667126442655368135e-01
3.765317831097738654e-01 -1.761253232297134430e-01 -2.798682640055136783e-01
3.806869426293427727e-01 -1.707696268395768324e-01 -2.943192311780298831e-01
3.858448937970576642e-01 -1.645737272972994936e-01 -3.100704450083482389e-01
3.920009474139845573e-01 -1.575396999924017494e-01 -3.271267653721673385e-01
3.991503751195643046e-01 -1.496695916761857370e-01 -3.454930136539884344e-01
4.072884139721041352e-01 -1.409654272401594521e-01 -3.651739737399871677e-01
4.164116604387290699e-01 -1.314310993857126242e-01 -3.861741631402113017e-01
4.265166261419577887e-01 -1.210703257581228071e-01 -4.084980864769274245e-01
4.375983709429792645e-01 -1.098848420631786532e-01 -4.321504547221455272e-01
4.496519226772938138e-01 -9.787637104054409953e-02 -4.571359452066633411e-01
4.626722823959212860e-01 -8.504663130076031696e-02 -4.834592032416067386e-01
4.766544300245119659e-01 -7.139734691679586187e-02 -5.111248438972415542e-01
4.915933304537004056e-01 -5.693025776409376543e-02 -5.401374539301112554e-01
5.074839400775374987e-01 -4.164713060170186637e-02 -5.705015938463122716e-01
5.243212138006937417e-01 -2.554977088538983032e-02 -6.022218000855654729e-01
5.421001125390716435e-01 -8.640035301909196330e-03 -6.353025873071165286e-01
5.594721161297082634e-01 8.115315197442381570e-03 -6.675906541550283846e-01
5.750966925642388983e-01 2.375387664731956616e-02 -6.969252853463917541e-01
5.889809749755362533e-01 3.828053509685432065e-02 -7.233004569902582448e-01
6.011319171070269585e-01 5.170023044645943866e-02 -7.467102828503888734e-01
6.115562823221176725e-01 6.401796758852891511e-02 -7.671490136182953501e-01
6.202606339900827992e-01 7.523882512730521721e-02 -7.846110363481242356e-01
6.272513272641823123e-01 8.536796177237551686e-02 -7.990908740055292503e-01
6.325345022751155399e-01 9.441062050793240512e-02 -8.105831850805543803e-01
6.361160787666582106e-01 1.023721306455580016e-01 -8.190827632106895129e-01
6.380017522024172827e-01 1.092579078731097525e-01 -8.245845367575553864e-01
6.381964940314100998e-01 1.150748364929943118e-01 -8.270840678099530274e-01
6.367051665255274440e-01 1.198296490820771748e-01 -8.265769917473280159e-01
6.335329704554801822e-01 1.235276457857386878e-01 -8.230585480684325939e-01
6.286848908800130031e-01 1.261741889118623561e-01 -8.165241094495312435e-01
6.221656971892811638e-01 1.277746993578192103e-01 -8.069691806849076388e-01
6.139799446436797759e-01 1.283346516503463541e-01 -7.943893973494551286e-01
6.041319774207820625e-01 1.278595677155993648e-01 -7.787805241358540798e-01
5.926259331784019535e-01 1.263550094947800129e-01 -7.601384528220911374e-01
5.794657491365956536e-01 1.238265705176618547e-01 -7.384591998289852244e-01
5.646551696757500238e-01 1.202798665420362900e-01 -7.137389033319145870e-01
5.481967155200377917e-01 1.157221601637972580e-01 -6.859742166307548628e-01
5.300927703308130345e-01 1.101605834063121153e-01 -6.551618916971984063e-01
5.103465955958258471e-01 1.036005729855456331e-01 -6.212983933456174279e-01
4.889612764218652652e-01 9.604756664630076379e-02 -5.843803024489815368e-01
4.659397323732634155e-01 8.750699339247137998e-02 -5.444043117013867006e-01
4.412847296578882306e-01 7.798426326555049637e-02 -5.013672208606796410e-01
4.149988946262670453e-01 6.748475673584011791e-02 -4.552659314669607604e-01
3.870847285441800789e-01 5.601381375953606162e-02 -4.060974410390321143e-01
3.575446235940026862e-01 4.357672254264460115e-02 -3.538588367573844984e-01
3.263808800565544677e-01 3.017870804089555978e-02 -2.985472886522484992e-01
2.946308146212973655e-01 1.676390337227502345e-02 -2.425627863510914084e-01
2.633287604798361659e-01 4.270121773501506755e-03 -1.883085928376747875e-01
2.324729593844474529e-01 -7.306524794129842619e-03 -1.357872022454226224e-01
2.020619607784651106e-01 -1.796964288557831302e-02 -8.500085472969033662e-02
1.720946114320887621e-01 -2.772255034047786323e-02 -3.595154112667653390e-02
1.425700464862044436e-01 -3.656827041230142211e-02 1.135899268118371712e-02
1.134876818349465494e-01 -4.450952715332229248e-02 5.692924172624585361e-02
8.484720777263270175e-02 -5.154874195817329280e-02 1.007579382709047761e-01
5.664858382669416687e-02 -5.768803117570973221e-02 1.428440484999882187e-01
2.889203469456783080e-02 -6.292920470511693953e-02 1.831867696095695053e-01
1.573260840313195916e-03 -6.727055153127105280e-02 2.217864414631384451e-01
-2.531180603671118190e-02 -7.071002124638260666e-02 2.586435866913461279e-01
-5.176218787555087603e-02 -7.324845910107058433e-02 2.937580239521645487e-01
-7.777662835679763353e-02 -7.488641117352294596e-02 3.271298050769023136e-01
-1.033535938028150025e-01 -7.562412651733795010e-02 3.587592142522617600e-01
-1.284912735140457674e-01 -7.546155991199850199e-02 3.886467676569983487e-01
-1.531875796332294037e-01 -7.439837515090355624e-02 4.167932135612548716e-01
-1.774401466292044871e-01 -7.243394880326523011e-02 4.431995328958427405e-01
-2.012463304918593598e-01 -6.956737438713903043e-02 4.678669402985972670e-01
-2.246032077291868490e-01 -6.579746689139322202e-02 4.907968856447311734e-01
-2.474909854852992697e-01 -6.113451311861262116e-02 5.119872901705389001e-01
-2.698896952666861027e-01 -5.558857734967768277e-02 5.314362139212057690e-01
-2.917957279882011368e-01 -4.915773919747136456e-02 5.491456716822846751e-01
-3.132051862466303516e-01 -4.183982566717195373e-02 5.651179184492194363e-01
-3.341138835691594422e-01 -3.363241687832260740e-02 5.793554530236374456e-01
-3.545173439749105260e-01 -2.453285176513885293e-02 5.918610221157859508e-01
-3.744108019312302194e-01 -1.453823368836991425e-02 6.026376249616905989e-01
-3.937892027849390630e-01 -3.645435891192362783e-03 6.116885184643673368e-01
-4.126472037474156473e-01 8.148893269200842976e-03 6.190172228692607526e-01
-4.309791755110530809e-01 2.084832538311884656e-02 6.246275279851183360e-01
-4.486178628867938945e-01 3.372630907124023886e-02 6.292853461004526139e-01
-4.654021973205546558e-01 4.605084416361107658e-02 6.337524083667460673e-01
-4.813356258858572656e-01 5.781743183322103630e-02 6.380265217054814642e-01
-4.964216332750023830e-01 6.902160765221374006e-02 6.421054824568795949e-01
-5.106637410699526036e-01 7.965894446801617679e-02 6.459870712717213914e-01
-5.240655069980035830e-01 8.972505514793786829e-02 6.496690484085980710e-01
-5.366305241726248010e-01 9.921559519047189191e-02 6.531491494370134099e-01
-5.483624203206726166e-01 1.081262652006244329e-01 6.564250813462282341e-01
-5.592648569979462581e-01 1.164528132257888898e-01 6.594945190592386153e-01
-5.693415287957954707e-01 1.241910369479451992e-01 6.623551023507746605e-01
-5.783743227556431554e-01 1.311656481297173993e-01 6.649407478546999206e-01
-5.861464992978776545e-01 1.371998515109064398e-01 6.671844368426823602e-01
-5.926639001762695758e-01 1.422873018353238705e-01 6.690823439509734349e-01
-5.979324160155005119e-01 1.464217354942775606e-01 6.706305861153545322e-01
-6.019579851621366107e-01 1.495969729160698536e-01 6.718252201349977915e-01
-6.047465926021141636e-01 1.518069205136720889e-01 6.726622411579703531e-01
-6.063042689595202761e-01 1.530455721743886610e-01 6.731375820788353392e-01
-6.066370895921930906e-01 1.533070102751924457e-01 6.732471138380821118e-01
-6.057511738001051249e-01 1.525854062074738227e-01 6.729866466124893032e-01
-6.036526841638869545e-01 1.508750203961947145e-01 6.723519318854208615e-01
-6.011557976598327357e-01 1.488309402793654979e-01 6.715883388664559694e-01
-5.990690958256181808e-01 1.471132893230309435e-01 6.709449606498595342e-01
-5.973905540654295132e-01 1.457240774621516299e-01 6.704231643823626019e-01
-5.961181328045642713e-01 1.446652852485235119e-01 6.700243371368673762e-01
-5.952497777358000119e-01 1.439388637170556928e-01 6.697498854733445750e-01
-5.947834200795755200e-01 1.435467342036283178e-01 6.696012350974349658e-01
-5.947169768597266870e-01 1.434907881128218710e-01 6.695798306155748003e-01
-5.950483511965261041e-01 1.437728866338605638e-01 6.696871353854322306e-01
-5.957754326187731930e-01 1.443948604031655425e-01 6.699246314604062613e-01
