0.000000000000000000e+00 0.000000000000000000e+00 -2.643411201268270894e+00
-2.619383112342887898e-03 -2.116471200560354760e-03 -2.639365897302685227e+00
-5.218419354360293028e-03 -4.224830996366613078e-03 -2.635344062904096063e+00
-7.802283867778925242e-03 -6.332916879939087806e-03 -2.631337907207155880e+00
-1.037605539100106000e-02 -8.448647886459159650e-03 -2.627339701914816139e+00
-1.294471668768792938e-02 -1.058002304661798121e-02 -2.623341780361016617e+00
-1.551315437374256589e-02 -1.273512023409439919e-02 -2.619336536954089745e+00
-1.808615814703973257e-02 -1.492209538741340324e-02 -2.615316426983876674e+00
-2.066841942451880243e-02 -1.714918208610871631e-02 -2.611273966774803057e+00
-2.326452939161516298e-02 -1.942469146106251543e-02 -2.607201734166150864e+00
-2.587897646937165064e-02 -2.175701241870342528e-02 -2.603092369299585318e+00
-2.851292435968133532e-02 -2.414915590854826988e-02 -2.598943608424701512e+00
-3.115469037411955355e-02 -2.658228004963092417e-02 -2.594773297609605400e+00
-3.378964523406491338e-02 -2.903187232630610737e-02 -2.590604144367526285e+00
-3.640346973919772466e-02 -3.147318097701834461e-02 -2.586458663809218628e+00
-3.898215316754161108e-02 -3.388121995357984417e-02 -2.582359182204959858e+00
-4.151198621983631654e-02 -3.623077695793552877e-02 -2.578327843867799452e+00
-4.397954856149510761e-02 -3.849642437459710465e-02 -2.574386621175367207e+00
-4.637169101152771589e-02 -4.065253292820392161e-02 -2.570557327553804505e+00
-4.867551242128875799e-02 -4.267328791131985710e-02 -2.566861633260560716e+00
-5.087833127694008084e-02 -4.453270784730545273e-02 -2.563321083823113078e+00
-5.296847255451275771e-02 -4.620616009263489588e-02 -2.559955797600295568e+00
-5.493766432852353887e-02 -4.767488863739721694e-02 -2.556780534370250546e+00
-5.677849467647710924e-02 -4.892158712689154143e-02 -2.553808713529461816e+00
-5.848355400449811725e-02 -4.992892612677346520e-02 -2.551053758544099992e+00
-6.004540297572980023e-02 -5.067957014855650755e-02 -2.548529114604924040e+00
-6.145653819376839522e-02 -5.115619553277817033e-02 -2.546248267334747517e+00
-6.270935559317436514e-02 -5.134150925498826012e-02 -2.544224762661893902e+00
-6.379611147845043462e-02 -5.121826873813795089e-02 -2.542472228003138213e+00
-6.470888114087891552e-02 -5.076930277476154885e-02 -2.541004394931819732e+00
-6.543951496897371101e-02 -4.997753368382351624e-02 -2.539835123541063222e+00
-6.598045397779639387e-02 -4.883062418728822962e-02 -2.538970582367361395e+00
-6.632730358322191933e-02 -4.733488584483680484e-02 -2.538385741131579110e+00
-6.647631625867145289e-02 -4.550143431266562288e-02 -2.538047932594770018e+00
-6.642360178322270770e-02 -4.334154439950221871e-02 -2.537924701315747988e+00
-6.616519240647456002e-02 -4.086662175706035072e-02 -2.537983802843292835e+00
-6.569710380277182793e-02 -3.808817367270256327e-02 -2.538193201883635730e+00
-6.501539180331583623e-02 -3.501777886132462214e-02 -2.538521069231947980e+00
-6.411620492064429300e-02 -3.166705619449627918e-02 -2.538935777311796649e+00
-6.299583270574871108e-02 -2.804763234154705742e-02 -2.539405894219092019e+00
-6.165075000328990029e-02 -2.417110832977265034e-02 -2.539900176216566052e+00
-6.007771786199977981e-02 -2.004913464611846052e-02 -2.540387464487780189e+00
-5.827400345411692939e-02 -1.569370386700308373e-02 -2.540836389719213440e+00
-5.623723364042554351e-02 -1.111678415752903604e-02 -2.541215637979702180e+00
-5.396536404719576296e-02 -6.330171970337694631e-03 -2.541494029612803462e+00
-5.145670480018704751e-02 -1.345453912199978674e-03 -2.541640503256939798e+00
-4.870994280104135044e-02 3.826031820068465095e-03 -2.541624098841507973e+00
-4.572416075304630567e-02 9.173234298626820049e-03 -2.541413939741335337e+00
-4.249885315540602448e-02 1.468542887599078028e-02 -2.540979214284893040e+00
-3.903393949586231315e-02 2.035225620152125714e-02 -2.540289156819635075e+00
-3.532977488121247234e-02 2.616376109297480212e-02 -2.539313028540734152e+00
-3.138713747056343095e-02 3.211047521039533947e-02 -2.538020133911537357e+00
-2.720717192893662428e-02 3.818358482179018409e-02 -2.536379907539743961e+00
-2.279145669765636484e-02 4.437483087612470456e-02 -2.534361786983881260e+00
-1.814202875034354179e-02 5.067649991840106338e-02 -2.531935158789319740e+00
-1.326138642858598615e-02 5.708145876550618780e-02 -2.529069341023476802e+00
-8.152491439902931347e-03 6.358318808791851851e-02 -2.525733566564815735e+00
-2.818770308001816716e-03 7.017581475199152763e-02 -2.521896967244714460e+00
2.735884424687196059e-03 7.685414277892865798e-02 -2.517528558914063908e+00
8.507112931129157118e-03 8.361368277738723265e-02 -2.512597227476573991e+00
1.449008644713467575e-02 9.045067970668263513e-02 -2.507071715898454123e+00
2.067470050260666881e-02 9.736163210772197374e-02 -2.500934100657361547e+00
2.703153180774409137e-02 1.043413154663430653e-01 -2.494220132448645266e+00
3.352691709813448995e-02 1.113834173582213261e-01 -2.486978562776497093e+00
4.012787984399102115e-02 1.184808152413663329e-01 -2.479257622353390644e+00
4.680215981415170035e-02 1.256254777708845083e-01 -2.471105019263614810e+00
5.351824135874050370e-02 1.328083837204108164e-01 -2.462567939883136159e+00
6.024538011163915741e-02 1.400194578905402665e-01 -2.453693052926547047e+00
6.695362773098034737e-02 1.472475233408552242e-01 -2.444526516975744634e+00
7.361385423468425060e-02 1.544802692422724277e-01 -2.435113991807406286e+00
8.019776744539486302e-02 1.617042336113989620e-01 -2.425500653780560345e+00
8.667792931956785907e-02 1.689047886217771577e-01 -2.415731205379880731e+00
9.302776943530899345e-02 1.760661203454141344e-01 -2.405849872236453635e+00
9.922159299433230828e-02 1.831712937802238983e-01 -2.395900467896455055e+00
1.052345839408768136e-01 1.902023005707431658e-01 -2.385926438047295761e+00
1.110428026743646157e-01 1.971401048856522564e-01 -2.375970897889997602e+00
1.166231776460326941e-01 2.039646991996493242e-01 -2.366076673258158181e+00
1.219534903355032895e-01 2.106551692221936278e-01 -2.356286345111621383e+00
1.270123531117479665e-01 2.171897672520604061e-01 -2.346642296953045381e+00
1.317791794919060955e-01 2.235459932841576958e-01 -2.337186764647246839e+00
1.362341463213878612e-01 2.297006832537400456e-01 -2.327961888069284946e+00
1.403581308135595229e-01 2.356300802133857175e-01 -2.319009740364544214e+00
1.441326067368366992e-01 2.413098664846007324e-01 -2.310372312468282452e+00
1.475396321204893724e-01 2.467153448505046143e-01 -2.302091640902923064e+00
1.505617923558904003e-01 2.518215742689231540e-01 -2.294209885187549425e+00
1.531821162569477757e-01 2.566034865629647221e-01 -2.286769379992063200e+00
1.553839816626791936e-01 2.610360082939116033e-01 -2.279812685609283740e+00
1.571510103368392031e-01 2.650941879303605475e-01 -2.273382636374388088e+00
1.584669520009738264e-01 2.687533285797227833e-01 -2.267522386787613087e+00
1.593155574375693107e-01 2.719891267138292434e-01 -2.262275455245148503e+00
1.596804407203169518e-01 2.747778175000004097e-01 -2.257685765451321824e+00
1.595535305207467225e-01 2.771033913929863424e-01 -2.253785195808600150e+00
1.589605376175788898e-01 2.789790207663287447e-01 -2.250556146157404847e+00
1.579348102695936618e-01 2.804260092655042058e-01 -2.247968978210431068e+00
1.565087816375010377e-01 2.814665928497874781e-01 -2.245994412805011109e+00
1.547140709386196633e-01 2.821237819818271930e-01 -2.244603440020159546e+00
1.525815815762969763e-01 2.824212163847006352e-01 -2.243767238491403138e+00
1.501415959898406705e-01 2.823830312655606356e-01 -2.243457103403328379e+00
1.474238669632392806e-01 2.820337340681584593e-01 -2.243644382627637768e+00
1.444577051244908539e-01 2.813980909671922603e-01 -2.244300420481270208e+00
1.412720623641430251e-01 2.805010224563000421e-01 -2.245396508600654428e+00
1.378956151511161465e-01 2.793675061605007670e-01 -2.246903848134389925e+00
1.343568518417339597e-01 2.780224853176220812e-01 -2.248793527231129019e+00
1.306841293338321108e-01 2.764907934609830420e-01 -2.251036475866059927e+00
1.269057325753029097e-01 2.747970838657924908e-01 -2.253603435665668453e+00
1.230499330283789661e-01 2.729657651459835854e-01 -2.256464939713004547e+00
1.191450417258521632e-01 2.710209443606075297e-01 -2.259591297379272667e+00
1.152194567582385254e-01 2.689863776710499366e-01 -2.262952583980738286e+00
1.113017050619546922e-01 2.668854286505295548e-01 -2.266518635099270540e+00
1.074204784117784861e-01 2.647410343982778969e-01 -2.270259045440056855e+00
1.036046635555742945e-01 2.625756796523655012e-01 -2.274143172130936197e+00
9.988337193408014514e-02 2.604113770636358183e-01 -2.278140146586476344e+00
9.628597398938243401e-02 2.582696520958673858e-01 -2.282218898606671154e+00
9.284209435997636817e-02 2.561715492352529822e-01 -2.286348159172083783e+00
8.958161287231636294e-02 2.541376426214045914e-01 -2.290496476534876980e+00
8.653466549596089408e-02 2.521880537795340160e-01 -2.294632240926504974e+00
8.373163981914633069e-02 2.503424788292925030e-01 -2.298723713600410612e+00
8.120316520070058885e-02 2.486202253842293430e-01 -2.302739060242839475e+00
7.898009777446457491e-02 2.470402593194434004e-01 -2.306646388801232295e+00
7.709350049856311671e-02 2.456212615389921083e-01 -2.310413791798548999e+00
7.557461845379487286e-02 2.443816948190882243e-01 -2.314009393224106148e+00
7.444647857532160629e-02 2.433353894897640757e-01 -2.317406505080064516e+00
7.369867566930343727e-02 2.424782738715762775e-01 -2.320599021826152075e+00
7.331234894387428369e-02 2.418020974609147444e-01 -2.323586163980242425e+00
7.326853510806063952e-02 2.412989405162124790e-01 -2.326367353244234604e+00
7.354816930454344259e-02 2.409611966449292098e-01 -2.328942184213665723e+00
7.413208647964131259e-02 2.407815548094660585e-01 -2.331310397816277025e+00
7.500102309069500706e-02 2.407529808587001163e-01 -2.333471856382240528e+00
7.613561906822674530e-02 2.408686986786312545e-01 -2.335426520255821536e+00
7.751641996551139613e-02 2.411221710432442933e-01 -2.337174425865257810e+00
7.912387924173103215e-02 2.415070802350243184e-01 -2.338715665174572411e+00
8.093836057755421365e-02 2.420173093599582437e-01 -2.340050365284210176e+00
8.294013986197601440e-02 2.426469251822021000e-01 -2.341178666878413139e+00
8.510940742856476504e-02 2.433901556168907021e-01 -2.342100710888024739e+00
8.742627066664665492e-02 2.442413690420028871e-01 -2.342816624181776497e+00
8.987075666563848486e-02 2.451950544645855601e-01 -2.343326505210771682e+00
9.242281488039738591e-02 2.462458016662809612e-01 -2.343630410706272205e+00
9.506231982669355318e-02 2.473882813358088129e-01 -2.343728343404691383e+00
9.776907382208754882e-02 2.486172251898648433e-01 -2.343620240781165709e+00
1.005228097932917564e-01 2.499274060783012175e-01 -2.343305964780658890e+00
1.033031941766795470e-01 2.513136180644144346e-01 -2.342785292543291487e+00
1.060898292336647231e-01 2.527706568327383607e-01 -2.342057905925102546e+00
1.088622539208023987e-01 2.542933007325931527e-01 -2.341123377655515814e+00
1.115999491003472066e-01 2.558762895087438594e-01 -2.339981171812441474e+00
1.142823418798148971e-01 2.575143037100708909e-01 -2.338630640948825778e+00
1.168888095972837604e-01 2.592019443427364678e-01 -2.337071022109144636e+00
1.193986841732317394e-01 2.609337123665707026e-01 -2.335301433989009912e+00
1.217912568930508144e-01 2.627039880079982126e-01 -2.333320875293458663e+00
1.240457836899078181e-01 2.645070098630952771e-01 -2.331128224358554935e+00
1.261414910031803949e-01 2.663368537654848822e-01 -2.328722240110224551e+00
1.280575822932701335e-01 2.681874113957318784e-01 -2.326101564443607828e+00
1.297771208345586125e-01 2.700522699280054617e-01 -2.323268426064783121e+00
1.312987018738596134e-01 2.719244177350450542e-01 -2.320239783567730196e+00
1.326249010694233732e-01 2.737965801447956871e-01 -2.317036299670658384e+00
1.337584180354398633e-01 2.756613446066826789e-01 -2.313678660390977804e+00
1.347020847312476732e-01 2.775111830719030337e-01 -2.310187584585537746e+00
1.354588723173781872e-01 2.793384739015016827e-01 -2.306583833087817226e+00
1.360318964072333436e-01 2.811355232739423116e-01 -2.302888217353064260e+00
1.364244206494342748e-01 2.828945860589788808e-01 -2.299121607524094557e+00
1.366398585822752310e-01 2.846078861205190158e-01 -2.295304939833113345e+00
1.366817737084153883e-01 2.862676360078748594e-01 -2.291459223258667688e+00
1.365538771938101803e-01 2.878660560525374557e-01 -2.287605544180025152e+00
1.362600229125079387e-01 2.893953929136259262e-01 -2.283765068025909617e+00
1.358042041792875132e-01 2.908479370587064849e-01 -2.279959047236064684e+00
1.351905470395267095e-01 2.922160395558677237e-01 -2.276208825465429797e+00
1.344233009969069137e-01 2.934921280868647564e-01 -2.272535839485734233e+00
1.335068277988149532e-01 2.946687220848325239e-01 -2.268961619993773660e+00
1.324455882847916932e-01 2.957384469594019905e-01 -2.265507791302184604e+00
1.312441273129505426e-01 2.966940473770014464e-01 -2.262196069900623829e+00
1.299070567890572292e-01 2.975283995702282525e-01 -2.259048261888113807e+00
1.284390368327623655e-01 2.982345226574487640e-01 -2.256086259290718488e+00
1.268447507019518916e-01 2.988055885501648135e-01 -2.253332034149071905e+00
1.251288695064567413e-01 2.992349300265102485e-01 -2.250807629536182297e+00
1.232960421250779426e-01 2.995160503090175119e-01 -2.248535156668553636e+00
1.213508741161968274e-01 2.996426308969266650e-01 -2.246536788446227284e+00
1.192979005634047240e-01 2.996085380615762794e-01 -2.244834750952079627e+00
1.171415574609411259e-01 2.994078284596453088e-01 -2.243451314213795733e+00
1.148861517341388527e-01 2.990347539269087029e-01 -2.242408782338469742e+00
1.125358299962746500e-01 2.984837655307792659e-01 -2.241729483141911672e+00
1.100945461485460797e-01 2.977495169763435534e-01 -2.241435757405994433e+00
1.075660279342933734e-01 2.968268674776730620e-01 -2.241549947907694129e+00
1.049554734293076663e-01 2.957142921923852086e-01 -2.242086624107381354e+00
1.022747517590167909e-01 2.944240219868472508e-01 -2.243029248200879788e+00
9.953728938063921561e-02 2.929716543036149368e-01 -2.244353407726631833e+00
9.675639409377101430e-02 2.913726924174206978e-01 -2.246034571191179108e+00
9.394530019557567613e-02 2.896425153446102740e-01 -2.248048088786218646e+00
9.111721030994646142e-02 2.877963508577208174e-01 -2.250369193967481252e+00
8.828533380094016891e-02 2.858492515341475304e-01 -2.252973005770378734e+00
8.546292170650771070e-02 2.838160737980270909e-01 -2.255834531770267049e+00
8.266329815256545643e-02 2.817114599419960896e-01 -2.258928671624896189e+00
7.989988822972682314e-02 2.795498231402908651e-01 -2.262230221163076482e+00
7.718624322050438025e-02 2.773453359552129349e-01 -2.265713878520417612e+00
7.453606385840494397e-02 2.751119228930933858e-01 -2.269354253508903074e+00
7.196321453998022477e-02 2.728632533084329737e-01 -2.273125868167364061e+00
6.948173613103580948e-02 2.706127384090795118e-01 -2.277003161396166320e+00
6.710585636606047899e-02 2.683735320450590933e-01 -2.280960495851140468e+00
6.484999698382054589e-02 2.661585349223130059e-01 -2.284972165561318658e+00
6.272877768039863966e-02 2.639804023448739656e-01 -2.289012404332162021e+00
6.075701696683211139e-02 2.618515555901228531e-01 -2.293055395000454411e+00
5.894973002220371683e-02 2.597841970198748740e-01 -2.297075279610107046e+00
5.732212363463329297e-02 2.577903290252647750e-01 -2.301046170580162809e+00
5.588959182962316419e-02 2.558817771240327055e-01 -2.304942165352271033e+00
5.466771545146498212e-02 2.540702175248581440e-01 -2.308737366613764053e+00
5.367223773215679117e-02 2.523672074062859316e-01 -2.312405888906382323e+00
5.291904472329500564e-02 2.507842197775520532e-01 -2.315921871891977180e+00
5.242414681018514599e-02 2.493326827261332923e-01 -2.319259497494243760e+00
5.220365778292501702e-02 2.480240228339534170e-01 -2.322393008487061650e+00
5.227377150885059720e-02 2.468697127472632147e-01 -2.325296728609448582e+00
5.265073623649918488e-02 2.458813228580476462e-01 -2.327945084289578137e+00
5.335082654573986005e-02 2.450705770249208548e-01 -2.330312628062892077e+00
5.439031294224072610e-02 2.444494122287386162e-01 -2.332374063771905703e+00
5.577967002393657836e-02 2.440267332256196298e-01 -2.334110327561377929e+00
5.750623483192951468e-02 2.437985439929635234e-01 -2.335526752349419422e+00
5.955141868856550502e-02 2.437578737951375807e-01 -2.336634867403459825e+00
6.189647212106352825e-02 2.438980426620291908e-01 -2.337446317741445068e+00
6.452250045952956370e-02 2.442126163858073795e-01 -2.337972841747177455e+00
6.741047864801918976e-02 2.446953632969814940e-01 -2.338226249719230765e+00
7.054126530368742820e-02 2.453402129409392174e-01 -2.338218403304752613e+00
7.389561605705630143e-02 2.461412167596703782e-01 -2.337961195780822621e+00
7.745419620378335424e-02 2.470925108677461957e-01 -2.337466533157437354e+00
8.119759269528925572e-02 2.481882809968221082e-01 -2.336746316087462638e+00
8.510632458267908262e-02 2.494227308972880586e-01 -2.335812421336128875e+00
8.916085087468594850e-02 2.507900554609028276e-01 -2.334676681633421236e+00
9.334158322355090576e-02 2.522844087532263302e-01 -2.333350873944271431e+00
9.762889651926398571e-02 2.538998768291675923e-01 -2.331846706097862487e+00
1.020031380443793267e-01 2.556304541203879843e-01 -2.330175803038146753e+00
1.064446360650985746e-01 2.574700221662333810e-01 -2.328349693985606983e+00
1.109337078703740431e-01 2.594123306790439010e-01 -2.326379800557638156e+00
1.154506672704957992e-01 2.614509809255247674e-01 -2.324277425900197702e+00
1.199758315669323672e-01 2.635794113974307962e-01 -2.322053744887627058e+00
1.244895280060660525e-01 2.657908857371706901e-01 -2.319719795450799538e+00
1.289720983798980924e-01 2.680784827315729757e-01 -2.317286469127304294e+00
1.334039004263809503e-01 2.704350881813692986e-01 -2.314764499086660265e+00
1.377653169007020395e-01 2.728533897320022383e-01 -2.312164461446773345e+00
1.420367615623017166e-01 2.753258734393844165e-01 -2.309496773842699469e+00
1.461986833928810015e-01 2.778448221829035170e-01 -2.306771693431143966e+00
1.502315704137897612e-01 2.804023160134643256e-01 -2.303999316393404495e+00
1.541159531304452379e-01 2.829902343750130278e-01 -2.301189578993049434e+00
1.578324076333523784e-01 2.856002601382354733e-01 -2.298352260240601463e+00
1.613615583868290848e-01 2.882238853865124462e-01 -2.295496986212704815e+00
1.646840807374325699e-01 2.908524188967520629e-01 -2.292633236067686653e+00
1.677847943208914394e-01 2.934773910912733541e-01 -2.289769957420813462e+00
1.706649443870253968e-01 2.960918011253381721e-01 -2.286914445800122486e+00
1.733299392615794687e-01 2.986890247010145494e-01 -2.284073613379967504e+00
1.757852615605490776e-01 3.012624381049717748e-01 -2.281254400530251747e+00
1.780364689380555809e-01 3.038054252791209109e-01 -2.278463782571761076e+00
1.800891943182212351e-01 3.063113844857539014e-01 -2.275708776041204473e+00
1.819491455949329151e-01 3.087737345670746869e-01 -2.272996444434267183e+00
1.836221047829784681e-01 3.111859207979534858e-01 -2.270333903396710706e+00
1.851139266038384079e-01 3.135414203297446356e-01 -2.267728325335396367e+00
1.864305364894645045e-01 3.158337472221495190e-01 -2.265186943423260324e+00
1.875779271055892927e-01 3.180564565194954341e-01 -2.262717055482601936e+00
1.885621527871919056e-01 3.202031467125712183e-01 -2.260326028387404040e+00
1.893893288448840195e-01 3.222674649520276269e-01 -2.258021298841247582e+00
1.900656280126864495e-01 3.242431109487933227e-01 -2.255810374231880022e+00
1.905972752772790990e-01 3.261238399289547729e-01 -2.253700833256975677e+00
1.909905420335942239e-01 3.279034651465115857e-01 -2.251700325845253037e+00
1.912517395579200752e-01 3.295758599491778185e-01 -2.249816572367990819e+00
1.913872117918837823e-01 3.311349593929948654e-01 -2.248057362139960880e+00
1.914033274330884105e-01 3.325747614023404353e-01 -2.246430551213006943e+00
1.913064713308094689e-01 3.338893274729723970e-01 -2.244944059469852427e+00
1.911030347194726531e-01 3.350727834231013169e-01 -2.243605866576598107e+00
1.907994039404687925e-01 3.361193206686268198e-01 -2.242424006389186708e+00
1.904019513683117282e-01 3.370231939915422359e-01 -2.241406563446097344e+00
1.899170245427526105e-01 3.377787199226673920e-01 -2.240561667871320051e+00
1.893509341412480396e-01 3.383802751933777664e-01 -2.239897489223738436e+00
1.887099413065946862e-01 3.388222947509227367e-01 -2.239422229792203289e+00
1.880002443494532827e-01 3.390992693491714505e-01 -2.239144117377708909e+00
1.872279648484878045e-01 3.392057427295598337e-01 -2.239071397609022629e+00
1.863991331737389068e-01 3.391363084101879366e-01 -2.239212325843032314e+00
1.855196734615431886e-01 3.388856061043465928e-01 -2.239575158705891411e+00
1.845946983085222648e-01 3.384517626367906651e-01 -2.240163541844055750e+00
1.836264434126824163e-01 3.378467077300819632e-01 -2.240962685869246851e+00
1.826163778040394980e-01 3.370858087644301726e-01 -2.241953167491504750e+00
1.815659276260266353e-01 3.361844168973622260e-01 -2.243115537737990106e+00
1.804765046592193833e-01 3.351578620044630696e-01 -2.244430327625076771e+00
1.793495317653150956e-01 3.340214478503251705e-01 -2.245878052934631164e+00
1.781864652336633270e-01 3.327904474694145520e-01 -2.247439218055694354e+00
1.769888140234017193e-01 3.314800987489894268e-01 -2.249094318876324383e+00
1.757581559034799845e-01 3.301056002171578463e-01 -2.250823844730792000e+00
1.744961505005155900e-01 3.286821070484848839e-01 -2.252608279424594073e+00
1.732045496748004787e-01 3.272247274729815913e-01 -2.254428100543612423e+00
1.718852055707396076e-01 3.257485198066882859e-01 -2.256263776219911588e+00
1.705400731501480749e-01 3.242684888058295911e-01 -2.258095766062089726e+00
1.691712106494369650e-01 3.227995826443796901e-01 -2.259904519771126274e+00
1.677807774885771153e-01 3.213566904145572778e-01 -2.261670474280017551e+00
1.663710292329554363e-01 3.199546400263386658e-01 -2.263374050297793261e+00
1.649443096306315582e-01 3.186081965399676363e-01 -2.264995648315770271e+00
1.635030397443721917e-01 3.173320609622845012e-01 -2.266515644127642393e+00
1.620497041936848071e-01 3.161408695330605312e-01 -2.267914383906190601e+00
1.605868345170100575e-01 3.150491935212729189e-01 -2.269172178868092526e+00
1.591169886206094120e-01 3.140715392976760612e-01 -2.270269300490143749e+00
1.576427253505721104e-01 3.132223484743428266e-01 -2.271185977216188423e+00
1.561665825164846311e-01 3.125160000528777182e-01 -2.271902385088386378e+00
1.546910498868019346e-01 3.119668125156014327e-01 -2.272398639851279878e+00
1.532185382102149163e-01 3.115890461197006189e-01 -2.272654789499541028e+00
1.517513452751053649e-01 3.113969055986838264e-01 -2.272650806233664333e+00
1.502916189563476834e-01 3.114045432027694460e-01 -2.272366577708805124e+00
1.488413171856013406e-01 3.116260619903892248e-01 -2.271781897431132791e+00
1.474021647665342272e-01 3.120755192616897489e-01 -2.270876454122413790e+00
1.459756069398800982e-01 3.127669300016444609e-01 -2.269629819836923801e+00
1.445625626781836814e-01 3.137092205655260813e-01 -2.268028894188862665e+00
1.431628695926061567e-01 3.148911210760978463e-01 -2.266090315420664414e+00
1.417760258816045393e-01 3.162963818584692000e-01 -2.263838178947354063e+00
1.404014595957190359e-01 3.179088310038329368e-01 -2.261296606269878495e+00
1.390385806403409141e-01 3.197123726469008886e-01 -2.258489758820352300e+00
1.376868288768995363e-01 3.216909854485843212e-01 -2.255441850989662100e+00
1.363457183777283532e-01 3.238287213497299533e-01 -2.252177162454525039e+00
1.350148778720536846e-01 3.261097046325009963e-01 -2.248720049876178795e+00
1.336940874041903093e-01 3.285181312991625191e-01 -2.245094958002055385e+00
1.323833112098848908e-01 3.310382687535540214e-01 -2.241326430164801042e+00
1.310827277898551912e-01 3.336544561272938303e-01 -2.237439118670013105e+00
1.297927579640769657e-01 3.363511055919650161e-01 -2.233457795558399184e+00
1.285140829787296823e-01 3.391127015462425121e-01 -2.229407359383917875e+00
1.272476609331936181e-01 3.419238005738831632e-01 -2.225312842077329378e+00
1.259947403093382157e-01 3.447690317155891471e-01 -2.221199415275998401e+00
1.247568695134328998e-01 3.476330965696927677e-01 -2.217092395446627062e+00
1.235359023608180173e-01 3.505007691032862027e-01 -2.213017247638182194e+00
1.223339994273695552e-01 3.533568950507000039e-01 -2.208999587694123967e+00
1.211536251871998537e-01 3.561863907742104374e-01 -2.205065182748586317e+00
1.199975408530473686e-01 3.589742414626839739e-01 -2.201239949830454457e+00
1.188687936896579700e-01 3.617054982020961873e-01 -2.197549952264185702e+00
1.177707034385235829e-01 3.643652734395583792e-01 -2.194021393562924249e+00
1.167068389848497922e-01 3.669387374798134260e-01 -2.190680609751974650e+00
1.156809923386292738e-01 3.694111131965467365e-01 -2.187554058876507668e+00
1.146971488258148320e-01 3.717676692305786901e-01 -2.184668307723486969e+00
1.137594525397092049e-01 3.739937119649217045e-01 -2.182050015799907428e+00
1.128721670045709224e-01 3.760745762466584097e-01 -2.179725916497333049e+00
1.120396310178888299e-01 3.779956148526726345e-01 -2.177722795404462452e+00
1.112662096548491242e-01 3.797421867268946372e-01 -2.176067465765520570e+00
1.105562404382496311e-01 3.812996440508822360e-01 -2.174786741122797462e+00
1.099130055448571675e-01 3.826578696428510895e-01 -2.173898549012247106e+00
1.093357017017360100e-01 3.838248950761400380e-01 -2.173385293985782507e+00
1.088222316326397099e-01 3.848132069371046349e-01 -2.173220354781295161e+00
1.083702043202436904e-01 3.856352008394337005e-01 -2.173376952010976026e+00
1.079769838357926837e-01 3.863031931976048661e-01 -2.173828171054072556e+00
1.076397347901827395e-01 3.868294327159240709e-01 -2.174546983901223474e+00
1.073554643283012311e-01 3.872261114336623677e-01 -2.175506269766405154e+00
1.071210606005617016e-01 3.875053751965049642e-01 -2.176678834314009325e+00
1.069333276568174007e-01 3.876793334520192147e-01 -2.178037427377378599e+00
1.067890167181899663e-01 3.877600682920134822e-01 -2.179554759071276049e+00
1.066848527272448166e-01 3.877596418425364178e-01 -2.181203513029508656e+00
1.066175550506267555e-01 3.876901011885451886e-01 -2.182956355505615953e+00
1.065838608312219549e-01 3.875634875788565026e-01 -2.184785949873544020e+00
1.065805425410846219e-01 3.873918429976699329e-01 -2.186664966981862968e+00
1.066044207616179129e-01 3.871872150161665971e-01 -2.188566092521512019e+00
1.066523732457458351e-01 3.869616608035526539e-01 -2.190462032601886655e+00
1.067213402630291519e-01 3.867272503250358540e-01 -2.192325517547948799e+00
1.068083262310040027e-01 3.864960687585430321e-01 -2.194129303936457553e+00
1.069103976372809406e-01 3.862802181636721954e-01 -2.195846174892216673e+00
1.070246772570282445e-01 3.860918184353181459e-01 -2.197448938665408136e+00
1.071483357998062047e-01 3.859430079077323938e-01 -2.198910426719340450e+00
1.072785821008093166e-01 3.858459439745991482e-01 -2.200203492545723893e+00
1.074126428172137437e-01 3.858128010269923358e-01 -2.201301001524557321e+00
1.075477407051610435e-01 3.858557683882990474e-01 -2.202175821523866706e+00
1.076810703125357094e-01 3.859870479167417656e-01 -2.202800813004907265e+00
1.078097699329276793e-01 3.862188509124377944e-01 -2.203148817386388014e+00
1.079308897925095323e-01 3.865633942804436174e-01 -2.203192643614528379e+00
1.080413564318423170e-01 3.870328958790030249e-01 -2.202905052864093882e+00
1.081379332336820376e-01 3.876395689572591507e-01 -2.202258741271071685e+00
1.082171770355735418e-01 3.883956155588914605e-01 -2.201226320570306871e+00
1.082754432118253618e-01 3.893091120618894507e-01 -2.199788056499589750e+00
1.083090605923837657e-01 3.903716797454426235e-01 -2.197955149792121698e+00
1.083142837326263042e-01 3.915707958945002787e-01 -2.195746494079013011e+00
1.082872928797811163e-01 3.928938958174348350e-01 -2.193180934563589091e+00
1.082242317794510633e-01 3.943283695164732094e-01 -2.190277281527553299e+00
1.081212432819915747e-01 3.958615590675771401e-01 -2.187054323627166674e+00
1.079745027829464021e-01 3.974807567802280950e-01 -2.183530841040516535e+00
1.077802495172046626e-01 3.991732041898892192e-01 -2.179725618502014406e+00
1.075348157125777249e-01 4.009260919193615713e-01 -2.175657458236751829e+00
1.072346535950647883e-01 4.027265604298451152e-01 -2.171345192785280709e+00
1.068763610467944325e-01 4.045617017043143804e-01 -2.166807698293503393e+00
1.064567066293653497e-01 4.064185618234885666e-01 -2.162063908799944922e+00
1.059726473816859915e-01 4.082841441521174453e-01 -2.157132826634547307e+00
1.054213460837987171e-01 4.101454135515392174e-01 -2.152033533739569293e+00
1.048001869989279022e-01 4.119893014467947978e-01 -2.146785203169506939e+00
1.041067891782012644e-01 4.138027116436786557e-01 -2.141407110048571205e+00
1.033390172461357004e-01 4.155725268370478176e-01 -2.135918641865999668e+00
1.024949895786329002e-01 4.172856157443196601e-01 -2.130339307981467201e+00
1.015730837804413866e-01 4.189288407917128865e-01 -2.124688748207365308e+00
1.005719393659729732e-01 4.204890662755178532e-01 -2.118986740331837204e+00
9.949045730754990657e-02 4.219531668706020255e-01 -2.113253205677143587e+00
9.832779604468067092e-02 4.233080362193009094e-01 -2.107508211885208205e+00
9.708336583798971020e-02 4.245405959500896387e-01 -2.101771978994612766e+00
9.575681964238347277e-02 4.256378049876783365e-01 -2.096064882337918434e+00
9.434804052366052574e-02 4.265866689170194626e-01 -2.090407452985997949e+00
9.285712576442728405e-02 4.273742493281220689e-01 -2.084820376437479084e+00
9.128436760242664150e-02 4.279876730645462146e-01 -2.079324489484781324e+00
8.963023055978913689e-02 4.284141413047777291e-01 -2.073940775211595255e+00
8.789532533938748671e-02 4.286409384138698542e-01 -2.068690356103300765e+00
8.608037928428347030e-02 4.286554405128715217e-01 -2.063594485281695867e+00
8.418815451493832924e-02 4.284498195490318295e-01 -2.058669897274393534e+00
8.222915796176399894e-02 4.280351395806727410e-01 -2.053914798710607226e+00
8.021558515223414787e-02 4.274272678788131330e-01 -2.049322631079295132e+00
7.815935268895479737e-02 4.266421670893354445e-01 -2.044886679276085140e+00
7.607211172251338027e-02 4.256958833285278132e-01 -2.040600063830701139e+00
7.396526173687867356e-02 4.246045352798000216e-01 -2.036455735394596456e+00
7.184996453038694497e-02 4.233843042728282491e-01 -2.032446471331126325e+00
6.973715826931270456e-02 4.220514253295246654e-01 -2.028564874255526007e+00
6.763757148772508998e-02 4.206221791638227181e-01 -2.024803372378544353e+00
6.556173690645650254e-02 4.191128851243588471e-01 -2.021154221515569560e+00
6.352000558256820639e-02 4.175398946728257066e-01 -2.017609510454553501e+00
6.152256201185446471e-02 4.159195852676358385e-01 -2.014161171156311880e+00
5.957943490901707051e-02 4.142683577304930864e-01 -2.010800979124072185e+00
5.770050841707918821e-02 4.126026332870655899e-01 -2.007520558955476098e+00
5.589553318158513306e-02 4.109388510515161741e-01 -2.004311392928739277e+00
5.417413658717729064e-02 4.092934664189318283e-01 -2.001164830670865147e+00
5.254583206911611626e-02 4.076829503585175374e-01 -1.998072099840757287e+00
5.102002742213285202e-02 4.061237895992815261e-01 -1.995024317769500621e+00
4.960603203937852257e-02 4.046324876983700136e-01 -1.992012504008825680e+00
4.831306302509963402e-02 4.032255669802156106e-01 -1.989027593746611977e+00
4.715024821839319813e-02 4.019195691239492163e-01 -1.986060450524279819e+00
4.612662436903613994e-02 4.007310523708795813e-01 -1.983101876821045995e+00
4.525114575687272378e-02 3.996766029763731964e-01 -1.980142634779819888e+00
4.453268748208039085e-02 3.987728427819057231e-01 -1.977173464550766591e+00
4.398004556983980962e-02 3.980364353092205043e-01 -1.974185101849773361e+00
4.360193586909932861e-02 3.974840925973257555e-01 -1.971168296269896425e+00
4.340699177529305786e-02 3.971325827430787214e-01 -1.968113830330871838e+00
4.340376082073582609e-02 3.969987381002706428e-01 -1.965012539251276280e+00
4.360070019078632342e-02 3.970994640858434011e-01 -1.961855331426509919e+00
4.400617123875782966e-02 3.974517485352242474e-01 -1.958633209593569235e+00
4.462414529489500126e-02 3.980669131352487788e-01 -1.955340467683682304e+00
4.544141642792487445e-02 3.989332874527153905e-01 -1.951984238745501754e+00
4.644060637336266950e-02 4.000333737832417746e-01 -1.948574968990921308e+00
4.760447628198161141e-02 4.013495772395976324e-01 -1.945123212904890542e+00
4.891593072879407700e-02 4.028641941269430760e-01 -1.941639602690230504e+00
5.035802108191189674e-02 4.045594020929095258e-01 -1.938134820591536300e+00
5.191394810100202761e-02 4.064172520588784643e-01 -1.934619574027618194e+00
5.356706366275920672e-02 4.084196619238218418e-01 -1.931104573465826091e+00
5.530087153588425508e-02 4.105484120190960873e-01 -1.927600512974638525e+00
5.709902715062309397e-02 4.127851422816082305e-01 -1.924118053393397476e+00
5.894533639794685698e-02 4.151113519656819406e-01 -1.920667809433999285e+00
6.082375327638489537e-02 4.175084024134898542e-01 -1.917260341711206406e+00
6.271837587986972551e-02 4.199575159918342848e-01 -1.913906142683604372e+00
6.461344183010453435e-02 4.224397787005136351e-01 -1.910615628173005121e+00
6.649332282300779440e-02 4.249361451867299522e-01 -1.907399132703232913e+00
6.834251819443259990e-02 4.274274451730550872e-01 -1.904266907165096390e+00
7.014564754484098330e-02 4.298943912411226087e-01 -1.901229118764948600e+00
7.188744246717337916e-02 4.323175879162652890e-01 -1.898295853217854878e+00
7.355273742439516482e-02 4.346775420027704229e-01 -1.895477119150283940e+00
7.512645982315024895e-02 4.369546741253165223e-01 -1.892782854681357430e+00
7.659362108752754139e-02 4.391293323857832220e-01 -1.890222938371293848e+00
7.793931048016489171e-02 4.411818089227317330e-01 -1.887807206606408439e+00
7.914867766614008815e-02 4.430923518357587909e-01 -1.885545459751518438e+00
8.020691824713788165e-02 4.448411803389817898e-01 -1.883447475072369537e+00
8.109926042273762903e-02 4.464085020216805866e-01 -1.881523024015891110e+00
8.181095099799184922e-02 4.477745312524006316e-01 -1.879781891592753995e+00
8.232724071588970460e-02 4.489195087585216015e-01 -1.878233897860901447e+00
8.263336887398020636e-02 4.498237224292114256e-01 -1.876888921512429143e+00
8.271454716288006992e-02 4.504675294069171443e-01 -1.875756925569838307e+00
8.255594264077803501e-02 4.508313795511966759e-01 -1.874847985201328893e+00
8.214752417800053053e-02 4.509014142165810313e-01 -1.874169067719813064e+00
8.149861996750429327e-02 4.506862143108261165e-01 -1.873714290312063602e+00
8.062329020577374550e-02 4.502000830834318457e-01 -1.873474632865813616e+00
7.953547021627160873e-02 4.494574515562899109e-01 -1.873441158180656263e+00
7.824898345096276131e-02 4.484728565327693595e-01 -1.873604987084632079e+00
7.677755411201081515e-02 4.472609199045392003e-01 -1.873957275382371668e+00
7.513481945208333457e-02 4.458363291724247723e-01 -1.874489192596859422e+00
7.333434179401887576e-02 4.442138191120261759e-01 -1.875191902465384919e+00
7.138962029432205370e-02 4.424081545281692840e-01 -1.876056545149298982e+00
6.931410246019087396e-02 4.404341140546201849e-01 -1.877074221116923347e+00
6.712119604510258242e-02 4.383064754758168036e-01 -1.878235979128855204e+00
6.482428191631006698e-02 4.360400030807012328e-01 -1.879532810726502579e+00
6.243672282071033308e-02 4.336494329588882479e-01 -1.880955631410577755e+00
5.997187308954643470e-02 4.311494602552645716e-01 -1.882495268296178415e+00
5.744308861628999452e-02 4.285547279078354421e-01 -1.884142451736715573e+00
5.486373643134623279e-02 4.258798163780417312e-01 -1.885887808414009159e+00
5.224720382359615556e-02 4.231392343924897936e-01 -1.887721855868740084e+00
4.960690695604608180e-02 4.203474107209173027e-01 -1.889634998449222891e+00
4.695629892139008277e-02 4.175186870202796108e-01 -1.891617524660453187e+00
4.430887718295739575e-02 4.146673117791830343e-01 -1.893659605899441489e+00
4.167819097483427271e-02 4.118074340872350803e-01 -1.895751295238688350e+00
3.907784922584367493e-02 4.089530959377065678e-01 -1.897882524895098122e+00
3.652152392708396533e-02 4.061182336165432005e-01 -1.900043113000295492e+00
3.402295394016174868e-02 4.033166777604209052e-01 -1.902222769112135170e+00
3.159594857738534657e-02 4.005621534169749864e-01 -1.904411099779871996e+00
2.925439028898413341e-02 3.978682814585301486e-01 -1.906597615494132425e+00
2.701223642679062564e-02 3.952485813908062084e-01 -1.908771739033357395e+00
2.488352006023930585e-02 3.927164755954239972e-01 -1.910922815221197446e+00
2.288234982759362879e-02 3.902852950414414934e-01 -1.913040122111911767e+00
2.102290881293722435e-02 3.879682864964797417e-01 -1.915112883623190321e+00
1.931612281808314791e-02 3.857753613689247629e-01 -1.917132282192834714e+00
1.775964153344178342e-02 3.837033612227784829e-01 -1.919097504739314619e+00
1.634777948686938487e-02 3.817459054904608351e-01 -1.921009812300135566e+00
1.507483814063226291e-02 3.798966592996753100e-01 -1.922870543551356226e+00
1.393510484508908576e-02 3.781493314218362656e-01 -1.924681107701991856e+00
1.292285198778575506e-02 3.764976722174271373e-01 -1.926442977771686271e+00
1.203233631243838531e-02 3.749354715910770963e-01 -1.928157684241917913e+00
1.125779838514340270e-02 3.734565569680752262e-01 -1.929826809072431537e+00
1.059346218777390547e-02 3.720547913030345377e-01 -1.931451980075837183e+00
1.003353482093194415e-02 3.707240711304486958e-01 -1.933034865644448264e+00
9.572207190916337538e-03 3.694583233505310815e-01 -1.934577168866980612e+00
9.203656513227187475e-03 3.682514994372541040e-01 -1.936080620030754762e+00
8.922043519557387725e-03 3.670975776008607028e-01 -1.937546975184712528e+00
8.721511577172158525e-03 3.659905623996841939e-01 -1.938978013197468986e+00
8.596186759862511906e-03 3.649244831149074386e-01 -1.940375532203269415e+00
8.540177961580575072e-03 3.638933922071574401e-01 -1.941741346380213562e+00
8.547577046819299085e-03 3.628913638591226842e-01 -1.943077283059753579e+00
8.612459032848462925e-03 3.619124926077561533e-01 -1.944385180166910310e+00
8.728882299831930425e-03 3.609508920691086864e-01 -1.945666883990971208e+00
8.890888825610954171e-03 3.600006937583231093e-01 -1.946924247286756726e+00
9.092503822931696789e-03 3.590560471594907987e-01 -1.948159128467763068e+00
9.327734146280075578e-03 3.581111221971688963e-01 -1.949373392648754422e+00
9.590570429234279715e-03 3.571601048890156171e-01 -1.950568908453994554e+00
9.874988018001573664e-03 3.561971954071072588e-01 -1.951747546687929047e+00
1.017494730288204252e-02 3.552166073951452674e-01 -1.952911180100164845e+00
1.048439406311274524e-02 3.542125673892875248e-01 -1.954061683483385492e+00
1.079725982385282279e-02 3.531793143432344628e-01 -1.955200934105082888e+00
1.110746222386005400e-02 3.521110992581415466e-01 -1.956330812473958902e+00
1.140890539210737131e-02 3.510021849179674192e-01 -1.957453203441758660e+00
1.169548033114864438e-02 3.498468457309193980e-01 -1.958569997641154359e+00
1.196247443217712814e-02 3.486412021044213994e-01 -1.959682720205542905e+00
1.221080779119487758e-02 3.473887180235539773e-01 -1.960791411724882360e+00
1.244282115116401854e-02 3.460946882285633741e-01 -1.961895744562488053e+00
1.266086863613669067e-02 3.447644025065388362e-01 -1.962995394431363838e+00
1.286731734382629000e-02 3.434031456917012726e-01 -1.964090039384901010e+00
1.306454696950831718e-02 3.420161976738760323e-01 -1.965179358931560927e+00
1.325494946138272567e-02 3.406088334150538799e-01 -1.966263033275065686e+00
1.344092870726409927e-02 3.391863229739930929e-01 -1.967340742681454424e+00
1.362490025222218293e-02 3.377539315388480290e-01 -1.968412166974268906e+00
1.380929104662076412e-02 3.363169194678361507e-01 -1.969476985158999049e+00
1.399653949658397067e-02 3.348805428958900876e-01 -1.970534875551057441e+00
1.418909609857665899e-02 3.334500554690515983e-01 -1.971585516789820636e+00
1.438942247250540873e-02 3.320307067427741288e-01 -1.972628586751996149e+00
1.459999095209152387e-02 3.306277416984313433e-01 -1.973663762331465454e+00
1.482328447145730976e-02 3.292464008250028940e-01 -1.974690719723876997e+00
1.506179647691840984e-02 3.278919202090775364e-01 -1.975709134845840209e+00
1.531803086329119878e-02 3.265695316331695963e-01 -1.976718683889646000e+00
1.559450193419076314e-02 3.252844626822843921e-01 -1.977719044014430994e+00
1.589373438598906674e-02 3.240419368586335835e-01 -1.978709894174771611e+00
1.621826331533204879e-02 3.228471737043294709e-01 -1.979690916087732733e+00
1.657063353486876167e-02 3.217053888682519514e-01 -1.980661795270556524e+00
1.695339748361757160e-02 3.206217940628603991e-01 -1.981622222083153417e+00
1.736911745454072786e-02 3.196015974172627949e-01 -1.982571893324094559e+00
1.782036641181505843e-02 3.186500036957684578e-01 -1.983510513825216259e+00
1.830972811949749257e-02 3.177722144565100493e-01 -1.984437798120583185e+00
1.883979730015949983e-02 3.169734282153453542e-01 -1.985353472261163210e+00
1.941317982630019756e-02 3.162588406141662034e-01 -1.986257275776990960e+00
2.003249294794784419e-02 3.156336445925926881e-01 -1.987148963788755607e+00
2.070036556050691701e-02 3.151030305618727212e-01 -1.988028309270953198e+00
2.141943851760297335e-02 3.146721865796480166e-01 -1.988895105468944990e+00
2.219117549952720481e-02 3.143452179751911046e-01 -1.989748795890563970e+00
2.301229050097264306e-02 3.141219107363744101e-01 -1.990587355501197031e+00
2.387830817480462997e-02 3.140009821434892601e-01 -1.991408402089877239e+00
2.478475044600569888e-02 3.139811628067969984e-01 -1.992209565173460151e+00
2.572713457717679120e-02 3.140611967520134939e-01 -1.992988483006570721e+00
2.670097129209025866e-02 3.142398414047340438e-01 -1.993742799659581566e+00
2.770176295145887480e-02 3.145158674743373517e-01 -1.994470162160150162e+00
2.872500177539238919e-02 3.148880587376217122e-01 -1.995168217694070156e+00
2.976616810732046758e-02 3.153552117221520845e-01 -1.995834610861370484e+00
3.082072871445706852e-02 3.159161352890302865e-01 -1.996466980983807815e+00
3.188413437849435539e-02 3.165696502947641378e-01 -1.997062958912687813e+00
3.295181601313501574e-02 3.173145895095279556e-01 -1.997620162774718322e+00
3.401918524161562374e-02 3.181497963476567215e-01 -1.998136197034544148e+00
3.508163353594628830e-02 3.190741238553216341e-01 -1.998608650517349927e+00
3.613453063488947237e-02 3.200864337727025166e-01 -1.999035093921781581e+00
3.717322297484493276e-02 3.211855954883207076e-01 -1.999413077365043145e+00
3.819303213067781755e-02 3.223704848835029502e-01 -1.999740127957718050e+00
3.918925326381250684e-02 3.236399830647296305e-01 -2.000013747406075737e+00
4.015715357522475770e-02 3.249929749813711410e-01 -2.000231409639889879e+00
4.109197076124404546e-02 3.264283479261105292e-01 -2.000390558464022916e+00
4.198891174823771166e-02 3.279449901973006121e-01 -2.000488605916035389e+00
4.284315196095844769e-02 3.295417901869148736e-01 -2.000522932002188004e+00
4.364983290598933863e-02 3.312176336346448480e-01 -2.000490880344854006e+00
4.440406034051047612e-02 3.329714013363545000e-01 -2.000389755233016764e+00
4.510090272173172821e-02 3.348019670039064088e-01 -2.000216819378741739e+00
4.573538965399404077e-02 3.367081949865173840e-01 -1.999969291693689977e+00
4.630251033414412021e-02 3.386889378493460612e-01 -1.999644345086481145e+00
4.679721199630115791e-02 3.407430338048129670e-01 -1.999239104282196422e+00
4.721439835766005899e-02 3.428693039919092911e-01 -1.998750643665863747e+00
4.754892806758137525e-02 3.450665495985751896e-01 -1.998175985152375711e+00
4.779774624423627216e-02 3.473330708875277395e-01 -1.997513172487299871e+00
4.796630099144572057e-02 3.496652356378930904e-01 -1.996764523158635507e+00
4.806217944154145272e-02 3.520589224361394542e-01 -1.995933444460205930e+00
4.809298403674944211e-02 3.545100038404012111e-01 -1.995023368446779743e+00
4.806633695715945009e-02 3.570143504834080161e-01 -1.994037756991864585e+00
4.798988435918039031e-02 3.595678349309880950e-01 -1.992980106533039475e+00
4.787130041876963560e-02 3.621663352959392235e-01 -1.991853952500742375e+00
4.771829117311687796e-02 3.648057386059986307e-01 -1.990662873426144897e+00
4.753859815386807242e-02 3.674819439236465257e-01 -1.989410494723417244e+00
4.734000180444697392e-02 3.701908652145600165e-01 -1.988100492141356979e+00
4.713032383870086051e-02 3.729284348914059244e-01 -1.986736594811435053e+00
4.691742776275686921e-02 3.756906089526084180e-01 -1.985322587823699969e+00
4.670922421717582651e-02 3.784733662657275843e-01 -1.983862314867153476e+00
4.651367430418495985e-02 3.812727094487859958e-01 -1.982359680377753675e+00
4.633879180373945417e-02 3.840846664035382219e-01 -1.980818651258702490e+00
4.619264511976384213e-02 3.869052915610846632e-01 -1.979243258234582692e+00
4.608335894682857869e-02 3.897306668323468060e-01 -1.977637596832097611e+00
4.601911564735772231e-02 3.925569022556665288e-01 -1.976005827979829155e+00
4.600815632938637378e-02 3.953801363335927022e-01 -1.974352178219148879e+00
4.605878161480214672e-02 3.981965360508650242e-01 -1.972680939518090648e+00
4.617935162635022905e-02 4.010022958345524913e-01 -1.970996468626064368e+00
4.637828481800765346e-02 4.037936346656589848e-01 -1.969303185953655166e+00
4.666405930554518022e-02 4.065667971845536854e-01 -1.967605574393841206e+00
4.704521277595841156e-02 4.093180530480262647e-01 -1.965908177542220914e+00
4.753034154945501299e-02 4.120436952081245607e-01 -1.964215597410489567e+00
4.812809927009409350e-02 4.147400378259771259e-01 -1.962532491687280389e+00
4.884719521526070807e-02 4.174034138151454520e-01 -1.960863570535662515e+00
4.969639221429833498e-02 4.200301720099122171e-01 -1.959213592916176694e+00
5.068450416670700065e-02 4.226166739549506168e-01 -1.957587362423839350e+00
5.182039315046838013e-02 4.251592903139616020e-01 -1.955989722627095473e+00
5.310970606861786791e-02 4.276547448822762831e-01 -1.954424857183108211e+00
5.454506739181441688e-02 4.301011395330824882e-01 -1.952894163196512656e+00
5.611581587466130117e-02 4.324968827794952730e-01 -1.951398268032637162e+00
5.781125800694297823e-02 4.348403393955693197e-01 -1.949937715442059849e+00
5.962066754522155065e-02 4.371298320824759109e-01 -1.948512966702659499e+00
6.153328515755696060e-02 4.393636432114931267e-01 -1.947124401957405881e+00
6.353831818998800784e-02 4.415400166325511577e-01 -1.945772321759300816e+00
6.562494056331669157e-02 4.436571595371416876e-01 -1.944456948834605070e+00
6.778229280854652927e-02 4.457132443645224207e-01 -1.943178430075139573e+00
6.999948224905949701e-02 4.477064107403259108e-01 -1.941936838770015328e+00
7.226558284417450295e-02 4.496347664042312786e-01 -1.940732177467683783e+00
7.456963408881467359e-02 4.514963861507816922e-01 -1.939564381789180336e+00
7.690064295181953113e-02 4.532893170291383278e-01 -1.938433322164410999e+00
7.924758518476382463e-02 4.550115813797370734e-01 -1.937338806705325212e+00
8.159940635025675348e-02 4.566611788021459617e-01 -1.936280584763278689e+00
8.394502303753181849e-02 4.582360880934608360e-01 -1.935258350779413439e+00
8.627332426912337482e-02 4.597342691492838362e-01 -1.934271748433508353e+00
8.857317310144452449e-02 4.611536648200185162e-01 -1.933320375095822552e+00
9.083340842102716195e-02 4.624922027160436322e-01 -1.932403786585454863e+00
9.304284693705788811e-02 4.637477969561913937e-01 -1.931521502237696808e+00
9.519028634546167211e-02 4.649183496108868496e-01 -1.930673010565337355e+00
9.726451058366158975e-02 4.660017516541525850e-01 -1.929857775768013317e+00
9.925428938621649877e-02 4.669958853591906767e-01 -1.929075242831971071e+00
1.011483800673746991e-01 4.678986260440893830e-01 -1.928324843555033086e+00
1.029355304753059031e-01 4.687078434876905675e-01 -1.927606003169930027e+00
1.046044821205853737e-01 4.694214032764669753e-01 -1.926918147270314519e+00
1.061439734699436421e-01 4.700371680854011913e-01 -1.926260709033864815e+00
1.075427433947440115e-01 4.705529988974328504e-01 -1.925633136735711348e+00
1.087895347621010700e-01 4.709667561676580405e-01 -1.925034901544251831e+00
1.098730981549613794e-01 4.712763009402194392e-01 -1.924465505590248204e+00
1.107852582232080607e-01 4.714808774525005575e-01 -1.923924930057963500e+00
1.115301055771920069e-01 4.715852635443549268e-01 -1.923414967745173065e+00
1.121148084858907268e-01 4.715956346050331760e-01 -1.922937912110830538e+00
1.125465459058569984e-01 4.715181836270434523e-01 -1.922496109892940508e+00
1.128325033313397618e-01 4.713591217110053577e-01 -1.922091951969219004e+00
1.129798689900445297e-01 4.711246784589135927e-01 -1.921727864767945659e+00
1.129958304048921391e-01 4.708211022448303140e-01 -1.921406302240217023e+00
1.128875713387640367e-01 4.704546603536630123e-01 -1.921129738402742593e+00
1.126622691360350537e-01 4.700316389802212669e-01 -1.920900660458404685e+00
1.123270924717187924e-01 4.695583430821388404e-01 -1.920721562500028012e+00
1.118891983851919569e-01 4.690410963976807679e-01 -1.920594939105102261e+00
1.113557274800363039e-01 4.684862419455750882e-01 -1.920523278131834211e+00
1.107338063408125350e-01 4.679001404711207179e-01 -1.920509058282929615e+00
1.100305481024639320e-01 4.672891693547209790e-01 -1.920554745858783496e+00
1.092530523111023832e-01 4.666597216746519727e-01 -1.920662791402903524e+00
1.084084052068345905e-01 4.660182051090693278e-01 -1.920835626935379903e+00
1.075036804250415479e-01 4.653710406774314023e-01 -1.921075663772226383e+00
1.065459401114643434e-01 4.647246613220046285e-01 -1.921385290928075085e+00
1.055422364455895767e-01 4.640855103304715179e-01 -1.921766874099545053e+00
1.044996135662508152e-01 4.634600396009158629e-01 -1.922222755226616675e+00
1.034251110699320186e-01 4.628547071863433615e-01 -1.922755253065680625e+00
1.023257702630937516e-01 4.622759735684702775e-01 -1.923366665213116056e+00
1.012086337456770124e-01 4.617303011720439443e-01 -1.924059268085979157e+00
1.000807477107188426e-01 4.612241525781843876e-01 -1.924835318336806100e+00
9.894916579008050661e-02 4.607639880185199210e-01 -1.925697055274040226e+00
9.782095326743611707e-02 4.603562627181556621e-01 -1.926646703854429932e+00
9.670319165510754544e-02 4.600074240875158260e-01 -1.927686478249669655e+00
9.560298363267127897e-02 4.597239087624958032e-01 -1.928818585990892842e+00
9.452745834680831294e-02 4.595121394916614754e-01 -1.930045232696131929e+00
9.348377707370403300e-02 4.593785218684214300e-01 -1.931368627387474168e+00
9.247768383152488170e-02 4.593278576750865483e-01 -1.932789499716797144e+00
9.150913770475632703e-02 4.593585946114666640e-01 -1.934302642296113817e+00
9.057666628170224499e-02 4.594675795959615172e-01 -1.935901381941937505e+00
8.967881445135184038e-02 4.596516440313624940e-01 -1.937579065956984481e+00
8.881413953206962475e-02 4.599076054124271451e-01 -1.939329059019993418e+00
8.798120667101061443e-02 4.602322688477826773e-01 -1.941144740233710753e+00
8.717858451042470591e-02 4.606224284986897288e-01 -1.943019500325741555e+00
8.640484111755597496e-02 4.610748689364809749e-01 -1.944946738997902491e+00
8.565854017531382425e-02 4.615863664198545102e-01 -1.946919862420567471e+00
8.493823743137296489e-02 4.621536900925846680e-01 -1.948932280869337452e+00
8.424247797891215583e-02 4.627736024008402005e-01 -1.950977406434930117e+00
8.356979491409788352e-02 4.634428580068465919e-01 -1.953048650719587220e+00
8.291870477244467352e-02 4.641582068077214629e-01 -1.955139423063343429e+00
8.228770440811983278e-02 4.649163955015458427e-01 -1.957243128804050158e+00
8.167526870916708148e-02 4.657141683745065208e-01 -1.959353167614681812e+00
8.107984856698324805e-02 4.665482680025090367e-01 -1.961462931981697411e+00
8.049986910040374255e-02 4.674154358648552332e-01 -1.963565805826299249e+00
7.993372813506427477e-02 4.683124128673625819e-01 -1.965655163270881189e+00
7.937979493901270445e-02 4.692359397720844427e-01 -1.967724367553392195e+00
7.883640921579981864e-02 4.701827575306425366e-01 -1.969766770092708397e+00
7.830188004913551936e-02 4.711496082760469051e-01 -1.971775709303653645e+00
7.777448447425960865e-02 4.721332377129687785e-01 -1.973744508748571214e+00
7.725246814267716644e-02 4.731303928415311333e-01 -1.975666477872145110e+00
7.673404566634989266e-02 4.741378211093714157e-01 -1.977534912112211662e+00
7.621740092716811077e-02 4.751522702132358056e-01 -1.979343092779451974e+00
7.570068765694371038e-02 4.761704877853660811e-01 -1.981084287112151010e+00
7.518203029066183873e-02 4.771892209618036063e-01 -1.982751748510572565e+00
7.465952509587303609e-02 4.782052158299689992e-01 -1.984338716955517334e+00
7.413124158124562157e-02 4.792152167531118501e-01 -1.985838419615651107e+00
7.359522418739050664e-02 4.802159655695481533e-01 -1.987244071648122112e+00
7.305036928034303045e-02 4.812041063782972472e-01 -1.988551220551598719e+00
7.249906422533403116e-02 4.821759024620906331e-01 -1.989764786298274801e+00
7.194458462594122139e-02 4.831275207319731813e-01 -1.990892047146333832e+00
7.139022336314404527e-02 4.840551275691238331e-01 -1.991940298714864888e+00
7.083929136174882402e-02 4.849548900936220264e-01 -1.992916854079494371e+00
7.029511797217358193e-02 4.858229772193141116e-01 -1.993829043578003279e+00
6.976105096265872163e-02 4.866555604938347379e-01 -1.994684214321215343e+00
6.924045611752882579e-02 4.874488147226214707e-01 -1.995489729404856138e+00
6.873671643778589413e-02 4.881989183756383355e-01 -1.996252966818581553e+00
6.825323094096447107e-02 4.889020537754693585e-01 -1.996981318048954401e+00
6.779341301955721377e-02 4.895544071612087933e-01 -1.997682185413460099e+00
6.736068832338615309e-02 4.901521687143128858e-01 -1.998362977172119859e+00
6.695849247074781019e-02 4.906915317823852263e-01 -1.999031108093176412e+00
6.659026827020442241e-02 4.911686920845275139e-01 -1.999693997769577791e+00
6.625946249911507380e-02 4.915798467907350755e-01 -2.000359067661220180e+00
6.596952228043084787e-02 4.919211933775979873e-01 -2.001033737827588865e+00
6.572389106053666552e-02 4.921889282610161231e-01 -2.001725423353655664e+00
6.552600419191145775e-02 4.923792452072772718e-01 -2.002441530473043407e+00
6.537928412537441503e-02 4.924883335245757721e-01 -2.003189452393636216e+00
6.528713521773399364e-02 4.925123760378515847e-01 -2.003976564832096408e+00
6.525293814659782754e-02 4.924475468809070833e-01 -2.004810222382797935e+00
6.528004393340003375e-02 4.922900091306634529e-01 -2.005697756831941181e+00
6.537176770258001923e-02 4.920359120468371650e-01 -2.006646468485295376e+00
6.553138204779473952e-02 4.916813881875925496e-01 -2.007663619498568863e+00
6.576211004180043673e-02 4.912225503692408957e-01 -2.008756428090329393e+00
6.606711791955754975e-02 4.906554884467593247e-01 -2.009932062531321062e+00
6.644950744809507981e-02 4.899762659255975095e-01 -2.011197634926824573e+00
6.691230799781777705e-02 4.891809164165268342e-01 -2.012560194810374625e+00
6.745846833109236940e-02 4.882654399466259676e-01 -2.014026722568829975e+00
6.809084812508592321e-02 4.872257991408801558e-01 -2.015604122720517033e+00
6.881011469457654073e-02 4.860588378760648531e-01 -2.017296968390211553e+00
6.960847893247290585e-02 4.847650646045966738e-01 -2.019100774139561238e+00
7.047602718489942575e-02 4.833459203210357380e-01 -2.021008787009118457e+00
7.140283115199341779e-02 4.818028672837542103e-01 -2.023014250997975161e+00
7.237895718256792676e-02 4.801373952673730905e-01 -2.025110417448362288e+00
7.339447532581511169e-02 4.783510272295563581e-01 -2.027290555164252162e+00
7.443946811666357632e-02 4.764453243870558907e-01 -2.029547960240721594e+00
7.550403907139946469e-02 4.744218906983452833e-01 -2.031875965580630439e+00
7.657832087046356762e-02 4.722823767525747840e-01 -2.034267950075305365e+00
7.765248320596462861e-02 4.700284830668426395e-01 -2.036717347426431068e+00
7.871674155824237573e-02 4.676619630589144982e-01 -2.039217655097305570e+00
7.976136806631428655e-02 4.651846259347269807e-01 -2.041762443822825013e+00
8.077669420304234293e-02 4.625983374077509147e-01 -2.044345363585627240e+00
8.175311575259058827e-02 4.599050204327119751e-01 -2.046960150256436073e+00
8.268109867170991834e-02 4.571066556615015486e-01 -2.049600632303963721e+00
8.355118451169918359e-02 4.542052813636137110e-01 -2.052260737036313731e+00
8.435399539058119345e-02 4.512029928256753308e-01 -2.054934496362777807e+00
8.508023850749735217e-02 4.481019412458198126e-01 -2.057616052067429813e+00
8.572071019388660673e-02 4.449043321397105899e-01 -2.060299660588542636e+00
8.626629949862696378e-02 4.416124232758749102e-01 -2.062979697300622917e+00
8.670799142693219608e-02 4.382285215276882084e-01 -2.065650661138088928e+00
8.703686973379820557e-02 4.347549780700026290e-01 -2.068307180252586086e+00
8.724411837037804318e-02 4.311941869989519560e-01 -2.070944012020284219e+00
8.732102305067801495e-02 4.275485822595301855e-01 -2.073556044459426317e+00
8.725897255502967909e-02 4.238206335620202658e-01 -2.076138298051554365e+00
8.704945960750221090e-02 4.200128419455060325e-01 -2.078685927103440800e+00
8.668408134158056555e-02 4.161277350075724968e-01 -2.081194220665151029e+00
8.615453937043504595e-02 4.121678618189861254e-01 -2.083658603022007227e+00
8.545263947989534259e-02 4.081357875416946612e-01 -2.086074633780419241e+00
8.457029096389057088e-02 4.040340877679491349e-01 -2.088438007569616062e+00
8.350188724087992398e-02 3.998661913038370486e-01 -2.090745524826807866e+00
8.225142083119996173e-02 3.956389051063138318e-01 -2.092997952799194206e+00
8.082528486363349529e-02 3.913598394864705732e-01 -2.095197014119443146e+00
7.922987858554098040e-02 3.870365575266472291e-01 -2.097344392375802613e+00
7.747160200242042549e-02 3.826765772948408362e-01 -2.099441722471748761e+00
7.555685112462651176e-02 3.782873739494316823e-01 -2.101490581731786822e+00
7.349201379390146727e-02 3.738763817280474910e-01 -2.103492481732977204e+00
7.128346605999480445e-02 3.694509958163658681e-01 -2.105448860840626324e+00
6.893756907573456161e-02 3.650185740944715818e-01 -2.107361077425917717e+00
6.646066647739878874e-02 3.605864387601163124e-01 -2.109230403742883730e+00
6.385908191845235393e-02 3.561618783906981278e-01 -2.111058019649394879e+00
6.113911657759896201e-02 3.517521510784780148e-01 -2.112845005454262903e+00
5.830704896010185934e-02 3.473644841219356572e-01 -2.114592340196937759e+00
5.536913422960010323e-02 3.430060746041321273e-01 -2.116300898777982109e+00
5.233160351140941913e-02 3.386840904083001647e-01 -2.117971448821450053e+00
4.920066346644835775e-02 3.344056711362495271e-01 -2.119604648065427810e+00
4.598249610071469817e-02 3.301779289373421022e-01 -2.121201042262442105e+00
4.268325877580325667e-02 3.260079492565477466e-01 -2.122761063572519369e+00
3.930908438668501148e-02 3.219027915107486315e-01 -2.124285029432821492e+00
3.586608167384186530e-02 3.178694897030291955e-01 -2.125773141888926521e+00
3.236033332410315211e-02 3.139150522142237776e-01 -2.127225486677449151e+00
2.879788967603502670e-02 3.100464600586985142e-01 -2.128642031501394527e+00
2.518477647750261283e-02 3.062706697579962167e-01 -2.130022629019751257e+00
2.152699779881528386e-02 3.025946145690516786e-01 -2.131367018628679055e+00
1.783053657975974815e-02 2.990252049206487683e-01 -2.132674827909037951e+00
1.410135513787658113e-02 2.955693288533525198e-01 -2.133945574465727635e+00
1.034539561444836053e-02 2.922338524741405763e-01 -2.135178668151043180e+00
6.568580336369311823e-03 2.890256204368455428e-01 -2.136373413664954590e+00
2.776812073815637660e-03 2.859514564593710340e-01 -2.137529013525770960e+00
-1.024025824506225035e-03 2.830181638883786377e-01 -2.138644571405145633e+00
-4.828713375468751678e-03 2.802290838960956876e-01 -2.139721312667155040e+00
-8.634648322495941386e-03 2.775738032149335233e-01 -2.140769290207355624e+00
-1.243994878377474578e-02 2.750385441506439932e-01 -2.141800826900695842e+00
-1.624280625422969138e-02 2.726096171310286032e-01 -2.142828315285703944e+00
-2.004147827457813946e-02 2.702734214439432847e-01 -2.143864220766466211e+00
-2.383428287456101913e-02 2.680164457466798211e-01 -2.144921083936656370e+00
-2.761959478122300027e-02 2.658252683555022422e-01 -2.146011522082084788e+00
-3.139584338668655050e-02 2.636865573234543625e-01 -2.147148229911716388e+00
-3.516151247248977540e-02 2.615870703144684839e-01 -2.148343979562187922e+00
-3.891514168941334617e-02 2.595136542823652803e-01 -2.149611619917402461e+00
-4.265533029444945612e-02 2.574532456473130893e-01 -2.150964074497086376e+00
-4.638074333426622786e-02 2.553928714866184890e-01 -2.152414337451173942e+00
-5.009011630347259825e-02 2.533196463508522456e-01 -2.153975473928874340e+00
-5.378226297821964152e-02 2.512207705870008745e-01 -2.155660617943927271e+00
-5.745608555685954855e-02 2.490835292693023284e-01 -2.157482968909063104e+00
-6.111058652790291035e-02 2.468952910335384665e-01 -2.159455787744216870e+00
-6.474488226016106296e-02 2.446435068445742544e-01 -2.161592392613560953e+00
-6.835821830766697360e-02 2.423157087326597292e-01 -2.163906154353304245e+00
-7.194998641935690387e-02 2.398995085404260763e-01 -2.166410491660275550e+00
-7.551974324074350875e-02 2.373825967296303574e-01 -2.169118866120403055e+00
-7.906723873924370594e-02 2.347527410368410727e-01 -2.172044774518118171e+00
-8.259246146301180147e-02 2.319977846730090221e-01 -2.175201736332293745e+00
-8.609563632494854346e-02 2.291056463335476856e-01 -2.178603297632491831e+00
-8.957724130697641840e-02 2.260643201947916126e-01 -2.182263029298890711e+00
-9.303803399171517441e-02 2.228618761034710793e-01 -2.186194522890533509e+00
-9.647907963165724965e-02 2.194864603024146987e-01 -2.190411387072231708e+00
-9.990178072685829136e-02 2.159262968082473755e-01 -2.194927244767034491e+00
-1.033079080814287565e-01 2.121696895691327356e-01 -2.199755731216773480e+00
-1.066996333091632110e-01 2.082050255435339281e-01 -2.204910493149280448e+00
-1.100795627596324877e-01 2.040207788545904677e-01 -2.210405189267417025e+00
-1.134506462806523786e-01 1.996110242755553266e-01 -2.216246322069144625e+00
-1.168155726266153493e-01 1.949918722453745090e-01 -2.222411703783373049e+00
-1.201766820832022020e-01 1.901847752409837611e-01 -2.228871935622092071e+00
-1.235359700313729547e-01 1.852109937618546809e-01 -2.235597584748958422e+00
-1.268950307737810590e-01 1.800915945011221098e-01 -2.242559192089740527e+00
-1.302550081472020338e-01 1.748474471375649486e-01 -2.249727276552110578e+00
-1.336165527882933191e-01 1.694992198925842075e-01 -2.257072335945648600e+00
-1.369797859106069993e-01 1.640673740364726463e-01 -2.264564844940239574e+00
-1.403442694463947760e-01 1.585721575632934588e-01 -2.272175250438644767e+00
-1.437089824069603949e-01 1.530335982836295017e-01 -2.279873964767318739e+00
-1.470722986478474326e-01 1.474714948258211145e-01 -2.287631359481327564e+00
-1.504319626325631987e-01 1.419054041816814049e-01 -2.295417761945378388e+00
-1.537851001406185247e-01 1.363546403868136636e-01 -2.303203436356164424e+00
-1.571282232581729943e-01 1.308382701163957051e-01 -2.310958570083495811e+00
-1.604572358870797189e-01 1.253751074218909523e-01 -2.318653262544920324e+00
-1.637674446957824159e-01 1.199837097435487721e-01 -2.326257514484909805e+00
-1.670535754360926717e-01 1.146823755199859463e-01 -2.333741218045477517e+00
-1.703097945624190146e-01 1.094891437082825547e-01 -2.341074147989135490e+00
-1.735297361020489149e-01 1.044217955153312616e-01 -2.348225954404586702e+00
-1.767065337365165689e-01 9.949785862369608935e-02 -2.355166157190933252e+00
-1.798328517129288429e-01 9.473461273280214812e-02 -2.361864144513394770e+00
-1.829009089109163710e-01 9.014909531559833766e-02 -2.368289177066658979e+00
-1.859025465273074218e-01 8.575811934418187121e-02 -2.374410383002437008e+00
-1.888292869429006871e-01 8.157829139332406498e-02 -2.380196759855664368e+00
-1.916723911514974787e-01 7.762603175603199901e-02 -2.385617181123821151e+00
-1.944229213109718302e-01 7.391759810128073482e-02 -2.390640405495505050e+00
-1.970718084400120418e-01 7.046911268970346143e-02 -2.395235088694855907e+00
-1.996099252928793533e-01 6.729659310353675039e-02 -2.399369797851900632e+00
-2.020281644538162169e-01 6.441598638211099015e-02 -2.403013028249785688e+00
-2.043175217030510638e-01 6.184320638365958800e-02 -2.406133222238008962e+00
-2.064696569566120132e-01 5.958954187487730536e-02 -2.408706772790136341e+00
-2.084785003534186387e-01 5.764787313099262178e-02 -2.410742025932038679e+00
-2.103390317401041543e-01 5.600671266741530374e-02 -2.412255412956537892e+00
-2.120467868034534575e-01 5.465485695843863567e-02 -2.413263486203277353e+00
-2.135978059590293299e-01 5.358138546937585289e-02 -2.413782923693137406e+00
-2.149885853937796298e-01 5.277565753826962691e-02 -2.413830531583263994e+00
-2.162160302003259815e-01 5.222730736769154447e-02 -2.413423244793646116e+00
-2.172774095461216248e-01 5.192623736652368649e-02 -2.412578126117276955e+00
-2.181703138245527640e-01 5.186261006163528364e-02 -2.411312364089977400e+00
-2.188926137380926562e-01 5.202683877991542971e-02 -2.409643269862890236e+00
-2.194424022260053064e-01 5.240958000485385071e-02 -2.407588271228402022e+00
-2.198178999625071128e-01 5.300173053707268878e-02 -2.405164902214770528e+00
-2.200174768486018451e-01 5.379440783239886059e-02 -2.402390804849700245e+00
-2.200396375644899649e-01 5.477893487735574496e-02 -2.399283726074593392e+00
-2.198829898362184565e-01 5.594682721932464631e-02 -2.395861512328293585e+00
-2.195462143566988544e-01 5.728977957751224537e-02 -2.392142104027933591e+00
-2.190280363217649295e-01 5.879965211603366271e-02 -2.388143530024452232e+00
-2.183271985436698870e-01 6.046845644640530537e-02 -2.383883902094302787e+00
-2.174424361062161637e-01 6.228834141346650810e-02 -2.379381409514229162e+00
-2.163724525277963551e-01 6.425157870622300038e-02 -2.374654313752609269e+00
-2.151159644956681660e-01 6.635053787098632583e-02 -2.369720951414367338e+00
-2.136718817320044650e-01 6.857763876606082221e-02 -2.364599753190504305e+00
-2.120390852599722820e-01 7.092536528502568771e-02 -2.359309213845090625e+00
-2.102163420643652358e-01 7.338626016795135598e-02 -2.353867879014393427e+00
-2.082022883911349709e-01 7.595290966392642673e-02 -2.348294340350159715e+00
-2.059954144289690703e-01 7.861792812491152915e-02 -2.342607230781222682e+00
-2.035940503630824239e-01 8.137394250569141008e-02 -2.336825219856892399e+00
-2.009963537958086022e-01 8.421357673823592904e-02 -2.330967009128098066e+00
-1.982002985331661193e-01 8.712943594319577656e-02 -2.325051327515012645e+00
-1.952036647415198445e-01 9.011409043647988781e-02 -2.319096926602910447e+00
-1.920061974421312101e-01 9.316131256967974394e-02 -2.313119836446948518e+00
-1.886161644485913058e-01 9.626980409258001359e-02 -2.307125127771143536e+00
-1.850439648265744808e-01 9.943940033149667457e-02 -2.301115098297432215e+00
-1.812999768586811555e-01 1.026698103693166608e-01 -2.295092003971040295e+00
-1.773945568543418005e-01 1.059606149199532332e-01 -2.289058055028158734e+00
-1.733380380295095335e-01 1.093112644850040560e-01 -2.283015412062939120e+00
-1.691407294646509740e-01 1.127210777897182936e-01 -2.276966182108315362e+00
-1.648129151489357014e-01 1.161892404943616341e-01 -2.270912414745519303e+00
-1.603648531178114567e-01 1.197148041760343062e-01 -2.264856098257402195e+00
-1.558067746904034934e-01 1.232966855749983992e-01 -2.258799155840855111e+00
-1.511498002193718548e-01 1.269334524243634910e-01 -2.252743538561182923e+00
-1.464086840226253017e-01 1.306226583785199402e-01 -2.246691494589677873e+00
-1.415990577908416981e-01 1.343614426725014965e-01 -2.240645244718490581e+00
-1.367365129805104829e-01 1.381467386101480344e-01 -2.234606876216596483e+00
-1.318366008909181986e-01 1.419752747138032234e-01 -2.228578337986857782e+00
-1.269148329088363170e-01 1.458435762502268140e-01 -2.222561436201307306e+00
-1.219866809085647930e-01 1.497479670999064538e-01 -2.216557830450125444e+00
-1.170675777917669080e-01 1.536845719356048079e-01 -2.210569030439313742e+00
-1.121729181483512860e-01 1.576493186748297859e-01 -2.204596393271602839e+00
-1.073180590165794257e-01 1.616379411701398539e-01 -2.198641121344631522e+00
-1.025149143357086956e-01 1.656468848778391845e-01 -2.192703988782816360e+00
-9.776175320486757414e-02 1.696761024721658018e-01 -2.186784592416795014e+00
-9.305344487041899981e-02 1.737264951016017633e-01 -2.180882286979620943e+00
-8.838486797712441501e-02 1.777990301949272656e-01 -2.174996474487148390e+00
-8.375091039487436717e-02 1.818947405072677270e-01 -2.169126604631449684e+00
-7.914646901221722430e-02 1.860147231987747674e-01 -2.163272175212315407e+00
-7.456644949471424866e-02 1.901601389426126332e-01 -2.157432732611762383e+00
-7.000576600577446129e-02 1.943322110589029705e-01 -2.151607872316426029e+00
-6.545934088736871104e-02 1.985322246712160066e-01 -2.145797239492719832e+00
