7.305048465728760654e+00 -9.233110547065734863e-01 -2.422164916992187500e+00
7.277982109563627233e+00 -8.845845662909419538e-01 -2.421116766555502675e+00
7.251272121920989910e+00 -8.465396437892001025e-01 -2.420006818509289115e+00
7.224897446913484345e+00 -8.091476954770965291e-01 -2.418835971427033993e+00
7.198837790166461303e+00 -7.723813405705318713e-01 -2.417604939117019569e+00
7.173073618817957353e+00 -7.362144092255579197e-01 -2.416314250622319193e+00
7.147586161518698411e+00 -7.006219425383770627e-01 -2.414964250220794195e+00
7.122357408432123727e+00 -6.655801925453443957e-01 -2.413555097425103657e+00
7.097370111234357459e+00 -6.310666222229655009e-01 -2.412086766982695529e+00
7.072607783114228219e+00 -5.970599054878985568e-01 -2.410559048875811516e+00
7.048054698773251303e+00 -5.635399271969512291e-01 -2.408971548321481304e+00
7.023695894425646458e+00 -5.304877831470844463e-01 -2.407323685771530108e+00
6.999517167798326334e+00 -4.978857800754095120e-01 -2.405614696912575123e+00
6.975505078130901815e+00 -4.657174356591893827e-01 -2.403843632666022856e+00
6.951646946175680242e+00 -4.339674785158387227e-01 -2.402009359188075788e+00
6.927930854197665411e+00 -4.026218482029236267e-01 -2.400110557869724381e+00
6.904345645974558465e+00 -3.716676952181608429e-01 -2.398145725336752854e+00
6.880880926796755226e+00 -3.410933809994195487e-01 -2.396113173449737399e+00
6.857527063467353301e+00 -3.108884779247199082e-01 -2.394011029304047522e+00
6.834275184302136097e+00 -2.810437693122331826e-01 -2.391837235229841596e+00
6.811117179129595911e+00 -2.515512494202825633e-01 -2.389589548792071749e+00
6.788045699290911728e+00 -2.224041234473424500e-01 -2.387265542790481199e+00
6.765054157639967869e+00 -1.935968075320386728e-01 -2.384862605259607804e+00
6.742136728543336233e+00 -1.651249287531483811e-01 -2.382377939468777850e+00
6.719288347880292278e+00 -1.369853251296004049e-01 -2.379808563922110931e+00
6.696504713042808810e+00 -1.091760456204747820e-01 -2.377151312358519952e+00
6.673782114956472888e+00 -8.169677617542250858e-02 -2.374402543873715743e+00
6.651115590306693193e+00 -5.455352629943748671e-02 -2.371554954255395309e+00
6.628497073761869807e+00 -2.776331562524718063e-02 -2.368594387313234684e+00
6.605915229993326143e+00 -1.354599966271403336e-03 -2.365499544999176251e+00
6.583355453675305391e+00 2.463272868337810367e-02 -2.362241987407424748e+00
6.560799869484975844e+00 5.014734214889669112e-02 -2.358786132774445932e+00
6.538227332102422906e+00 7.512647607478761813e-02 -2.355089257478971021e+00
6.515613426210657089e+00 9.949592992486180898e-02 -2.351101496041994032e+00
6.492930466495610453e+00 1.231700669822377581e-01 -2.346765841126772223e+00
6.470147497646137502e+00 1.460518143493414744e-01 -2.342018143538824759e+00
6.447231053622142660e+00 1.680342753166797487e-01 -2.336788314566214719e+00
6.424153509625780245e+00 1.890184654654702423e-01 -2.331013551757028068e+00
6.400901434088924979e+00 2.089310488048704284e-01 -2.324651564722649777e+00
6.377476347946734236e+00 2.277259501522826413e-01 -2.317681777486644279e+00
6.353894724637662250e+00 2.453843551333545203e-01 -2.310105328484756360e+00
6.330187990103442353e+00 2.619147101819783718e-01 -2.301945070564910267e+00
6.306402522789100296e+00 2.773527225402923069e-01 -2.293245570987210602e+00
6.282599653642944482e+00 2.917613602586785482e-01 -2.284073111423940539e+00
6.258855666116574845e+00 3.052308521957651233e-01 -2.274515687959565380e+00
6.235261796164869530e+00 3.178786880184243935e-01 -2.264683011090725451e+00
6.211922297307912899e+00 3.298474081864276042e-01 -2.254704312530690924e+00
6.188933156293437321e+00 3.412802937625489252e-01 -2.244704220037306630e+00
6.166360808745499078e+00 3.522970562068661327e-01 -2.234778632225275175e+00
6.144240204221735446e+00 3.629916273561425433e-01 -2.224992525365361740e+00
6.122574806213380683e+00 3.734321594238281250e-01 -2.215379953384399858e+00
6.101336592145263360e+00 3.836610250000592193e-01 -2.205944047865289193e+00
6.080466053375808144e+00 3.936948170516587631e-01 -2.196657018046996424e+00
6.059872195197034905e+00 4.035243489221357893e-01 -2.187460150824554805e+00
6.039432536834549836e+00 4.131146543316857600e-01 -2.178263810749063722e+00
6.018993111447565880e+00 4.224049873771909547e-01 -2.168947440027691353e+00
5.998371364253548776e+00 4.313107786823672241e-01 -2.159362238387556143e+00
5.977388032010200192e+00 4.397451531240130773e-01 -2.149360641680733153e+00
5.955899022580300795e+00 4.476404476142240019e-01 -2.138825800565920421e+00
5.933798313084040821e+00 4.549501672691948495e-01 -2.127674260397883987e+00
5.911017949899016521e+00 4.616489854092203360e-01 -2.115855961227459225e+00
5.887528048660224833e+00 4.677327435586953741e-01 -2.103354237801549509e+00
5.863336794260066931e+00 4.732184514461146851e-01 -2.090185819563128877e+00
5.838490440848347340e+00 4.781442870040725213e-01 -2.076400830651238927e+00
5.813073311832273937e+00 4.825695963692632762e-01 -2.062082789900989255e+00
5.787207799876460612e+00 4.865748938824810965e-01 -2.047348610843559680e+00
5.761051267642233853e+00 4.902604322888156618e-01 -2.032345923618634753e+00
5.734761955860959937e+00 4.937304749125314696e-01 -2.017223615960112681e+00
5.708464891363034255e+00 4.970775678114940921e-01 -2.002102374143508445e+00
5.682248787802406831e+00 5.003811099705471888e-01 -1.987072004885618304e+00
5.656166045656592978e+00 5.037073533015142823e-01 -1.972191435344519572e+00
5.630232752226659976e+00 5.071094026431964830e-01 -1.957488713119570845e+00
5.604428681637244836e+00 5.106272157613741536e-01 -1.942961006251412659e+00
5.578697294836533871e+00 5.142876033488056331e-01 -1.928574603221964168e+00
5.552945739596282237e+00 5.181042290252289018e-01 -1.914264912954429576e+00
5.527044850511797058e+00 5.220776093373595828e-01 -1.899936464813290593e+00
5.500831883860422877e+00 5.261956028857777135e-01 -1.885464743617631944e+00
5.474140601044702237e+00 5.304387907206590258e-01 -1.870716374787644520e+00
5.446831352035562013e+00 5.347858567375091132e-01 -1.855569309491138963e+00
5.418793810230777552e+00 5.392140768040476484e-01 -1.839914659656859852e+00
5.389946972454973562e+00 5.436993187602083832e-01 -1.823656697974488150e+00
5.360239158959623218e+00 5.482160424181391489e-01 -1.806712857894640312e+00
5.329648013423057051e+00 5.527372995622030771e-01 -1.789013733628871838e+00
5.298180502950442516e+00 5.572347339489760465e-01 -1.770503080149669506e+00
5.265872918073809750e+00 5.616785813072489031e-01 -1.751137813190458914e+00
5.232790872752030253e+00 5.660376693380263502e-01 -1.730888009245600712e+00
5.199028108080638866e+00 5.702796499840409039e-01 -1.709736894296330467e+00
5.164693333122519547e+00 5.743735543899589624e-01 -1.687680719796283313e+00
5.129897065755722352e+00 5.782923478592698618e-01 -1.664728638657186677e+00
5.094750436388975956e+00 5.820131621226880547e-01 -1.640902693974847892e+00
5.059365187961680554e+00 5.855172953381553302e-01 -1.616237819029158640e+00
5.023853675943915853e+00 5.887902120908394821e-01 -1.590781837284091171e+00
4.988328868336433963e+00 5.918215433931346414e-01 -1.564595462387699198e+00
4.952904345670663844e+00 5.946050866846618321e-01 -1.537752298172118559e+00
4.917694301008710411e+00 5.971388058322679715e-01 -1.510338838653568327e+00
4.882813539943358094e+00 5.994248311300269805e-01 -1.482454468032347705e+00
4.848375432139615526e+00 6.014694950280270458e-01 -1.454210720965725345e+00
4.814469378369969910e+00 6.032837251476785845e-01 -1.425723145597904695e+00
4.781138277608219411e+00 6.048834372959989159e-01 -1.397103166611154634e+00
4.748376478590581762e+00 6.062895711940604615e-01 -1.368457345505750933e+00
4.716129779815674716e+00 6.075280904769898571e-01 -1.339887380599975364e+00
4.684295429544532929e+00 6.086299826939688407e-01 -1.311490107030116814e+00
4.652722125800599073e+00 6.096312593082335862e-01 -1.283357496750470839e+00
4.621210016369723839e+00 6.105729556970752592e-01 -1.255576658533338552e+00
4.589510698800167710e+00 6.115011311518392390e-01 -1.228229837969028626e+00
4.557327220402603629e+00 6.124668688779257852e-01 -1.201394417465855957e+00
4.524319633606293856e+00 6.135256802234648754e-01 -1.175142178841026119e+00
4.490166105088971626e+00 6.147309511720074893e-01 -1.149531191792228624e+00
4.454624025065686332e+00 6.161273888181741931e-01 -1.124597702348133277e+00
4.417535562697954887e+00 6.177504255906481889e-01 -1.100355395452244478e+00
4.378827666093755511e+00 6.196262192521737600e-01 -1.076795394962895669e+00
4.338512062307548156e+00 6.217716528995584913e-01 -1.053886263653255329e+00
4.296685257340248754e+00 6.241943349636711602e-01 -1.031574003211322310e+00
4.253528536139246974e+00 6.268925992094428468e-01 -1.009782054239929616e+00
4.209307962598398234e+00 6.298555047358672665e-01 -9.884112962567399574e-01
4.164374379558027250e+00 6.330628359759989943e-01 -9.673400476942501935e-01
4.119156825009753220e+00 6.364851883751635464e-01 -9.464258347377044744e-01
4.074090109596092191e+00 6.400849108610402460e-01 -9.255248487445943972e-01
4.029542393544972789e+00 6.438170483211050898e-01 -9.045114038159822734e-01
3.985808602686192526e+00 6.476294272832864296e-01 -8.832797056850232309e-01
3.943110428451416460e+00 6.514626559159683028e-01 -8.617438517169672130e-01
3.901596327874173653e+00 6.552501240279866579e-01 -8.398378309091557581e-01
3.861341523589862934e+00 6.589180030686323519e-01 -8.175155238910248867e-01
3.822348003835753349e+00 6.623852461276501513e-01 -7.947507029241038801e-01
3.784544522450974835e+00 6.655635879352380657e-01 -7.715370319020153911e-01
3.747786598876533315e+00 6.683575448620484583e-01 -7.478880663504754445e-01
3.711861204609568254e+00 6.706657480689791617e-01 -7.238367937708232169e-01
3.676538314200336721e+00 6.723956081548833064e-01 -6.994305774188372959e-01
3.641622456249187678e+00 6.734779798042788146e-01 -6.747261000835568234e-01
3.606957399860836855e+00 6.738684949371409605e-01 -6.497889044308090556e-01
3.572426154644363194e+00 6.735475627089015926e-01 -6.246933930032094739e-01
3.537950970713211962e+00 6.725203695104486901e-01 -5.995228282201621184e-01
3.503493338685195635e+00 6.708168789681286936e-01 -5.743693323778598092e-01
3.469053989682482353e+00 6.684918319437430645e-01 -5.493338876492827039e-01
3.434672895331615461e+00 6.656247465345511705e-01 -5.245263360842004063e-01
3.400429267763493968e+00 6.623199180732686209e-01 -5.000653796091698577e-01
3.366438825362721321e+00 6.587045589915681010e-01 -4.760771783833786519e-01
3.332823716323152663e+00 6.549083375314500577e-01 -4.526799328733013272e-01
3.299682442438144125e+00 6.510429166162698955e-01 -4.299684660476601472e-01
3.267087124928103492e+00 6.472000937674551313e-01 -4.080128217733657303e-01
3.235083504440495972e+00 6.434518011045057273e-01 -3.868582648155195480e-01
3.203690941049843754e+00 6.398501053449938691e-01 -3.665252808374121485e-01
3.172902414257720238e+00 6.364272078045642989e-01 -3.470095764005235450e-01
3.142684522992759355e+00 6.331954443969344259e-01 -3.282820789645232162e-01
3.112977485610648021e+00 6.301472856338935502e-01 -3.102889368872701614e-01
3.083695139894127024e+00 6.272553366253036389e-01 -2.929515194248129006e-01
3.054726293532751491e+00 6.244734511564968837e-01 -2.761680059827737455e-01
3.025949579348687024e+00 6.217489864971555980e-01 -2.598308678209503841e-01
2.997248310483872746e+00 6.190350581783163886e-01 -2.438443497124483383e-01
2.968511830866900958e+00 6.162916540591449888e-01 -2.281260591799100790e-01
2.939635515213012695e+00 6.134856343269351475e-01 -2.126069664955139438e-01
2.910520769024101728e+00 6.105907314971088518e-01 -1.972314046809746924e-01
2.881075028588712783e+00 6.075875504132171034e-01 -1.819570695075434785e-01
2.851211760982041543e+00 6.044635682469390314e-01 -1.667550194960076004e-01
2.820850464065934204e+00 6.012131344980816694e-01 -1.516096759166907504e-01
2.789916666488890140e+00 5.978374709945815102e-01 -1.365188227894530149e-01
2.758342700499109235e+00 5.943444155163918330e-01 -1.214931831834604736e-01
2.726076202917519620e+00 5.907456016484857741e-01 -1.065517584984907035e-01
2.693088616132927271e+00 5.870536386265233775e-01 -9.171716773411602019e-02
2.659375960922428117e+00 5.832818549582945433e-01 -7.701522378543242120e-02
2.624958836451407151e+00 5.794442984237208050e-01 -6.247493344305956459e-02
2.589882420273546870e+00 5.755557360748536633e-01 -4.812849739314092878e-02
2.554216468330820167e+00 5.716316542358761410e-01 -3.401131021734369458e-02
2.518055314953493884e+00 5.676882585031013395e-01 -2.016196039285904351e-02
2.481517872860123042e+00 5.637424737449734380e-01 -6.622230292400991224e-03
2.444747633157558830e+00 5.598119441020669163e-01 6.562903815791817051e-03
2.407910950758019641e+00 5.559149148879276581e-01 1.934577027620832529e-02
2.371178183770692449e+00 5.520689334847931340e-01 3.168148569387641000e-02
2.334704832746171022e+00 5.482895502291794676e-01 4.353343862496245054e-02
2.298629826044475077e+00 5.445902003093415766e-01 5.487378809928487866e-02
2.263075519835052951e+00 5.409822037652735061e-01 6.568346362031436680e-02
2.228147698096775819e+00 5.374747654887076509e-01 7.595216516517364069e-02
2.193935572617942587e+00 5.340749752231157554e-01 8.567836318463757650e-02
2.160511782996277663e+00 5.307878075637085802e-01 9.486929860313322860e-02
2.127932396638931856e+00 5.276161219574352357e-01 1.035409828187397047e-01
2.096236908762483253e+00 5.245606627029845148e-01 1.117181977031883877e-01
2.065447867894477874e+00 5.216200957078347411e-01 1.194341151683863400e-01
2.035566756390398080e+00 5.187914128158143123e-01 1.267261123981767990e-01
2.006569870950630996e+00 5.160703361346620222e-01 1.336315870800993955e-01
1.978407948122014703e+00 5.134513547930786848e-01 1.401875769719139186e-01
1.951006164297832912e+00 5.109277249407266908e-01 1.464307599016002326e-01
1.924264135717817625e+00 5.084914697482291190e-01 1.523974537673583041e-01
1.898055918468149805e+00 5.061333794071715131e-01 1.581236165376082858e-01
1.872230008481457597e+00 5.038430111301003267e-01 1.636448462509902946e-01
1.846609341536816773e+00 5.016086891505235901e-01 1.689963810163645774e-01
1.820991293259751842e+00 4.994175047229111319e-01 1.742130990128115953e-01
1.795151131725830851e+00 4.972555092516295350e-01 1.793292226116596499e-01
1.768879995705096242e+00 4.951098386871306545e-01 1.843750637526520297e-01
1.742022872610166528e+00 4.929708379055639522e-01 1.893737693455087856e-01
1.714482051001047003e+00 4.908322538321862050e-01 1.943410254004200588e-01
1.686217120585134843e+00 4.886912354413619486e-01 1.992850570280453870e-01
1.657244972217216672e+00 4.865483337565628674e-01 2.042066284395141484e-01
1.627639797899469887e+00 4.844075018503684049e-01 2.090990429464255063e-01
1.597533090781462217e+00 4.822760948444654860e-01 2.139481429608483531e-01
1.567113645160151059e+00 4.801648699096488504e-01 2.187323099953215055e-01
1.536627556479883694e+00 4.780879862658202195e-01 2.234224646628533706e-01
1.506372731646083984e+00 4.760627088963735876e-01 2.279827330791664441e-01
1.476638502685218901e+00 4.741061494177278290e-01 2.323777772619638471e-01
1.447645240561822533e+00 4.722320069573351931e-01 2.365801255111296408e-01
1.419538865544537787e+00 4.704502718708925002e-01 2.405708388046182977e-01
1.392390847206115279e+00 4.687672257423400879e-01 2.443395107984542569e-01
1.366198204423415108e+00 4.671854413838626985e-01 2.478842678267320909e-01
1.340883505377401308e+00 4.657037828358888687e-01 2.512117689016169497e-01
1.316294867553152503e+00 4.643174053670914847e-01 2.543372057133436170e-01
1.292205957739848809e+00 4.630177554743867829e-01 2.572843026302171765e-01
1.268315992030784489e+00 4.617925708829357379e-01 2.600853166986131781e-01
1.244256397164022143e+00 4.606261739283472600e-01 2.627803352511937085e-01
1.219664084253292646e+00 4.595026987161591192e-01 2.654095497044642316e-01
1.194254721756560000e+00 4.584093182477436135e-01 2.680055294367125196e-01
1.167829396562592104e+00 4.573365377913217178e-01 2.705925194230178743e-01
1.140274613990948760e+00 4.562781948819611411e-01 2.731864402352515708e-01
1.111562297791995446e+00 4.552314593215779914e-01 2.757948880420764137e-01
1.081749790146889323e+00 4.541968331789359437e-01 2.784171346089476251e-01
1.050979851667591003e+00 4.531781507896461836e-01 2.810441272981115124e-01
1.019480661396854559e+00 4.521825787561680188e-01 2.836584890686067451e-01
9.875658168082392940e-01 4.512206159478085454e-01 2.862345184762637995e-01
9.556279497829687219e-01 4.503058374529178565e-01 2.887388090260670781e-01
9.240685028426244285e-01 4.494520780725769771e-01 2.911370620008886245e-01
8.932275057470997481e-01 4.486706158289355262e-01 2.934008992547816330e-01
8.633771915932533236e-01 4.479699159222911287e-01 2.955084825535298498e-01
8.347219968148970048e-01 4.473556307310899705e-01 2.974445135746479618e-01
8.073985611828052855e-01 4.468305998119259104e-01 2.992002339073806527e-01
7.814757278047061995e-01 4.463948498995405356e-01 3.007734250527035469e-01
7.569545431252918677e-01 4.460455949068246051e-01 3.021684084233228762e-01
7.337682569262069521e-01 4.457772359248159399e-01 3.033960453436752025e-01
7.117823223260600907e-01 4.455813612227009779e-01 3.044737370499279172e-01
6.907992307454082770e-01 4.454469153757611988e-01 3.054250024943864772e-01
6.706116965216980530e-01 4.453620596727928538e-01 3.062748341939812713e-01
6.510558415242035935e-01 4.453160325235252515e-01 3.070450540787528770e-01
6.320160301190141938e-01 4.452993185865686265e-01 3.077538912962607953e-01
6.134248691690423749e-01 4.453036487694139178e-01 3.084159822115823957e-01
5.952632080340156673e-01 4.453220002284326018e-01 3.090423704073138600e-01
5.775601385704847157e-01 4.453485963688771365e-01 3.096405066835697384e-01
5.603929951318152858e-01 4.453789068448804067e-01 3.102142490579830048e-01
5.438873545681962574e-01 4.454096475594559457e-01 3.107638627657050012e-01
5.282170362266319641e-01 4.454387806644984349e-01 3.112860202594057157e-01
5.135992932721391568e-01 4.454654707487462062e-01 3.117740404195314952e-01
5.002419168539586902e-01 4.454896029020378734e-01 3.122205198853973962e-01
4.882903399966205260e-01 4.455113007770614142e-01 3.126199643999659772e-01
4.778228288294101844e-01 4.455308827764815627e-01 3.129690280246686385e-01
4.688504825863731851e-01 4.455488620529399202e-01 3.132665131394053448e-01
4.613172336063107726e-01 4.455659465090551219e-01 3.135133704425447920e-01
4.550998473327836358e-01 4.455830387974225038e-01 3.137126989509241293e-01
4.500079223141089657e-01 4.456012363206147131e-01 3.138697459998494588e-01
4.457838902033631756e-01 4.456218312311813756e-01 3.139919072430955027e-01
4.421030157583790698e-01 4.456463104316485402e-01 3.140887266529055477e-01
4.385795121132265995e-01 4.456763285653697615e-01 3.141717148982626773e-01
4.348338096976008815e-01 4.457134109117573129e-01 3.142523514781585536e-01
4.305598258560628389e-01 4.457586562784225936e-01 3.143400868340771592e-01
4.255310803528000174e-01 4.458127099909961477e-01 3.144421607213369607e-01
4.196006953716277521e-01 4.458757638931273304e-01 3.145636022090910755e-01
4.127013955159886671e-01 4.459475563464849190e-01 3.147072296803277713e-01
4.048455078089521209e-01 4.460273722307563915e-01 3.148736508318696337e-01
3.961249616932163153e-01 4.461140429436486476e-01 3.150612626743741762e-01
3.867112890311051876e-01 4.462059464008874543e-01 3.152662515323337855e-01
3.768556241045712407e-01 4.463010070362177228e-01 3.154825930440752768e-01
3.668828726234460991e-01 4.463967329162262243e-01 3.157022083424248504e-01
3.571275717059556043e-01 4.464906239977270985e-01 3.159166820181854574e-01
3.478697505265215262e-01 4.465805803809020369e-01 3.161189800657414062e-01
3.393290995464470217e-01 4.466649394227051317e-01 3.163036060577646413e-01
3.316649705139143589e-01 4.467424757368644861e-01 3.164666011452152983e-01
3.249763764639875263e-01 4.468124011938817142e-01 3.166055440573414814e-01
3.193019917186097900e-01 4.468743649210319413e-01 3.167195511016794307e-01
3.146201518866055258e-01 4.469284533023636929e-01 3.168092761640531330e-01
3.108488538636789977e-01 4.469751899786987837e-01 3.168769107085744885e-01
3.078457558324150800e-01 4.470155358476327612e-01 3.169261837776436996e-01
3.054115303859998853e-01 4.470508717429135803e-01 3.169622663381436167e-01
3.033267486333325325e-01 4.470828079089355089e-01 3.169907190968850319e-01
3.013887641122696692e-01 4.471129934762221869e-01 3.170164403215233184e-01
2.994150658493922590e-01 4.471430991411365907e-01 3.170435701885783164e-01
2.972432783600054140e-01 4.471748171658815885e-01 3.170754907834348324e-01
2.947311616481381735e-01 4.472098613784992738e-01 3.171148261003418622e-01
2.917566112065435591e-01 4.472499671728710768e-01 3.171634420424129241e-01
2.882176580166990187e-01 4.472968915087180419e-01 3.172224464216265027e-01
2.840324685488053724e-01 4.473524129116007164e-01 3.172921889588251609e-01
2.791393447617884771e-01 4.474183314729187066e-01 3.173722612837161505e-01
2.734971024229804204e-01 4.474964380458656410e-01 3.174615283681213596e-01
2.670892326246332438e-01 4.475881754009246039e-01 3.175584742917289538e-01
2.599280633004326657e-01 4.476942993813642913e-01 3.176615480078446851e-01
2.520551375451787757e-01 4.478148480991931413e-01 3.177691947766421166e-01
2.435412136147889484e-01 4.479491419351593895e-01 3.178798561651625665e-01
2.344862649262946519e-01 4.480957835387509025e-01 3.179919700473147759e-01
2.250194800578450560e-01 4.482526578281953999e-01 3.181039706038759074e-01
2.152992627487030353e-01 4.484169319904603990e-01 3.182142883224902685e-01
2.055132318992491103e-01 4.485850554812531032e-01 3.183213499976704774e-01
1.958782215709779229e-01 4.487527600250206250e-01 3.184235787307964638e-01
1.866366705104749169e-01 4.489151382069637708e-01 3.185194091706203268e-01
1.780169066376633413e-01 4.490675079911902734e-01 3.186074551599760163e-01
1.701934313274622024e-01 4.492062772433645934e-01 3.186866773833604283e-01
1.632833088648918407e-01 4.493290223242209502e-01 3.187563986077288636e-01
1.573461664450766517e-01 4.494344880895637107e-01 3.188163036824948615e-01
1.523841941732426708e-01 4.495225878902665562e-01 3.188664395395300333e-01
1.483421450647195161e-01 4.495944035722735932e-01 3.189072151931641175e-01
1.451073350449389177e-01 4.496521854765985204e-01 3.189394017401854242e-01
1.425096429494361328e-01 4.496993524393255171e-01 3.189641323598406131e-01
1.403215105238483085e-01 4.497404917916078548e-01 3.189829023138336939e-01
1.382627072606159579e-01 4.497812597045998118e-01 3.189975429311902588e-01
1.360527443297437356e-01 4.498272849684873953e-01 3.190099354377718965e-01
1.334632890548659578e-01 4.498830727601150214e-01 3.190217247828164293e-01
1.303229299317130996e-01 4.499519049841141927e-01 3.190342936228069970e-01
1.265171766281128207e-01 4.500358402729036089e-01 3.190487623214721680e-01
1.219884599839892031e-01 4.501357139866896118e-01 3.190659889497866053e-01
1.167361320113627504e-01 4.502511382134654627e-01 3.190865692859700675e-01
1.108164658943514708e-01 4.503805017690120649e-01 3.191108368154882413e-01
1.043426559891690586e-01 4.505209701968975189e-01 3.191388627310523529e-01
9.748481782412692087e-02 4.506684857684769563e-01 3.191704559326191681e-01
9.046501528775773016e-02 4.508178857250386695e-01 3.192051691893574294e-01
8.350256045698452312e-02 4.509642029233614235e-01 3.192423669203382497e-01
7.675931399436750069e-02 4.511039664677427008e-01 3.192812929745198480e-01
7.033471252592599088e-02 4.512353199476316079e-01 3.193210767924790083e-01
6.426576864113636711e-02 4.513580214376305411e-01 3.193607334064109127e-01
5.852707089293418541e-02 4.514734434974946309e-01 3.193991634401295854e-01
5.303078379771200557e-02 4.515845731721318534e-01 3.194351531090676710e-01
4.762664783532144508e-02 4.516960119916025307e-01 3.194673742202761013e-01
4.210197944907129175e-02 4.518139759711201076e-01 3.194943841724245948e-01
3.618167104572932863e-02 4.519462956110504304e-01 3.195146259558012125e-01
2.953439419073505823e-02 4.521022474009672165e-01 3.195264516139944000e-01
2.184083428229857682e-02 4.522907003771106105e-01 3.195283803206030449e-01
1.286192487054859876e-02 4.525182626894873605e-01 3.195193564546027765e-01
2.445050734434447114e-03 4.527891131091393850e-01 3.194987730615809762e-01
-9.475952118277189418e-03 4.531050010281441609e-01 3.194664718537366666e-01
-2.288079645099854245e-02 4.534652464596140575e-01 3.194227432098801223e-01
-3.766274379832487695e-02 4.538667400376970584e-01 3.193683261754333147e-01
-5.362860446602998876e-02 4.543039430175763727e-01 3.193044084624299117e-01
-7.049873753107116503e-02 4.547688872754705458e-01 3.192326264495148891e-01
-8.790705084158377536e-02 4.552511753086330160e-01 3.191550651819447526e-01
-1.054086456114593229e-01 4.557382030411473717e-01 3.190742059648137841e-01
-1.225639069606477560e-01 4.562176106876648651e-01 3.189923498885408604e-01
-1.390225944554593085e-01 4.566797336171424249e-01 3.189110413543566058e-01
-1.545314867031429562e-01 4.571178251586378027e-01 3.188310156675295826e-01
-1.689343813518805748e-01 4.575280566013083527e-01 3.187521990373660685e-01
-1.821720950907922687e-01 4.579095171944122522e-01 3.186737085772101685e-01
-1.942824636499318469e-01 4.582642141473078912e-01 3.185938523044440918e-01
-2.054003418002906534e-01 4.585970726294537059e-01 3.185101291404874857e-01
-2.157576033537939864e-01 4.589159357704086228e-01 3.184192289107980467e-01
-2.256831411633047346e-01 4.592315646598320034e-01 3.183170323448714090e-01
-2.355948088265740481e-01 4.595573818602783911e-01 3.181987020719469483e-01
-2.459107788149418328e-01 4.599066500283767733e-01 3.180596835807168454e-01
-2.569609001409259852e-01 4.602896505213329159e-01 3.178967061842420394e-01
-2.689786399084792001e-01 4.607134269048319686e-01 3.177078740173937543e-01
-2.821010833129851680e-01 4.611817849530387425e-01 3.174926660368536657e-01
-2.963689336412625441e-01 4.616952926485979880e-01 3.172519360211134010e-01
-3.117265122715606185e-01 4.622512801826335060e-01 3.169879125704753164e-01
-3.280217586735643676e-01 4.628438399547494253e-01 3.167041991070517759e-01
-3.450062304083889586e-01 4.634638265730293694e-01 3.164057738747658721e-01
-3.623351031285850787e-01 4.640988568540362347e-01 3.160989899393504277e-01
-3.795750025859819798e-01 4.647335785723857304e-01 3.157914464225792250e-01
-3.962901579131046237e-01 4.653526267470549649e-01 3.154905720591482110e-01
-4.121285558008989658e-01 4.659435799584478177e-01 3.152022087388227090e-01
-4.268297728053584983e-01 4.664972291082206124e-01 3.149304827357541914e-01
-4.402249753475190874e-01 4.670075774192811169e-01 3.146778047084808905e-01
-4.522369197134639141e-01 4.674718404357895429e-01 3.144448696999278536e-01
-4.628799520543206425e-01 4.678904460231576024e-01 3.142306571374065549e-01
-4.722600083862609766e-01 4.682670343680496727e-01 3.140324308326152836e-01
-4.805746145905032685e-01 4.686084579783814652e-01 3.138457389816390330e-01
-4.881128864133091327e-01 4.689247816833208571e-01 3.136644141649492790e-01
-4.952492527557402213e-01 4.692290883665691803e-01 3.134807012990875608e-01
-5.023744128186822255e-01 4.695353420620975160e-01 3.132866650856575563e-01
-5.098262939661744042e-01 4.698562510721157603e-01 3.130755974456752577e-01
-5.178837752545917272e-01 4.702030737077635414e-01 3.128421454663706247e-01
-5.267666874326487614e-01 4.705856182891107742e-01 3.125823114011880843e-01
-5.366358129413970612e-01 4.710122431451578828e-01 3.122934526697868085e-01
-5.475928859142267235e-01 4.714898566138355229e-01 3.119742818580398813e-01
-5.596805921768646108e-01 4.720239170420041375e-01 3.116248667180350762e-01
-5.728825692473771269e-01 4.726184327854550116e-01 3.112466301680744118e-01
-5.871234063361666644e-01 4.732759622089089957e-01 3.108423502926743742e-01
-6.022714744687255317e-01 4.739976277047578956e-01 3.104162230412785273e-01
-6.181700576199670172e-01 4.747832698981386823e-01 3.099745519093170532e-01
-6.346684836866232082e-01 4.756316018512050658e-01 3.095264376156773301e-01
-6.516249545560111045e-01 4.765402230816011553e-01 3.090838408002211657e-01
-6.689065461060392792e-01 4.775056195624615141e-01 3.086615820237851859e-01
-6.863892082051997745e-01 4.785231637224102164e-01 3.082773417681800576e-01
-7.039577647125757620e-01 4.795871144455622348e-01 3.079516604361914323e-01
-7.215059134778353256e-01 4.806906170715221638e-01 3.077079383515792244e-01
-7.389362263412370124e-01 4.818257033953851631e-01 3.075724357590779445e-01
-7.561601491336241709e-01 4.829832916677362364e-01 3.075742728243965884e-01
-7.730982961732579817e-01 4.841532859023377489e-01 3.077450429367482032e-01
-7.896836897309302827e-01 4.853256682606848504e-01 3.081145590366760056e-01
-8.058649994950740636e-01 4.864915914365614547e-01 3.087065999438788899e-01
-8.216068370685968292e-01 4.876434779637271455e-01 3.095385236597411605e-01
-8.368897559688754928e-01 4.887750202159171775e-01 3.106212673673325875e-01
-8.517102516277615942e-01 4.898811804068423648e-01 3.119593474314081849e-01
-8.660807613915765257e-01 4.909581905901894694e-01 3.135508593984087655e-01
-8.800296645211154178e-01 4.920035526596205355e-01 3.153874779964601638e-01
-8.936012821916435866e-01 4.930160383487734443e-01 3.174544571353737910e-01
-9.068558774929007527e-01 4.939956892312619141e-01 3.197306299066466351e-01
-9.198687922982088372e-01 4.949439013904376461e-01 3.221888534285699546e-01
-9.327209527588682381e-01 4.958643567932429219e-01 3.248009021763716975e-01
-9.454893747491539546e-01 4.967639546689054941e-01 3.275423613378112830e-01
-9.582463007189705451e-01 4.976528961803177720e-01 3.303930716667749512e-01
-9.710591996938476855e-01 4.985446844240358222e-01 3.333371294832743192e-01
-9.839907672749442780e-01 4.994561244302794800e-01 3.363628866734475475e-01
-9.970989256390436761e-01 5.004073231629326823e-01 3.394629506895588400e-01
-1.010436823538558793e+00 5.014216895195435786e-01 3.426341845499986660e-01
-1.024052836301528435e+00 5.025259343313241978e-01 3.458777068392834275e-01
-1.037990565831619527e+00 5.037500703631506704e-01 3.491988917080560695e-01
-1.052287907612819540e+00 5.051269823362983802e-01 3.526067366620368460e-01
-1.066966787618732093e+00 5.066876971129319340e-01 3.561069081440290107e-01
-1.082022899115084424e+00 5.084566538313829431e-01 3.596947870435682204e-01
-1.097424769628837504e+00 5.104512739124843490e-01 3.633548364617590898e-01
-1.113113760948181152e+00 5.126819610595700905e-01 3.670606017112731378e-01
-1.129004069122537812e+00 5.151521012584758807e-01 3.707747103163507862e-01
-1.144982724462560997e+00 5.178580627775379863e-01 3.744488720128002490e-01
-1.160909591540137065e+00 5.207891961675947812e-01 3.780238787479980322e-01
-1.176617369188378337e+00 5.239278342619849704e-01 3.814296046808877683e-01
-1.191911590501633755e+00 5.272492921765488116e-01 3.845850061819818810e-01
-1.206573465304215720e+00 5.307220325645060077e-01 3.873996448034363604e-01
-1.220391146872763954e+00 5.343094833948970335e-01 3.897904397174972169e-01
-1.233190998333311361e+00 5.379718557121128120e-01 3.916984199806596845e-01
-1.244840435021594915e+00 5.416663088844697604e-01 3.930902474456493545e-01
-1.255247924483053890e+00 5.453469506042091242e-01 3.939582167614211761e-01
-1.264362986472828077e+00 5.489648368874973094e-01 3.943202553731597892e-01
-1.272176192955758678e+00 5.524679720744253286e-01 3.942199235222797471e-01
-1.278719168106390081e+00 5.558013088290094661e-01 3.937264142464252936e-01
-1.284064588308966748e+00 5.589067481391913894e-01 3.929345533794700862e-01
-1.288326182157437216e+00 5.617231393168371500e-01 3.919647995515176953e-01
-1.291656311964833881e+00 5.641874114710001553e-01 3.909606307705982831e-01
-1.294219371473590563e+00 5.662470191958737242e-01 3.900597980176303547e-01
-1.296165184396124825e+00 5.678723878703036965e-01 3.893655797385778827e-01
-1.297626586200982812e+00 5.690580450015724212e-01 3.889441687252119806e-01
-1.298719424112839027e+00 5.698226202253974249e-01 3.888246721151109031e-01
-1.299542557112496555e+00 5.702088453059322992e-01 3.889991113916594911e-01
-1.300177855936888838e+00 5.702835541357669236e-01 3.894224223840501153e-01
-1.300690203079076790e+00 5.701376827359272426e-01 3.900124552672820655e-01
-1.301127492788249018e+00 5.698862692558744891e-01 3.906499745621611619e-01
-1.301520631069724931e+00 5.696684539735062947e-01 3.911786591353009213e-01
-1.301883437696169432e+00 5.696449928552208553e-01 3.914079105089932620e-01
-1.302211568330999159e+00 5.699709067166300880e-01 3.911437442697968669e-01
-1.302481436651782065e+00 5.707681303832720099e-01 3.902196814771252686e-01
-1.302650116361459220e+00 5.721230262506763475e-01 3.884995569731191090e-01
-1.302655341188342364e+00 5.740863842843632048e-01 3.858775193826452510e-01
-1.302415504886113906e+00 5.766734220198443950e-01 3.822780311132970565e-01
-1.301829661233829150e+00 5.798637845626236631e-01 3.776558683553943307e-01
-1.300777524035915178e+00 5.836015445881939101e-01 3.719961210819846542e-01
-1.299119467122168858e+00 5.877952023420413008e-01 3.653141930488410516e-01
-1.296696524347759949e+00 5.923176856396419332e-01 3.576558017944632684e-01
-1.293333475258136467e+00 5.970088956930699187e-01 3.490960515673048326e-01
-1.288872788815550674e+00 6.017037123690751610e-01 3.397292351008859845e-01
-1.283208568185023823e+00 6.062600003212575972e-01 3.296586350705978941e-01
-1.276289636752398815e+00 6.105611551080338817e-01 3.189955969148312032e-01
-1.268119538124338863e+00 6.145161031926380524e-01 3.078595288349745274e-01
-1.258756536128332382e+00 6.180593019431205315e-01 2.963779017954181749e-01
-1.248313614812689654e+00 6.211507396323509012e-01 2.846862495235488177e-01
-1.236958478446541054e+00 6.237759354380146837e-01 2.729281685097526555e-01
-1.224913551519840160e+00 6.259459394426161172e-01 2.612553180074141945e-01
-1.212455978743365526e+00 6.276973326334751579e-01 2.498274200329196892e-01
-1.199913139322885014e+00 6.290908213555170825e-01 2.388106995383793563e-01
-1.187613303290563360e+00 6.301957760774467010e-01 2.283607260736251476e-01
-1.175836287323000162e+00 6.310747699970727931e-01 2.186052552696917395e-01
-1.164808968844287307e+00 6.317821734404737155e-01 2.096426689520439479e-01
-1.154705286026000977e+00 6.323641538619997338e-01 2.015419751405716497e-01
-1.145646237787205202e+00 6.328586758442709126e-01 1.943428080495929744e-01
-1.137699883794452527e+00 6.332955010981787813e-01 1.880554280878538320e-01
-1.130881344461782012e+00 6.336961884628850017e-01 1.826607218585269699e-01
-1.125152800950721454e+00 6.340740939058221448e-01 1.781102021592144147e-01
-1.120423495170286277e+00 6.344343705226938024e-01 1.743260079819440589e-01
-1.116552662251904193e+00 6.347743737015726362e-01 1.712026181203041009e-01
-1.113381787326136241e+00 6.350881178661627047e-01 1.686257005864207903e-01
-1.110766861963810692e+00 6.353707331726962115e-01 1.664909618318354823e-01
-1.108581316539081651e+00 6.356188706585746973e-01 1.647058602892673973e-01
-1.106716020229433717e+00 6.358307022423712596e-01 1.631896063726147039e-01
-1.105079281015677539e+00 6.360059207238287771e-01 1.618731624769540745e-01
-1.103596845681952932e+00 6.361457397838607974e-01 1.606992429785412402e-01
-1.102211899815727758e+00 6.362528939845517595e-01 1.596223142348101587e-01
-1.100885067807797268e+00 6.363316387691563270e-01 1.586085945843735967e-01
-1.099594412852284764e+00 6.363877504620988335e-01 1.576360543470227693e-01
-1.098334107029265816e+00 6.364284300463642907e-01 1.566935452010469465e-01
-1.097099802822400383e+00 6.364612447588179345e-01 1.557712237322705084e-01
-1.095874005093128600e+00 6.364930697185628983e-01 1.548509752819790808e-01
-1.094624741315485039e+00 6.365299917153385278e-01 1.539055434238670861e-01
-1.093305561576097373e+00 6.365773092095217134e-01 1.528985299640384377e-01
-1.091855538574185491e+00 6.366395323321256683e-01 1.517843949410057069e-01
-1.090199267621563495e+00 6.367203828848012614e-01 1.505084566256908174e-01
-1.088246866642639255e+00 6.368227943398359070e-01 1.490068915214245449e-01
-1.085893976174412856e+00 6.369489118401540084e-01 1.472067343639470449e-01
-1.083021759366477932e+00 6.371000921993169586e-01 1.450258781214073533e-01
-1.079498609042463420e+00 6.372768958852040866e-01 1.423742952629288849e-01
-1.075198925375887127e+00 6.374789988405028529e-01 1.391674717128281169e-01
-1.070021893566013071e+00 6.377051043031998212e-01 1.353398408048326063e-01
-1.063893190899293684e+00 6.379529347902612724e-01 1.308460045506479874e-01
-1.056764986749366031e+00 6.382192320976332045e-01 1.256607336399555852e-01
-1.048615942577055149e+00 6.384997573002411109e-01 1.197789674404139831e-01
-1.039451211930372487e+00 6.387892907519903130e-01 1.132158139976579964e-01
-1.029302440444518352e+00 6.390816320857661825e-01 1.060065500353011420e-01
-1.018227765841877908e+00 6.393696002134334755e-01 9.820662095493200294e-02
-1.006311817932023844e+00 6.396450333258366650e-01 8.989164083611660139e-02
-9.936644403482423060e-01 6.398989012338865967e-01 8.115625542719796803e-02
-9.804066290641779702e-01 6.401225411719335678e-01 7.210163452361438574e-02
-9.666564704715887579e-01 6.403088936397154374e-01 6.282296395582670501e-02
-9.525278629705821176e-01 6.404526147562991101e-01 5.340830844999437665e-02
-9.381305169696123603e-01 6.405500762600806475e-01 4.393861162797373099e-02
-9.235699548854870988e-01 6.405993655087863781e-01 3.448769600732159990e-02
-9.089475111433588106e-01 6.406002854794721202e-01 2.512226300129006412e-02
-8.943603321767295000e-01 6.405543547685228489e-01 1.590189291882992267e-02
-8.799013764274500327e-01 6.404648075916542505e-01 6.879044964589027533e-03
-8.656594143457220225e-01 6.403365937839107236e-01 -1.900942761084563511e-03
-8.517181804256228617e-01 6.401762520959966007e-01 -1.040007582462747736e-02
-8.381470454665379544e-01 6.399905164345754960e-01 -1.859015168050021788e-02
-8.249916887375471353e-01 6.397849220880674759e-01 -2.645520791790166235e-02
-8.122732499806083473e-01 6.395636790181464804e-01 -3.399174483173676709e-02
-7.999883294105530895e-01 6.393296718597412109e-01 -4.120872542262076638e-02
-7.881089877150887490e-01 6.390844599210333543e-01 -4.812757539687626679e-02
-7.765827460547990446e-01 6.388282771834593587e-01 -5.478218316653404169e-02
-7.653325860631416955e-01 6.385600323017082136e-01 -6.121889984933354123e-02
-7.542569498464539723e-01 6.382773086037240029e-01 -6.749653926872065113e-02
-7.432297399839458141e-01 6.379763640907045730e-01 -7.368637795385112044e-02
-7.321026836880848432e-01 6.376522353812074106e-01 -7.987091464319068246e-02
-7.207313382080517972e-01 6.372998810804579861e-01 -8.613022501342547377e-02
-7.090010959626507070e-01 6.369153251377628333e-01 -9.252831655033021130e-02
-6.968295486104982839e-01 6.364957607866494893e-01 -9.911188809969405378e-02
-6.841664870500302476e-01 6.360395505448674935e-01 -1.059103298673185062e-01
-6.709939014194975515e-01 6.355462262143874996e-01 -1.129357234190185022e-01
-6.573259810969719341e-01 6.350164888814024966e-01 -1.201828416806199340e-01
-6.432091147003388132e-01 6.344522089163270318e-01 -1.276291489379634547e-01
-6.287218900873013938e-01 6.338564259737968776e-01 -1.352348008369018972e-01
-6.139750943553784479e-01 6.332333489926689207e-01 -1.429426443833015370e-01
-5.991091191949788897e-01 6.325882617441632716e-01 -1.506795927287478409e-01
-5.842654209608523219e-01 6.319264839046409010e-01 -1.583717471840286051e-01
-5.695579816343053770e-01 6.312523321608090043e-01 -1.659595187606427158e-01
-5.550707144731844567e-01 6.305690257686704658e-01 -1.733990027991866301e-01
-5.408574640118795074e-01 6.298786865535230817e-01 -1.806619789693521272e-01
-5.269420060613181356e-01 6.291823389099604480e-01 -1.877359112699298616e-01
-5.133180477089697158e-01 6.284799098018711838e-01 -1.946239480288070589e-01
-4.999492273188435032e-01 6.277702287624394861e-01 -2.013449219029687376e-01
-4.867691145314922974e-01 6.270510278941444637e-01 -2.079333498784949330e-01
-4.736812102640067246e-01 6.263189418687611365e-01 -2.144394332705649164e-01
-4.605606302386042739e-01 6.255695243836703057e-01 -2.209281560025294355e-01
-4.472726237970688912e-01 6.247974291812791181e-01 -2.274693656757398874e-01
-4.336910927151889639e-01 6.239965910684404093e-01 -2.341278546393763815e-01
-4.197002747313485216e-01 6.231602423727646833e-01 -2.409624582695213957e-01
-4.051947435465189096e-01 6.222809129426186692e-01 -2.480260549691626071e-01
-3.900794088242642288e-01 6.213504301471260982e-01 -2.553655661681906164e-01
-3.742695161907388379e-01 6.203599188761678151e-01 -2.630219563234008628e-01
-3.576906472346925714e-01 6.192998015403816670e-01 -2.710302329184900438e-01
-3.402787195074627458e-01 6.181597980711622808e-01 -2.794194464640608611e-01
-3.219799865229793778e-01 6.169289259206613973e-01 -2.882126904976188841e-01
-3.027520693925604411e-01 6.155957190455612071e-01 -2.974266960164116957e-01
-2.825753052799570009e-01 6.141506368288370821e-01 -3.070673700529788497e-01
-2.614640962105849176e-01 6.125884730767051645e-01 -3.171253341114623203e-01
-2.394679408243976793e-01 6.109085750274575455e-01 -3.275755185540236147e-01
-2.166714343758828765e-01 6.091148433514634863e-01 -3.383771626008463262e-01
-1.931942687340703069e-01 6.072157321511690853e-01 -3.494738143301318045e-01
-1.691912323825198738e-01 6.052242489610970555e-01 -3.607933306781055394e-01
-1.448522104193294135e-01 6.031579547478466141e-01 -3.722478774390122758e-01
-1.204021845571310451e-01 6.010389639100942594e-01 -3.837339292651192890e-01
-9.610123312309915011e-02 5.988939442785933265e-01 -3.951322696667113332e-01
-7.224027552226962301e-02 5.967536194576129605e-01 -4.063099492815274716e-01
-4.909426068484837313e-02 5.946472945048374426e-01 -4.171418271373035225e-01
-2.687535502649071942e-02 5.925973815543097434e-01 -4.275321121384304535e-01
-5.728686749301852531e-03 5.906189021388886795e-01 -4.374163214100843522e-01
1.426765415817498814e-02 5.887194871902468041e-01 -4.467612802982330322e-01
3.310261592095049138e-02 5.868993770388709619e-01 -4.555651223696307595e-01
5.083218497759134369e-02 5.851514214140629555e-01 -4.638572894118206946e-01
6.757938598022159016e-02 5.834610794439386572e-01 -4.716985314331342827e-01
8.353428179451687086e-02 5.818064196554288969e-01 -4.791809066626892544e-01
9.895397349971327139e-02 5.801581199742790185e-01 -4.864277815503942337e-01
1.141567463744729144e-01 5.784801574281008829e-01 -4.935910595750793162e-01
1.294576766347186603e-01 5.767373947747076457e-01 -5.008206985568268710e-01
1.451042388413864848e-01 5.749031670515210024e-01 -5.082342282864286132e-01
1.612704521096136601e-01 5.729599712523116839e-01 -5.159139794392346712e-01
1.780568801087336062e-01 5.708994663272018988e-01 -5.239070835751512556e-01
1.954906310622787080e-01 5.687224731826630020e-01 -5.322254731386418802e-01
2.135253577479740705e-01 5.664389746815174931e-01 -5.408458814587244756e-01
2.320412574977467612e-01 5.640681156429379062e-01 -5.497098427489757189e-01
2.508450721977197873e-01 5.616382028424468098e-01 -5.587236921075283691e-01
2.696700882882149819e-01 5.591867050119166960e-01 -5.677585655170718226e-01
2.881826196367529569e-01 5.567594131159783188e-01 -5.766534769594511278e-01
3.060533161735791707e-01 5.544012037768791812e-01 -5.852491652677234146e-01
3.230284703015840475e-01 5.521468029876249739e-01 -5.934219399218235713e-01
3.389364990274483791e-01 5.500199464844798269e-01 -6.010867578110394849e-01
3.536879439616376630e-01 5.480333797469658652e-01 -6.081972232340091544e-01
3.672754713184108177e-01 5.461888579978630975e-01 -6.147455878987241329e-01
3.797738719158142984e-01 5.444771462032098608e-01 -6.207627509225277507e-01
3.913400611756844283e-01 5.428780190723031529e-01 -6.263182588321162259e-01
4.022130791236435687e-01 5.413602610576969676e-01 -6.315203055635352225e-01
4.127140903891061141e-01 5.398816663552042927e-01 -6.365157324621851798e-01
4.232395227168985197e-01 5.383899798402907999e-01 -6.414867991832792216e-01
4.341855905951239047e-01 5.368332473684165329e-01 -6.466156635969273481e-01
4.458728188830265449e-01 5.351701660753782619e-01 -6.520488616932176296e-01
4.585391813226126212e-01 5.333710253137038393e-01 -6.578940784826781130e-01
4.723401005386550500e-01 5.314177066526524218e-01 -6.642201479962784871e-01
4.873484480386903184e-01 5.293036838782138043e-01 -6.710570532854275294e-01
5.035545442130210381e-01 5.270340229931090859e-01 -6.783959264219762142e-01
5.208661583347096169e-01 5.246253822167912251e-01 -6.861890484982136051e-01
5.391085085595870297e-01 5.221060119854437076e-01 -6.943498496268712961e-01
5.580242619262474335e-01 5.195157549519811013e-01 -7.027529089411201912e-01
5.772790559599053628e-01 5.169052263786614310e-01 -7.112366458148684512e-01
5.965222388424378241e-01 5.143267980806246475e-01 -7.196329245179788892e-01
6.154476114782467810e-01 5.118255820880253104e-01 -7.277966597955082273e-01
6.337989497300383634e-01 5.094386109448417743e-01 -7.356085083960007820e-01
6.513700044188274196e-01 5.071948377088770776e-01 -7.429748690714901294e-01
6.680045013239296336e-01 5.051151359517593864e-01 -7.498278825774971068e-01
6.835961411829730716e-01 5.032122997589405511e-01 -7.561254316730339209e-01
6.980885996918900771e-01 5.014910437296973278e-01 -7.618511411206000394e-01
7.114755275049216010e-01 4.999480029771308232e-01 -7.670143776861853002e-01
7.238005502346105402e-01 4.985717331281669940e-01 -7.716502501392668023e-01
7.351550275641380860e-01 4.973431367246231583e-01 -7.758182874740716661e-01
7.456534031409891572e-01 4.962401537000137308e-01 -7.795878991417435344e-01
7.554085542141679710e-01 4.952424519051525920e-01 -7.830238351312426293e-01
7.645295506610397807e-01 4.943318535254876411e-01 -7.861848641401819604e-01
7.731216549873353161e-01 4.934923350811005194e-01 -7.891237735748291016e-01
7.812863223271468982e-01 4.927100274267061653e-01 -7.918873695501045251e-01
7.891212004429299931e-01 4.919732157516533144e-01 -7.945164768895829344e-01
7.967201297255033232e-01 4.912723395799240556e-01 -7.970459391254914872e-01
8.041731431940459807e-01 4.905999927701342744e-01 -7.995046184987107951e-01
8.115664664961030894e-01 4.899509235155337095e-01 -8.019153959587763669e-01
8.189817065535084373e-01 4.893219724151100514e-01 -8.042952314853423212e-01
8.264869267913936834e-01 4.887113912651908088e-01 -8.066558276151114537e-01
8.341277224600422979e-01 4.881181618581319492e-01 -8.090042929618582734e-01
8.419264093117696524e-01 4.875419340557839432e-01 -8.113432025355958865e-01
8.498820236009234641e-01 4.869830257894936509e-01 -8.136705977425749969e-01
8.579703220838819089e-01 4.864424230601021026e-01 -8.159799863852843504e-01
8.661437820190525105e-01 4.859217799379462188e-01 -8.182603426624504017e-01
8.743316011668763599e-01 4.854234185628580889e-01 -8.204961071690380914e-01
8.824396977898252281e-01 4.849503291441649155e-01 -8.226671868962496248e-01
8.903507106524014558e-01 4.845061699606889594e-01 -8.247489552315255823e-01
8.979263713611350672e-01 4.840951865107619434e-01 -8.267127531064853985e-01
9.050335990186045843e-01 4.837213221993839629e-01 -8.285314013948793521e-01
9.115705940630242088e-01 4.833873290531401912e-01 -8.301847131384941791e-01
9.174692103367647622e-01 4.830946868794661064e-01 -8.316599946377463137e-01
9.226949550863499105e-01 4.828436032666479361e-01 -8.329520454516804451e-01
9.272469889624608275e-01 4.826330135838221569e-01 -8.340631583979706276e-01
9.311581260199341958e-01 4.824605809809756618e-01 -8.350031195529208361e-01
9.344948337177619857e-01 4.823226963889463148e-01 -8.357892082514640775e-01
9.373572329190904551e-01 4.822144785194219518e-01 -8.364461970871615026e-01
9.398790978912231475e-01 4.821297738649412690e-01 -8.370063519122046269e-01
9.422257592523320957e-01 4.820612703642540575e-01 -8.375089071827395149e-01
9.445710363853209168e-01 4.820017477212932278e-01 -8.379942947574540169e-01
9.470741698516831342e-01 4.819453277241447786e-01 -8.384983726961631190e-01
9.498777243382179325e-01 4.818875879104099202e-01 -8.390519006051363471e-01
9.531075886570297140e-01 4.818255615672041858e-01 -8.396805396370959906e-01
9.568729757455273210e-01 4.817577377311575981e-01 -8.404048524912182128e-01
9.612664226664262568e-01 4.816840611884152801e-01 -8.412403034131332724e-01
9.663637906077461315e-01 4.816059324746366777e-01 -8.421972581949245251e-01
9.722242648828119949e-01 4.815262078749960595e-01 -8.432809841751293112e-01
9.788903549302541141e-01 4.814491994241822392e-01 -8.444916502387381785e-01
9.863886919119978502e-01 4.813807041820507560e-01 -8.458243536937453122e-01
9.947388026562509200e-01 4.813283262791978601e-01 -8.472694159254904323e-01
1.003961883874352035e+00 4.813017989725867363e-01 -8.488126780602328614e-01
1.014081599850037207e+00 4.813130139245491157e-01 -8.504355278447749411e-01
1.025124082439442530e+00 4.813760212027862750e-01 -8.521148996464625869e-01
1.037117931071099619e+00 4.815070292803681484e-01 -8.538232744531849550e-01
1.050094212745942945e+00 4.817244050357339380e-01 -8.555286798733753306e-01
1.064086462037302727e+00 4.820486737526918364e-01 -8.571946901360096849e-01
1.079130681090912036e+00 4.825025191204195818e-01 -8.587804260906088949e-01
1.095265339624896583e+00 4.831107832334632923e-01 -8.602405552072359685e-01
1.112530217190280668e+00 4.839000922528360893e-01 -8.615257845547470428e-01
1.130953667859757816e+00 4.848947386209715993e-01 -8.625882836367534390e-01
1.150539884783976952e+00 4.861125632338362257e-01 -8.633871072839994776e-01
1.171267742407866574e+00 4.875645810877473618e-01 -8.638886886514199892e-01
1.193090796470642090e+00 4.892549812793732800e-01 -8.640668392181396484e-01
1.215937284005801811e+00 4.911811270057327983e-01 -8.639027487874714195e-01
1.239710123341126513e+00 4.933335555641955028e-01 -8.633849854869186657e-01
1.264286914098682768e+00 4.956959783524819696e-01 -8.625094957681738173e-01
1.289519937194813393e+00 4.982452808686626544e-01 -8.612796044071188151e-01
1.315236154840152327e+00 5.009515227111597246e-01 -8.597060145038250001e-01
1.341238871580302083e+00 5.037783353551759102e-01 -8.578066257897232205e-01
1.367326005489969853e+00 5.066872976327329026e-01 -8.556045360341946182e-01
1.393308359176995248e+00 5.096423111671861683e-01 -8.531260424719557811e-01
1.419011280759693294e+00 5.126099981344838241e-01 -8.504004601171575306e-01
1.444274663866845554e+00 5.155597012631651932e-01 -8.474601217633872530e-01
1.468952947637701900e+00 5.184634838343611385e-01 -8.443403779836666789e-01
1.492915116721974300e+00 5.212961296817938406e-01 -8.410795971304539931e-01
1.516044701279849027e+00 5.240351431917773528e-01 -8.377191653356425016e-01
1.538239776981978668e+00 5.266607493032169351e-01 -8.343034865105605213e-01
1.559412965009483232e+00 5.291558935076099424e-01 -8.308799823459712686e-01
1.579492040725182012e+00 5.315062832558052897e-01 -8.274985567618762250e-01
1.598426628778560454e+00 5.337008434134242751e-01 -8.242057051004730850e-01
1.616194898001765079e+00 5.357321717020618879e-01 -8.210386235029746294e-01
1.632804170011189049e+00 5.375965801013116163e-01 -8.180246734206954029e-01
1.648290919207463512e+00 5.392940948487626729e-01 -8.151813816150514924e-01
1.662720772775469147e+00 5.408284564400025474e-01 -8.125164401575591944e-01
1.676188510684330835e+00 5.422071196286162298e-01 -8.100277064298372354e-01
1.688818065687417880e+00 5.434412534261859884e-01 -8.077032031236052179e-01
1.700762523322339126e+00 5.445457411022907035e-01 -8.055211182406843973e-01
1.712204121910953392e+00 5.455391801845075328e-01 -8.034498050929969049e-01
1.723351186653825362e+00 5.464435948422698974e-01 -8.014485322138710233e-01
1.734404404669335209e+00 5.472812721093219812e-01 -7.994757323823910022e-01
1.745523100032782438e+00 5.480715981061718978e-01 -7.974972516477463191e-01
1.756822167870851548e+00 5.488307704239520080e-01 -7.954870992405380647e-01
1.768372074361610480e+00 5.495717981244176986e-01 -7.934274475727768339e-01
1.780198856734513058e+00 5.503045017399483818e-01 -7.913086322378836135e-01
1.792284123270397878e+00 5.510355132735470507e-01 -7.891291520106896717e-01
1.804565053301484756e+00 5.517682761988406126e-01 -7.868956688474377792e-01
1.816934397211381835e+00 5.525030454600793339e-01 -7.846230078857799883e-01
1.829240476435079810e+00 5.532368874721373952e-01 -7.823341574447792990e-01
1.841291362637713425e+00 5.539638515446372313e-01 -7.800596113431357281e-01
1.852900850594022097e+00 5.546768556257949401e-01 -7.778301340986160106e-01
1.863934432502711847e+00 5.553695721051231660e-01 -7.756695259016712640e-01
1.874313477643503756e+00 5.560365992571751903e-01 -7.735939648583950445e-01
1.884015232377136861e+00 5.566734612415433769e-01 -7.716120069905219037e-01
1.893072820145365487e+00 5.572766081028606155e-01 -7.697245862354286094e-01
1.901575241470963240e+00 5.578434157708003216e-01 -7.679250144461343686e-01
1.909667373957719239e+00 5.583721860600752152e-01 -7.661989813912986058e-01
1.917549972290442772e+00 5.588621466704393193e-01 -7.645245547552246279e-01
1.925479668234956199e+00 5.593134511866856284e-01 -7.628721801378561818e-01
1.933764353487870125e+00 5.597273059941761941e-01 -7.612049975882672070e-01
1.942712390319509819e+00 5.601073663690183668e-01 -7.594823235213259416e-01
1.952581821688441188e+00 5.604611325827673074e-01 -7.576631326705836056e-01
1.963575753915105304e+00 5.608000768227949795e-01 -7.557063746338393839e-01
1.975842356681824175e+00 5.611396431922912598e-01 -7.535709738731383167e-01
1.989474863032792085e+00 5.614992477102626056e-01 -7.512158297147727426e-01
2.004511569374083813e+00 5.619022783115336095e-01 -7.485998163492808555e-01
2.020935835473649078e+00 5.623760948467453336e-01 -7.456817828314475927e-01
2.038676084461311877e+00 5.629520290823563089e-01 -7.424205530803056341e-01
2.057605802828777364e+00 5.636653847006428686e-01 -7.387749258791335150e-01
2.077547456459748698e+00 5.645549476313300730e-01 -7.347045642537706200e-01
2.098315566363769591e+00 5.656575997742627759e-01 -7.301797784983697914e-01
2.119759783961905342e+00 5.670029327781123119e-01 -7.251913090993707955e-01
2.141768806967495387e+00 5.686127583906861460e-01 -7.197512160798855696e-01
2.164270379386149301e+00 5.705011084589312054e-01 -7.138928789997009972e-01
2.187231291515746356e+00 5.726742349289303258e-01 -7.076709969552771318e-01
2.210657379946431966e+00 5.751306098459041394e-01 -7.011615885797495284e-01
2.234593527560626569e+00 5.778609253542108526e-01 -6.944619920429258020e-01
2.259123663533017634e+00 5.808480936973463571e-01 -6.876908650512886245e-01
2.284370763330565435e+00 5.840672472179432306e-01 -6.809881848479930611e-01
2.310492762837935476e+00 5.874859837318899825e-01 -6.745132918030010138e-01
2.337637615607692787e+00 5.910670655313089439e-01 -6.684233698000573431e-01
2.365898351513161302e+00 5.947711183032972082e-01 -6.628519272953178332e-01
2.395308991341442262e+00 5.985568764759650051e-01 -6.579068411313571119e-01
2.425844546793397782e+00 6.023811832184348125e-01 -6.536703565371713154e-01
2.457421020483666840e+00 6.061989904408437990e-01 -6.501990871281749795e-01
2.489895405940661277e+00 6.099633587943420476e-01 -6.475240149062031492e-01
2.523065687606563579e+00 6.136254576710929998e-01 -6.456504902595110451e-01
2.556670840837317549e+00 6.171345652042726782e-01 -6.445582319627732870e-01
2.590390831902649182e+00 6.204380682680711301e-01 -6.442013271770847815e-01
2.623852368230620513e+00 6.234820284698913140e-01 -6.445096357369060058e-01
2.656692151097906684e+00 6.262174080645471763e-01 -6.454042373064662330e-01
2.688620128320067248e+00 6.286062958684608404e-01 -6.468128785361667576e-01
2.719425244496108007e+00 6.306224732518632692e-01 -6.486713773495265123e-01
2.748975441008495224e+00 6.322514141387935993e-01 -6.509236229431822895e-01
2.777217656023144521e+00 6.334902850070988078e-01 -6.535215757868884090e-01
2.804177824489428428e+00 6.343479448884353777e-01 -6.564252676235170503e-01
2.829960878140164837e+00 6.348449453682675214e-01 -6.596028014690579200e-01
2.854750745491630770e+00 6.350135305858675139e-01 -6.630303516126186958e-01
2.878810351843555271e+00 6.348976372343165808e-01 -6.666921636164245824e-01
2.902475953028646138e+00 6.345520772045531999e-01 -6.705801743808784687e-01
2.926094804063471777e+00 6.340335462957484847e-01 -6.746898326862862394e-01
2.949962825853910342e+00 6.333916326450478307e-01 -6.790159196041420930e-01
2.974318938296170334e+00 6.326679992780767092e-01 -6.835521685187003760e-01
2.999345060276795927e+00 6.318963841089391131e-01 -6.882912651269785798e-01
3.025166109672660308e+00 6.311025999402190001e-01 -6.932248474387545656e-01
3.051850003350979446e+00 6.303045344629797375e-01 -6.983435057765703391e-01
3.079407657169296986e+00 6.295121502567634364e-01 -7.036367827757284976e-01
3.107792985975499356e+00 6.287274847895922836e-01 -7.090931733842954499e-01
3.136902903607796667e+00 6.279446504179678756e-01 -7.147001248630973080e-01
3.166581460588223873e+00 6.271502672140540913e-01 -7.204443468182107901e-01
3.196665359382302896e+00 6.263282241307359666e-01 -7.263152216056246724e-01
3.227029470132244615e+00 6.254644402162136130e-01 -7.323082147713838586e-01
3.257590968508268237e+00 6.245472974576963265e-01 -7.384251850959014929e-01
3.288309335708618164e+00 6.235676407814025879e-01 -7.446743845939636230e-01
3.319186358459548014e+00 6.225187780525595072e-01 -7.510704585147247592e-01
3.350266129015329053e+00 6.213964800754037121e-01 -7.576344453417099833e-01
3.381635045158247532e+00 6.201989805931806821e-01 -7.643937767928145055e-01
3.413421810198597139e+00 6.189269762881451920e-01 -7.713822778203024422e-01
3.445797432974696761e+00 6.175836267815613123e-01 -7.786401666108098141e-01
3.478970817105641711e+00 6.161744486733274906e-01 -7.862133207483597008e-01
3.513140243444755395e+00 6.147061499940275064e-01 -7.941452051195397877e-01
3.548444853037781233e+00 6.131854646691080601e-01 -8.024687999026522967e-01
3.584960236543917045e+00 6.116190465625440664e-01 -8.112058667587297434e-01
3.622698434235809284e+00 6.100134694768414301e-01 -8.203669488315331604e-01
3.661607935999552144e+00 6.083752271530341593e-01 -8.299513707475520974e-01
3.701573681334681787e+00 6.067107332706875855e-01 -8.399472386160028448e-01
3.742417059354188336e+00 6.050263214478954765e-01 -8.503314400288323194e-01
3.783895908784508766e+00 6.033282452412818131e-01 -8.610696440607149560e-01
3.825704517965529128e+00 6.016226781459992345e-01 -8.721163012690544836e-01
3.867478564969232924e+00 5.999156475275775335e-01 -8.834155344205043559e-01
3.908849456643599840e+00 5.982123079024671553e-01 -8.949109360750023834e-01
3.949498665960518906e+00 5.965162142412706592e-01 -9.065553658640065349e-01
3.989162671569134400e+00 5.948292559081469477e-01 -9.183118411150910099e-01
4.027632957795823643e+00 5.931516566608124874e-01 -9.301535368519423530e-01
4.064756014644231641e+00 5.914819746505403097e-01 -9.420637857943657822e-01
4.100433337795245770e+00 5.898171024221610104e-01 -9.540360783582804149e-01
4.134621428607006877e+00 5.881522669140623050e-01 -9.660740626557228206e-01
4.167331794114897292e+00 5.864810294581884742e-01 -9.781915444948400262e-01
4.198630947031557703e+00 5.847952857800415849e-01 -9.904124873798987316e-01
4.228638249870360966e+00 5.830852656931709843e-01 -1.002770799167822080e+00
4.257502200303764361e+00 5.813395297385740568e-01 -1.015307985290157866e+00
4.285376716521652973e+00 5.795449658240943158e-01 -1.028070801975045079e+00
4.312418981354825931e+00 5.776867889189144512e-01 -1.041111042903752448e+00
4.338789442274995523e+00 5.757485410535531090e-01 -1.054485539210685108e+00
4.364651811394794301e+00 5.737120913198674454e-01 -1.068256159483380152e+00
4.390173065467765312e+00 5.715576358710524607e-01 -1.082489809762509081e+00
4.415523445888367426e+00 5.692636979216411097e-01 -1.097258433541873135e+00
4.440876458691976225e+00 5.668071277475039693e-01 -1.112639011768409736e+00
4.466408874554877784e+00 5.641631026858485720e-01 -1.128713562842187823e+00
4.492298943997915295e+00 5.613055130228824519e-01 -1.145567727707627270e+00
4.518706763809427152e+00 5.582112069347449079e-01 -1.163275205209160168e+00
4.545754642855417416e+00 5.548642355609265664e-01 -1.181882186961106251e+00
4.573525317078916963e+00 5.512562389360973203e-01 -1.201405942276951411e+00
4.602061949499993254e+00 5.473864459901055524e-01 -1.221834818169352133e+00
4.631368130215729906e+00 5.432616745479790232e-01 -1.243128239350125508e+00
4.661407876400253336e+00 5.388963313299237612e-01 -1.265216708230262999e+00
4.692105632304715890e+00 5.343124119513243953e-01 -1.288001804919921334e+00
4.723346269257301167e+00 5.295395009227437111e-01 -1.311356187228427173e+00
4.754975085663215140e+00 5.246147716499249825e-01 -1.335123590664268445e+00
4.786801548187898270e+00 5.195822224997486138e-01 -1.359121760372824728e+00
4.818640445343019607e+00 5.144842734092300862e-01 -1.383174702898639863e+00
4.850353041500642171e+00 5.093533624070851751e-01 -1.407144938283241498e+00
4.881850818219132471e+00 5.042111816505514543e-01 -1.430936432114702228e+00
4.913095474243164062e+00 4.990686774253845215e-01 -1.454494595527649148e+00
4.944098925503720210e+00 4.939260501458601627e-01 -1.477806285203255410e+00
4.974923305118086780e+00 4.887727543547742415e-01 -1.500899803369245555e+00
5.005680963389855798e+00 4.835874987234416444e-01 -1.523844897799889964e+00
5.036534467808926330e+00 4.783382460516973356e-01 -1.546752761816010402e+00
5.067696603051505377e+00 4.729822132678948576e-01 -1.569776034284980026e+00
5.099425773994098243e+00 4.674667223018848516e-01 -1.593105112193170303e+00
5.131975436061705587e+00 4.617385602070734896e-01 -1.616927586692337382e+00
5.165543523471496812e+00 4.557533396720204744e-01 -1.641387677457871064e+00
5.200267851545306463e+00 4.494763500232549225e-01 -1.666582544698559376e+00
5.236226116709641332e+00 4.428825572252749754e-01 -1.692562289156587019e+00
5.273435896495686670e+00 4.359566038805482435e-01 -1.719329952107538473e+00
5.311854649539288431e+00 4.286928092295116399e-01 -1.746841515360395336e+00
5.351379715580987018e+00 4.210951691505699368e-01 -1.775005901257542762e+00
5.391848315465957775e+00 4.131773561601014277e-01 -1.803684972674749032e+00
5.433037551144080268e+00 4.049627194124493790e-01 -1.832693533021194199e+00
5.474668494636836691e+00 3.964836700612019427e-01 -1.861802548145059300e+00
5.516451167921561094e+00 3.877749200456250267e-01 -1.890774588278453461e+00
5.558129523751611067e+00 3.788667207364136424e-01 -1.919399270719807093e+00
5.599485534935279674e+00 3.697842482500700578e-01 -1.947496481985300010e+00
5.640339194335788342e+00 3.605476034489034642e-01 -1.974916377808853873e+00
5.680548514871309962e+00 3.511718119410293659e-01 -2.001539383142147965e+00
5.720009529514931579e+00 3.416668240803753531e-01 -2.027276192154592316e+00
5.758656291294691698e+00 3.320375149666713321e-01 -2.052067768233358791e+00
5.796460873293560745e+00 3.222836844454561867e-01 -2.075885343983360887e+00
5.833433368649449946e+00 3.124000571080764455e-01 -2.098730421227262610e+00
5.869620081985337912e+00 3.023764109486593576e-01 -2.120633301172248686e+00
5.905083635140815801e+00 2.921989925908239361e-01 -2.141636916244596733e+00
5.939883072903611172e+00 2.818519325143910015e-01 -2.161780661924231683e+00
5.974072054439730550e+00 2.713173737123570906e-01 -2.181098926911509750e+00
6.007698853293470975e+00 2.605754716908926794e-01 -2.199621093127218874e+00
6.040806357387380920e+00 2.496043944693495387e-01 -2.217371535712564956e+00
6.073432069022307367e+00 2.383803225802491044e-01 -2.234369623029194951e+00
6.105608104877378928e+00 2.268774490692910539e-01 -2.250629716659179103e+00
6.137361196009987196e+00 2.150679794953500867e-01 -2.266161171405019381e+00
6.168712687855816945e+00 2.029221319304769233e-01 -2.280968335289644155e+00
6.199678286951763262e+00 1.904078292076106238e-01 -2.295050759189742884e+00
6.230265274965548272e+00 1.774873137393346290e-01 -2.308405502738419823e+00
6.260469722783303936e+00 1.641137624070670153e-01 -2.321029440179873671e+00
6.290276237251815949e+00 1.502309788322613582e-01 -2.332919469986725058e+00
6.319657961178554828e+00 1.357733933763926037e-01 -2.344072514860032097e+00
6.348576573331646600e+00 1.206660631409662843e-01 -2.354485521729279718e+00
6.376982288439889679e+00 1.048246719675163113e-01 -2.364155461752380560e+00
6.404813857192749538e+00 8.815553043760510077e-02 -2.373079330315679414e+00
6.431998566240349824e+00 7.055557587282317022e-02 -2.381254147033946111e+00
6.458452238193494566e+00 5.191237233478961099e-02 -2.388676955750383968e+00
6.484080753880505199e+00 3.210684613799748288e-02 -2.395345253797556584e+00
6.508796796243592198e+00 1.104337482160184548e-02 -2.401261713605647774e+00
6.532536593538459613e+00 -1.132012513095061700e-02 -2.406438904114246657e+00
6.555261441358882557e+00 -3.496946319643270962e-02 -2.410899719967777965e+00
6.576957702636717862e+00 -5.983417481184007125e-02 -2.414677381515502930e+00
6.597636807641908518e+00 -8.578752137439134284e-02 -2.417815434811523279e+00
6.617335253982464138e+00 -1.126464902415279523e-01 -2.420367751614775464e+00
6.636114606604488486e+00 -1.401717947309142343e-01 -2.422398529389035104e+00
6.654061497792154611e+00 -1.680678741204375548e-01 -2.423982291302917425e+00
6.671287627167726164e+00 -1.959828936482129469e-01 -2.425203886229871042e+00
6.687928277116155229e+00 -2.235143663975637240e-01 -2.426157433627824211e+00
6.704125981549870161e+00 -2.502709974634963475e-01 -2.426934716571209627e+00
6.720014193993850249e+00 -2.759345306928156494e-01 -2.427613574299951171e+00
6.735715802783740713e+00 -3.002653714270278607e-01 -2.428256846938100288e+00
6.751343131065818071e+00 -3.231025865023398058e-01 -2.428912375493827991e+00
6.766997936797019442e+00 -3.443639042496596248e-01 -2.429613001859430188e+00
6.782771412744926565e+00 -3.640457144945966061e-01 -2.430376568811329019e+00
6.798744186487770236e+00 -3.822230685574637965e-01 -2.431205920010066190e+00
6.814986320414432974e+00 -3.990496792532662873e-01 -2.432088900000310971e+00
6.831557311724436587e+00 -4.147579208917192561e-01 -2.432998354210852199e+00
6.848505572985443379e+00 -4.296534713304052122e-01 -2.433893083026457571e+00
6.865862718106968465e+00 -4.440563729244900171e-01 -2.434728336869377507e+00
6.883637848195212960e+00 -4.582420922500534122e-01 -2.435466311499240533e+00
6.901817032070930225e+00 -4.724361617484643117e-01 -2.436077102157698349e+00
6.920363306269400994e+00 -4.868141797263794701e-01 -2.436538703568422726e+00
6.939216675040459137e+00 -5.015018103557477014e-01 -2.436837009937107279e+00
6.958294110348461459e+00 -5.165747836737973886e-01 -2.436965814951463472e+00
6.977489551872318785e+00 -5.320588955830541922e-01 -2.436926811781226831e+00
6.996673907005476423e+00 -5.479300078513290595e-01 -2.436729593078153400e+00
7.015695050855915049e+00 -5.641140481117216110e-01 -2.436391650976016621e+00
7.034379831770434244e+00 -5.804898052255615948e-01 -2.435937934342434108e+00
7.052556132101622133e+00 -5.969196782747635543e-01 -2.435395978548850593e+00
7.070074928974858786e+00 -6.132804255541831617e-01 -2.434791035240541746e+00
7.086812299812562443e+00 -6.294659599345568957e-01 -2.434145629588424509e+00
7.102669422334221494e+00 -6.453873488625071486e-01 -2.433479560289062871e+00
7.117572574556362497e+00 -6.609728143605285711e-01 -2.432809899564661649e+00
7.131473134792570612e+00 -6.761677330270069453e-01 -2.432150993163073593e+00
7.144347581653486046e+00 -6.909346360362063066e-01 -2.431514460357792284e+00
7.156197494046801388e+00 -7.052532091382734958e-01 -2.430909193947957903e+00
7.167049551177260724e+00 -7.191202926592364930e-01 -2.430341360258355010e+00
7.176955532546661409e+00 -7.325498815010054177e-01 -2.429814399139410774e+00
7.185992317953850517e+00 -7.455731251413719729e-01 -2.429329023967197632e+00
7.194261887494739049e+00 -7.582383276340124434e-01 -2.428883221643432844e+00
7.201891321562277071e+00 -7.706109476084777032e-01 -2.428472252595477165e+00
7.209032800846475908e+00 -7.827735982702074269e-01 -2.428088650776334845e+00
7.215863606334397495e+00 -7.948260474005212073e-01 -2.427722223664657175e+00
7.222586119310157926e+00 -8.068852173566199992e-01 -2.427360052264736723e+00
7.229427821354928341e+00 -8.190851850715868965e-01 -2.426986491106511767e+00
7.236641294346926045e+00 -8.315771820543866877e-01 -2.426583168245564082e+00
7.244504220461427835e+00 -8.445295943898658564e-01 -2.426128985263121596e+00
7.253319382170761997e+00 -8.581279627387559117e-01 -2.425600117266053957e+00
7.263414662244305653e+00 -8.725749823376620640e-01 -2.424970012886876525e+00
7.275143043748494520e+00 -8.880905029990793231e-01 -2.424209394283749486e+00
7.288882610046814037e+00 -9.049115291113813964e-01 -2.423286257140475630e+00
