5.267213327902202646e-01 -4.734906990966686990e+00 1.016905916122520931e-01
5.088167475932047212e-01 -4.657914193538005065e+00 1.236642500709397297e-01
4.920692151821254856e-01 -4.584351335377648162e+00 1.449431816784185756e-01
4.763902003712428002e-01 -4.514092287717731189e+00 1.656250143521329210e-01
4.616954269567246638e-01 -4.447008690726968361e+00 1.858026776127413571e-01
4.479046504290600805e-01 -4.382970121545140429e+00 2.055647170208364516e-01
4.349414448842612857e-01 -4.321844240428442951e+00 2.249955824521654713e-01
4.227330049319238392e-01 -4.263496916686363214e+00 2.441758901777552337e-01
4.112099633255854036e-01 -4.207792335989343435e+00 2.631826587262127148e-01
4.003062249785097615e-01 -4.154593090539282052e+00 2.820895185137974881e-01
3.899588179758456397e-01 -4.103760253521540058e+00 3.009668952343003134e-01
3.801294488954508610e-01 -4.055153279343278072e+00 3.198584220780841259e-01
3.708678903122056836e-01 -4.008630819218960362e+00 3.387119975168917385e-01
3.622443728925064388e-01 -3.964053356550818474e+00 3.574545843218372432e-01
3.543279675775352633e-01 -3.921283564688902157e+00 3.760159377812901105e-01
3.471870072816233832e-01 -3.880186167536356923e+00 3.943280716751733639e-01
3.408894387650912017e-01 -3.840627781285181896e+00 4.123247857062286026e-01
3.355031054508363919e-01 -3.802476736311730221e+00 4.299412537368821896e-01
3.310959617468697824e-01 -3.765602877823927219e+00 4.471136721491759669e-01
3.277362192593869517e-01 -3.729877343546403878e+00 4.637789676613185419e-01
3.254924251288794368e-01 -3.695172316554660163e+00 4.798745640011374824e-01
3.244280927666674530e-01 -3.661360447001799301e+00 4.953439799833311286e-01
3.245857993685078990e-01 -3.628313453122363974e+00 5.101536674590274600e-01
3.260037065396756417e-01 -3.595902456186341745e+00 5.242750474411064232e-01
3.287208157730072688e-01 -3.563998043752985456e+00 5.376787446265482995e-01
3.327767258197769640e-01 -3.532470066988127932e+00 5.503347329977290592e-01
3.383618332618404390e-01 -3.501075304953913392e+00 5.623210862204772731e-01
3.462708113891153072e-01 -3.469122404928294490e+00 5.741482151595489469e-01
3.574545079300224804e-01 -3.435810455127528584e+00 5.864307791620665400e-01
3.728687882947968601e-01 -3.400340745726973424e+00 5.997796244979254343e-01
3.934731189184114131e-01 -3.361915915008190758e+00 6.148028290564899745e-01
4.202007439194311300e-01 -3.319740215145095874e+00 6.321192927245918858e-01
4.538746353325768257e-01 -3.273023666640624274e+00 6.523971434229725030e-01
4.952957044154679411e-01 -3.220981394463261704e+00 6.763176235571533024e-01
5.452717888979480287e-01 -3.162834796878389643e+00 7.045644976527742909e-01
6.046182012531963190e-01 -3.097814181865815364e+00 7.378260832512979484e-01
6.735393983606228208e-01 -3.025555081026828130e+00 7.763485678545797297e-01
7.497659154208525800e-01 -2.947274892574692107e+00 8.185951696395430410e-01
8.304020963915135223e-01 -2.864583755839349877e+00 8.625990872266557918e-01
9.125446565788467579e-01 -2.779088083239237061e+00 9.064116856127666377e-01
9.932830183059943030e-01 -2.692386991919206274e+00 9.481003770081298798e-01
1.069698741218801041e+00 -2.606067031672679057e+00 9.857463981464477110e-01
1.138863785693837949e+00 -2.521695206604482653e+00 1.017442831470828812e+00
1.197840028162167281e+00 -2.440810329317000260e+00 1.041290107660272746e+00
1.243677486747398531e+00 -2.364912560663039010e+00 1.055391957558891258e+00
1.273411636477389308e+00 -2.295451147474789177e+00 1.057851474241458423e+00
1.285224241252127975e+00 -2.233485133219865304e+00 1.047597218021629972e+00
1.281950524107135836e+00 -2.178730328431105256e+00 1.026858408284784252e+00
1.267617357834904146e+00 -2.130598578941307331e+00 9.986518679410550936e-01
1.246283343745071326e+00 -2.088544773634666729e+00 9.659483864135207654e-01
1.222038109865235977e+00 -2.052082836066249527e+00 9.316727837862907036e-01
1.199001232890507751e+00 -2.020804158966606590e+00 8.987042733484842394e-01
1.181320765608036449e+00 -1.994398504792866955e+00 8.698769328439708293e-01
1.173170520628566527e+00 -1.972677430678289268e+00 8.479810862903358615e-01
1.178746742499850564e+00 -1.955600233777857966e+00 8.357645253061323221e-01
1.202263849458101053e+00 -1.943302430993019358e+00 8.359335992961942630e-01
1.246492255413455430e+00 -1.936065187477478799e+00 8.501644548585634009e-01
1.308365509770851531e+00 -1.934050737905387507e+00 8.761657691461381958e-01
1.383319283791916599e+00 -1.937296234837466269e+00 9.107031498258235658e-01
1.466746852164950488e+00 -1.945722343506584684e+00 9.505973694983910205e-01
1.554004034076359009e+00 -1.959102844893099382e+00 9.927250729230041593e-01
1.640446224242781748e+00 -1.977004360906704949e+00 1.034023746963409263e+00
1.721530958231622055e+00 -1.998658776478188015e+00 1.071504743279172889e+00
1.792745221637417785e+00 -2.022992912801548915e+00 1.102242548795124399e+00
1.849590882440934170e+00 -2.048626773599653283e+00 1.123375189939266772e+00
1.887600100970357131e+00 -2.073854172693607723e+00 1.132109877311596513e+00
1.903743150419392460e+00 -2.097093569957730441e+00 1.126655610426084086e+00
1.900593573944984183e+00 -2.118453218005033722e+00 1.108956526906995421e+00
1.882106374346156574e+00 -2.138668247279504442e+00 1.081823396765072109e+00
1.852207278038367821e+00 -2.158704535901196042e+00 1.047991917648031679e+00
1.814780038369543824e+00 -2.179776346488167427e+00 1.010119875771968267e+00
1.773654454043524398e+00 -2.203358068292541105e+00 9.707843996630644012e-01
1.732595468515195192e+00 -2.231190194697532547e+00 9.324796480456513104e-01
1.695294007649736034e+00 -2.265279612308556345e+00 8.976150025255499321e-01
1.665359712696321548e+00 -2.307894493140554726e+00 8.685143680965053958e-01
1.646316047813333405e+00 -2.361553998038153690e+00 8.474168349885773388e-01
1.640648309287530138e+00 -2.428234213651484730e+00 8.359643254952126012e-01
1.647019048961506860e+00 -2.506894998016992560e+00 8.337229787146451798e-01
1.663235489983742266e+00 -2.595600048563182494e+00 8.398369286367176612e-01
1.687222330025229144e+00 -2.692267495638608565e+00 8.535578348678571903e-01
1.717026337848586603e+00 -2.794674239633617496e+00 8.742428006725762035e-01
1.750818135818295485e+00 -2.900462220533863267e+00 9.013507841944414789e-01
1.786890916499013660e+00 -3.007146336604931136e+00 9.344374983203572738e-01
1.823656424838190793e+00 -3.112123665654839222e+00 9.731479880563635998e-01
1.859637602186356098e+00 -3.212683823651354853e+00 1.017207498073304350e+00
1.893457827961186668e+00 -3.306020243280507032e+00 1.066410511931143112e+00
1.924055863405618183e+00 -3.389651368107693852e+00 1.120474770770953477e+00
1.951331555930126971e+00 -3.462668869234275970e+00 1.178611010034300133e+00
1.975402306959190168e+00 -3.524534773785052089e+00 1.239883239350766830e+00
1.996359635357544571e+00 -3.574682498397356412e+00 1.303332784898617147e+00
2.014260737581291316e+00 -3.612525576734403998e+00 1.367973518220752860e+00
2.029062434871138798e+00 -3.637512798422197324e+00 1.432751780800408659e+00
2.040438001988080785e+00 -3.649282154950549639e+00 1.496435888174292517e+00
2.047937634605542012e+00 -3.647546380003562572e+00 1.557718715481196003e+00
2.051045712201893689e+00 -3.632057109092474256e+00 1.615255022214309166e+00
2.049183110077351433e+00 -3.602611895037579171e+00 1.667664581037413996e+00
2.042204820422991673e+00 -3.559775854123443661e+00 1.713586025685987835e+00
2.031890450517805036e+00 -3.507031216620965175e+00 1.751833204586975778e+00
2.020480362751926329e+00 -3.448623393880219101e+00 1.781257865258257134e+00
2.010208149809684208e+00 -3.388831935367783377e+00 1.800718363261923471e+00
2.003325650926343293e+00 -3.331957392312619781e+00 1.809096720222503674e+00
2.002125064762230622e+00 -3.282308949158748046e+00 1.805312945878392750e+00
2.008958066277117371e+00 -3.244192722316664668e+00 1.788336598785150500e+00
2.026251818172641439e+00 -3.221900730245689015e+00 1.757195553632472151e+00
2.056521851549111712e+00 -3.219700529269260425e+00 1.710982012765260407e+00
2.102381760077968842e+00 -3.241825603149877111e+00 1.648855786707308146e+00
2.165399077459150057e+00 -3.290752003760180067e+00 1.570949260944799475e+00
2.242597964588685766e+00 -3.362058725743329202e+00 1.481038910346092141e+00
2.329815190456848484e+00 -3.449592211372953798e+00 1.383754377167056848e+00
2.422817040654436038e+00 -3.547191320961666339e+00 1.283652224640226436e+00
2.517280501740966514e+00 -3.648695850283768749e+00 1.185207165002581275e+00
2.608778606400918409e+00 -3.747955345748175127e+00 1.092807097714579845e+00
2.692769993302781550e+00 -3.838837993581801555e+00 1.010751917328440053e+00
2.764592669108636880e+00 -3.915239388576417845e+00 9.432559771831372508e-01
2.819462007730681119e+00 -3.971090898599956454e+00 8.944541995008761237e-01
2.852472986137905675e+00 -4.000367379980216853e+00 8.684117568885929561e-01
2.860206158757748973e+00 -3.998851224268114013e+00 8.677989700689690000e-01
2.845594841175254519e+00 -3.969381496216658700e+00 8.899252964440285130e-01
2.813238222763334129e+00 -3.916533335787486525e+00 9.308218767857046050e-01
2.767822180692324441e+00 -3.844849940820679990e+00 9.865897217180901180e-01
2.714122047696359452e+00 -3.758839631457199459e+00 1.053398500073738475e+00
2.657031910260225338e+00 -3.662945488442933772e+00 1.127507696937690929e+00
2.601645725325740344e+00 -3.561456520855454055e+00 1.205329256547747807e+00
2.553156082070645816e+00 -3.458590627363956838e+00 1.283335881786968447e+00
2.516816175646868992e+00 -3.358523288969276877e+00 1.358025088023643967e+00
2.497931819164354028e+00 -3.265388972823052960e+00 1.425909644033259926e+00
2.500226864053793463e+00 -3.182365467625683841e+00 1.484095361882066033e+00
2.520938399417497422e+00 -3.108951048035545561e+00 1.532028834631984360e+00
2.555662409371056487e+00 -3.043765043137435455e+00 1.569725437172234894e+00
2.599978504812112234e+00 -2.985462534637653320e+00 1.597180836642644763e+00
2.649452984182061321e+00 -2.932723447421647922e+00 1.614370954084789034e+00
2.699641675350639147e+00 -2.884241982401215765e+00 1.621252309519295220e+00
2.746092585212303039e+00 -2.838716413728099131e+00 1.617762784525173636e+00
2.784348400282696367e+00 -2.794839235672784028e+00 1.603822859288797087e+00
2.809948841406674447e+00 -2.751287709468059450e+00 1.579337318923540456e+00
2.818432895719600317e+00 -2.706714824671853759e+00 1.544197448926862837e+00
2.806681565688084579e+00 -2.660128366464009630e+00 1.498625148512968686e+00
2.776937185558913779e+00 -2.612058750632457738e+00 1.444203364745770379e+00
2.732773355747791566e+00 -2.563420179632843077e+00 1.382859020152630514e+00
2.677750573125123434e+00 -2.515137531615665445e+00 1.316522293900237672e+00
2.615413734225826126e+00 -2.468157712095253586e+00 1.247125962828087742e+00
2.549290034440735209e+00 -2.423459973570940118e+00 1.176604316728339095e+00
2.482887242924373350e+00 -2.382065199545745138e+00 1.106891661554007644e+00
2.419692372115032519e+00 -2.345044108887612389e+00 1.039920442364709929e+00
2.363170698720351570e+00 -2.313524420017510685e+00 9.776190000353029985e-01
2.316765134621842748e+00 -2.288696967532944271e+00 9.219089940745989198e-01
2.283147825243248885e+00 -2.271570539433865221e+00 8.741807941538205506e-01
2.261982960659639108e+00 -2.262197660683812117e+00 8.337282856949630450e-01
2.252183864163139315e+00 -2.260377479803933554e+00 7.993182833482235239e-01
2.252663097208129184e+00 -2.265896497104193941e+00 7.697140817585278461e-01
2.262332450628759428e+00 -2.278526159942483087e+00 7.436768428618969473e-01
2.280106822567049996e+00 -2.298016704929573439e+00 7.199677693516399746e-01
2.304917051202402867e+00 -2.324082013164129545e+00 6.973519811765104270e-01
2.335699009100011825e+00 -2.356409624088807497e+00 6.745987054215252243e-01
2.371389945490994577e+00 -2.394663615013609359e+00 6.504824171249716791e-01
2.410928814445333135e+00 -2.438483882351476950e+00 6.237844175022834170e-01
2.453149221410155789e+00 -2.487249969869307797e+00 5.935541866444329351e-01
2.496466464292301790e+00 -2.539373730823116126e+00 5.598943661706371477e-01
2.539216757704953142e+00 -2.593007501688092908e+00 5.231880372292289083e-01
2.579768714701633048e+00 -2.646279554763618425e+00 4.838390649241001151e-01
2.616524495181819177e+00 -2.697294072527861353e+00 4.422709795572317137e-01
2.647920148235714422e+00 -2.744131751387905549e+00 3.989254693745689639e-01
2.672425123770608479e+00 -2.784851014012477144e+00 3.542604874144202887e-01
2.688540953612597484e+00 -2.817489786923199180e+00 3.087479805193991123e-01
2.694799061527128003e+00 -2.840067843540836634e+00 2.628712457049138251e-01
2.689757686677645587e+00 -2.850589692201566550e+00 2.171219237603139174e-01
2.672473371445666768e+00 -2.847583045156013348e+00 1.719925879493062748e-01
2.643908952193193773e+00 -2.831719870016247587e+00 1.279545980969019059e-01
2.605480180846902805e+00 -2.804234081145508206e+00 8.545736185770258508e-02
2.558576210071705770e+00 -2.766388653242710660e+00 4.493129891025371414e-02
2.504559692093077938e+00 -2.719474069922240833e+00 6.788844181925490773e-03
2.444767418915290147e+00 -2.664806279731078309e+00 -2.857424993292878579e-02
2.380511517602044602e+00 -2.603724170842926178e+00 -6.077732053974749249e-02
2.313081208882978856e+00 -2.537586574593987176e+00 -8.945292504924151622e-02
2.243745139863013716e+00 -2.467768798893389626e+00 -1.142447021976682464e-01
2.173754292769778385e+00 -2.395658693075431778e+00 -1.348049761350825770e-01
2.104409049856309721e+00 -2.322726950342416607e+00 -1.509823502518619076e-01
2.037251550959668922e+00 -2.250749026439018863e+00 -1.633892968611052599e-01
1.973876269698250141e+00 -2.181580642054610664e+00 -1.728274687872587423e-01
1.915873243461106545e+00 -2.117078495055755738e+00 -1.800930550311008460e-01
1.864836480766681515e+00 -2.059094422287674586e+00 -1.859721136749777903e-01
1.822356456885172671e+00 -2.009483245610145019e+00 -1.912445891617320370e-01
1.789982421335332807e+00 -1.970136361296465966e+00 -1.967043858659262012e-01
1.769285320884728119e+00 -1.942929207629263022e+00 -2.031259435473089514e-01
1.761880107557210806e+00 -1.929703464059318474e+00 -2.112529856596763178e-01
1.769429240084954280e+00 -1.932264847974057398e+00 -2.217974360859774063e-01
1.792739056721468494e+00 -1.951365342076642140e+00 -2.351667815090331404e-01
1.829017371559083172e+00 -1.983671634386459104e+00 -2.506673688289313140e-01
1.874539255786686232e+00 -2.024849791150636680e+00 -2.673597492127079978e-01
1.925532386868783252e+00 -2.070597605713854428e+00 -2.843428577098933152e-01
1.978164601337182305e+00 -2.116655715377785185e+00 -3.007598060253064975e-01
2.028534093355451873e+00 -2.158817118186687534e+00 -3.158020739577674929e-01
2.072662242995644721e+00 -2.192935009239137756e+00 -3.287121501955159175e-01
2.106489018398420399e+00 -2.214928866770907501e+00 -3.387846651037114687e-01
2.125870930445020957e+00 -2.220788661045397738e+00 -3.453660794049981386e-01
2.126581482626765496e+00 -2.206577077589612301e+00 -3.478529835294147943e-01
2.105825153241202674e+00 -2.170018738845070239e+00 -3.460025910644895508e-01
2.066833954468885182e+00 -2.115217129278009978e+00 -3.408324864486726447e-01
2.014441479880632269e+00 -2.047797801965224096e+00 -3.336130897783529670e-01
1.953589483797603110e+00 -1.973301610368649150e+00 -3.255451627757193767e-01
1.889327819632275807e+00 -1.897181399612707375e+00 -3.177619399347060836e-01
1.826811251315177298e+00 -1.824801382765467661e+00 -3.113329875221172438e-01
1.771293228512688556e+00 -1.761439331439478506e+00 -3.072697349867291039e-01
1.728116686199034469e+00 -1.712291724017291683e+00 -3.065326325573585198e-01
1.702701983424904419e+00 -1.682481915167101105e+00 -3.100399040153529739e-01
1.700532049879616592e+00 -1.677071402693951718e+00 -3.186778789649430954e-01
1.725248151905183214e+00 -1.699205696839987345e+00 -3.329367199378320263e-01
1.772924181334998961e+00 -1.744567614076363737e+00 -3.518199634050846458e-01
1.837639776150855164e+00 -1.807062582362134684e+00 -3.740201816514392985e-01
1.913366771864608573e+00 -1.880689975215860343e+00 -3.982929785904643638e-01
1.993985193568730718e+00 -1.959530862902872927e+00 -4.234457507615124738e-01
2.073316741558889564e+00 -2.037719581422631876e+00 -4.483154932928914427e-01
2.145194043372943504e+00 -2.109383508108118477e+00 -4.717236744581183028e-01
2.203447256455346448e+00 -2.168655290652560463e+00 -4.924830835051569045e-01
2.241911459329415823e+00 -2.209666156026072414e+00 -5.093917412499164854e-01
2.254445605658411012e+00 -2.226528977289040423e+00 -5.212193745364900321e-01
2.236774182681432244e+00 -2.215090996756588382e+00 -5.270668919431772403e-01
2.191970295113564227e+00 -2.178227776574373831e+00 -5.274819749283274906e-01
2.124972569912753517e+00 -2.120545850255188380e+00 -5.233612743504244547e-01
2.040743717447506711e+00 -2.046629963310599543e+00 -5.155917393733493448e-01
1.944254569693207868e+00 -1.961057631460315642e+00 -5.050618162795316168e-01
1.840469430919297267e+00 -1.868412373875710131e+00 -4.926719913163270514e-01
1.734332704466674979e+00 -1.773295568089644947e+00 -4.793446955858126080e-01
1.630756789501465853e+00 -1.680336877210075297e+00 -4.660335481324254792e-01
1.534611204045241761e+00 -1.594203247332473428e+00 -4.537319558379711570e-01
1.450712924698848827e+00 -1.519606469692591943e+00 -4.434810426314678145e-01
1.382466337501980336e+00 -1.459952053614587353e+00 -4.360537494557601423e-01
1.327830340562089484e+00 -1.413249925166992327e+00 -4.309638916790540231e-01
1.283423984073605029e+00 -1.376146752793212968e+00 -4.273871092180548947e-01
1.245891808606587325e+00 -1.345272639279532001e+00 -4.244719888312318279e-01
1.211910152538266727e+00 -1.317236513407154197e+00 -4.213350319728627058e-01
1.178192595260062481e+00 -1.288622411848179494e+00 -4.170562072441739154e-01
1.141494534836906105e+00 -1.255986621939271908e+00 -4.106751184234457286e-01
1.098616918296749567e+00 -1.215855629275266914e+00 -4.011878237903168110e-01
1.046409100846456885e+00 -1.164724847031807897e+00 -3.875443394997319935e-01
9.817708328273081486e-01 -1.099058076600271994e+00 -3.686468627687989330e-01
9.029106295389995873e-01 -1.016679017879185576e+00 -3.437876251323603860e-01
8.130781668366375836e-01 -9.209696325793270688e-01 -3.140040253772099499e-01
7.167211534919912808e-01 -8.167380941119577464e-01 -2.808314459841833033e-01
6.182149555214598857e-01 -7.088338148446230447e-01 -2.458767465862746193e-01
5.218603768475332805e-01 -6.021472396523747106e-01 -2.108200338203203017e-01
4.318823136389218220e-01 -5.016091080516928979e-01 -1.774155660300774651e-01
3.524294460982197452e-01 -4.121891379362565000e-01 -1.474916651302442538e-01
2.875770863454871207e-01 -3.388930998395054961e-01 -1.229476510525413790e-01
2.413294000349846813e-01 -2.867604609741425392e-01 -1.057511118403641065e-01
2.176220510831355370e-01 -2.608619739920615688e-01 -9.793470839137716211e-02
2.188189328679973344e-01 -2.644892759896994572e-01 -1.009208261146573304e-01
2.412448177900426427e-01 -2.937056257561632688e-01 -1.134560616306617004e-01
2.797934911927078550e-01 -3.427277454285076463e-01 -1.335412086755269345e-01
3.294458204919949451e-01 -4.057295830371785983e-01 -1.590925808070988989e-01
3.852674907763759538e-01 -4.768447060341640120e-01 -1.879449930299365856e-01
4.424056749162010860e-01 -5.501690413528200763e-01 -2.178557310699469340e-01
4.960846174873533854e-01 -6.197639416360268827e-01 -2.465094920541807955e-01
5.416001089429867132e-01 -6.796595633253714741e-01 -2.715242831866762629e-01
5.743128326376738535e-01 -7.238585453659619473e-01 -2.904582588873290683e-01
5.896405677138597534e-01 -7.463399830341338470e-01 -3.008174778666239391e-01
5.844305551826276535e-01 -7.428106956683345752e-01 -3.007603273200767369e-01
5.610609434569868714e-01 -7.159642840638081873e-01 -2.912241605930314670e-01
5.232362616065775462e-01 -6.702654340331278826e-01 -2.738937018013931635e-01
4.746019878270824055e-01 -6.102040669126777006e-01 -2.505085359962165859e-01
4.187500942586436792e-01 -5.402924625409109005e-01 -2.228574761400173021e-01
3.592254775051194060e-01 -4.650621615127982222e-01 -1.927722547199355041e-01
2.995332821519137712e-01 -3.890606377374316027e-01 -1.621205535848054824e-01
2.431471238131859003e-01 -3.168477267082726034e-01 -1.327983827671984363e-01
1.935182102312236474e-01 -2.529917912137642499e-01 -1.067218235934376258e-01
1.540853594954757211e-01 -2.020655994530215771e-01 -8.581814589637887236e-02
1.275052275632850285e-01 -1.676311474162280879e-01 -7.160472881448126659e-02
1.133247116884794625e-01 -1.492017668469858005e-01 -6.394147029622419820e-02
1.103334324437956759e-01 -1.452704057904341262e-01 -6.225588342464976471e-02
1.173435423944151623e-01 -1.543208375931474918e-01 -6.595555614300395442e-02
1.331871780431492236e-01 -1.748287502974321950e-01 -7.443056727229764580e-02
1.567124783703685575e-01 -2.052634020815399252e-01 -8.705699786978149390e-02
1.867753398045047808e-01 -2.440910986130346016e-01 -1.032037660990850203e-01
2.222353449373766776e-01 -2.897768977963441350e-01 -1.222361569968651723e-01
2.619510992019122297e-01 -3.407865640929693130e-01 -1.435197789083034747e-01
3.047754372836308789e-01 -3.955886064413174918e-01 -1.664245954372112202e-01
3.494727055619286649e-01 -4.525419948145748550e-01 -1.902649922639090274e-01
3.944777472644505067e-01 -5.095558939036417545e-01 -2.141139521718748717e-01
4.381258446077737068e-01 -5.644338307219844975e-01 -2.369982980258309446e-01
4.787284562451380454e-01 -6.149889616192536490e-01 -2.579646345298442500e-01
5.145717432911643963e-01 -6.590448252326460699e-01 -2.760807592311533276e-01
5.439161433329686712e-01 -6.944356946215117787e-01 -2.904362401160307527e-01
5.649969822578664314e-01 -7.190065032777014364e-01 -3.001421615206820159e-01
5.760261190725113334e-01 -7.306123140330800236e-01 -3.043300388977027704e-01
5.751946093122126680e-01 -7.271173060913255215e-01 -3.021499057855154269e-01
5.606763776255103693e-01 -7.063932535466936891e-01 -2.927675758664365913e-01
5.314837685250589638e-01 -6.673931553270340267e-01 -2.758145514324293335e-01
4.900430149378954825e-01 -6.133684901467117978e-01 -2.527289436393322375e-01
4.396747070630622756e-01 -5.486278609044602517e-01 -2.253659843066237178e-01
3.837457446610759160e-01 -4.774597772101937809e-01 -1.955415018076275546e-01
3.256656054639720521e-01 -4.041340444665972864e-01 -1.650344837156860756e-01
2.688806360952644692e-01 -3.329041769250233873e-01 -1.355912601018314512e-01
2.168663746820005400e-01 -2.680108688322762056e-01 -1.089312986039232545e-01
1.731179059983883328e-01 -2.136865481398902145e-01 -8.675460161202230847e-02
1.411382487468422209e-01 -1.741610192743750229e-01 -7.075069226229403763e-02
1.244247600125675535e-01 -1.536681889018934877e-01 -6.260917623849436564e-02
1.253126183469573940e-01 -1.550409282454673354e-01 -6.345196065156466503e-02
1.415374731702497835e-01 -1.754783767668378902e-01 -7.210752073663209694e-02
1.696575387267462709e-01 -2.107831699414337845e-01 -8.685592904044241169e-02
2.062044038895757547e-01 -2.567692061709113682e-01 -1.060017709766820776e-01
2.476954671501286898e-01 -3.092553624384857813e-01 -1.278644328273629005e-01
2.906515800324323551e-01 -3.640565966068050607e-01 -1.507644944102162765e-01
3.316268949577914626e-01 -4.169691535553728401e-01 -1.730012075909743430e-01
3.672229796287728165e-01 -4.637639116547891405e-01 -1.928417083052194336e-01
3.941019329838005292e-01 -5.001805746018945786e-01 -2.085110559773755978e-01
4.089994916902754407e-01 -5.219222754124375196e-01 -2.181823891567741813e-01
4.098918784549458461e-01 -5.261423844735392263e-01 -2.206015947832863089e-01
3.994265694287307822e-01 -5.159359278923522085e-01 -2.170109412797416870e-01
3.813707505312271540e-01 -4.959082897455841521e-01 -2.093090790175539950e-01
3.594299922388867752e-01 -4.706958758072400939e-01 -1.994366813533873795e-01
3.372356531643621591e-01 -4.449707551324473265e-01 -1.893858660684655526e-01
3.183348558586861499e-01 -4.234436944075191667e-01 -1.812077066557229998e-01
3.061830834216391906e-01 -4.108656416992860216e-01 -1.770178557018462773e-01
3.041394515929852216e-01 -4.120277344302059608e-01 -1.790003032534451533e-01
3.154647187901741257e-01 -4.317599155917582476e-01 -1.894092985236416060e-01
3.433220970091889201e-01 -4.749282538920629460e-01 -2.105694626123218727e-01
3.894320938529579057e-01 -5.445339536727203944e-01 -2.440121779925365775e-01
4.501064860286872471e-01 -6.359888648981353310e-01 -2.878336170776751857e-01
5.204309382038353471e-01 -7.427548852962836401e-01 -3.391839921333896224e-01
5.956355808705581234e-01 -8.582357996845960679e-01 -3.951135565637681202e-01
6.710942894286191507e-01 -9.757810410440483917e-01 -4.525722915405622770e-01
7.423199182847985966e-01 -1.088690968768664113e+00 -5.084120217727795543e-01
8.049554143055211997e-01 -1.190223526096035211e+00 -5.593909179927717412e-01
8.547607443759197565e-01 -1.273602148055968497e+00 -6.021803501869262831e-01
8.875955832224509123e-01 -1.332024811854258362e+00 -6.333740529608296033e-01
8.993977220943036865e-01 -1.358674143131753942e+00 -6.494995718704362764e-01
8.877136947117112431e-01 -1.349099767406991113e+00 -6.481779095471608132e-01
8.562830219326837966e-01 -1.308357640962484414e+00 -6.316239061352936224e-01
8.102609779561529280e-01 -1.243922898351231821e+00 -6.032959226218609361e-01
7.546634805120735479e-01 -1.163313522893130836e+00 -5.667535878540598260e-01
6.943893715093996111e-01 -1.074079680784600033e+00 -5.256460907297781926e-01
6.342375489508719211e-01 -9.837957435331737832e-01 -4.837032350865780317e-01
5.789156847558809549e-01 -9.000560683125866657e-01 -4.447308968122922757e-01
5.331146768554980708e-01 -8.304461649437284709e-01 -4.125715524204284224e-01
5.015485916223413332e-01 -7.825277851964569376e-01 -3.910832254031433308e-01
4.889782148953124574e-01 -7.638304329916408841e-01 -3.841269202381590309e-01
4.986260148776866519e-01 -7.793462024866050220e-01 -3.942964922283917484e-01
5.273616815317203610e-01 -8.240448672962751298e-01 -4.191219470094305066e-01
5.704772654302415757e-01 -8.903991751041019365e-01 -4.548357045510096897e-01
6.232615928344827916e-01 -9.708966698982619548e-01 -4.976433559610545232e-01
6.809774319577298618e-01 -1.058048186200245544e+00 -5.437359859166319698e-01
7.388433037276854742e-01 -1.144394595980585461e+00 -5.893003568641135281e-01
7.920199385630976030e-01 -1.222511809755002288e+00 -6.305269685603193119e-01
8.356013789338544440e-01 -1.285013995415215771e+00 -6.636160115622161682e-01
8.646107011651974483e-01 -1.324554979305745173e+00 -6.847812094319022380e-01
8.740003296513553233e-01 -1.333827772538049627e+00 -6.902515479143650490e-01
8.602455244504113585e-01 -1.307963571016609094e+00 -6.775111628541630182e-01
8.261568593109467340e-01 -1.251709851767374815e+00 -6.490123815969636167e-01
7.761892096903396654e-01 -1.172183530737826995e+00 -6.084411519480412700e-01
7.148675131394466309e-01 -1.076462160897135201e+00 -5.594714369088759076e-01
6.467873944791092677e-01 -9.715839967661720200e-01 -5.057631564769827781e-01
5.766114720664304860e-01 -8.645499204952071803e-01 -4.509621417515225494e-01
5.090613747179740800e-01 -7.623272841893056206e-01 -3.987021096046126645e-01
4.489054860563104765e-01 -6.718557170366935560e-01 -3.526086627512137195e-01
4.009424420159678482e-01 -6.000549124822783797e-01 -3.163053257106854810e-01
3.699803831302686530e-01 -5.538343983497129308e-01 -2.934216197271776183e-01
3.595084021471875446e-01 -5.382048287364422645e-01 -2.866025546802591362e-01
3.677576194970288426e-01 -5.505931479563671571e-01 -2.945125563759058429e-01
3.915988098956687535e-01 -5.865551063724414593e-01 -3.148325084670544061e-01
4.278520530553794332e-01 -6.416729394265913156e-01 -3.452567972093610327e-01
4.732972038654721381e-01 -7.115497223101705515e-01 -3.834892890177297176e-01
5.246942394618691052e-01 -7.917997266308540727e-01 -4.272340849283135511e-01
5.788269502858555127e-01 -8.780300618841142546e-01 -4.741738248572937020e-01
6.325114236545734681e-01 -9.658356301335259131e-01 -5.219674350320779865e-01
6.826101963174521225e-01 -1.050792124089500401e+00 -5.682450949179392863e-01
7.260503019292144922e-01 -1.128447851570856919e+00 -6.106014305080971205e-01
7.604417858796675977e-01 -1.195181390988050874e+00 -6.470041788485818568e-01
7.858715724735519936e-01 -1.250802386311386405e+00 -6.770460310940427107e-01
8.030534462861422806e-01 -1.295977392623816504e+00 -7.007257270691847895e-01
8.127152450861570010e-01 -1.331370647968671106e+00 -7.180396486675225676e-01
8.155946676836558495e-01 -1.357646635700708648e+00 -7.289841259841739474e-01
8.124353351072233220e-01 -1.375472345170303701e+00 -7.335575126977531557e-01
8.039831045257400666e-01 -1.385519222322269872e+00 -7.317620274412726111e-01
7.909826302949045651e-01 -1.388464810498563073e+00 -7.236053568856182228e-01
7.741741821968638471e-01 -1.384994075797899571e+00 -7.091020187504851746e-01
7.542907255571728031e-01 -1.375800419808079322e+00 -6.882744817278446670e-01
7.320594968976378292e-01 -1.361636356408886028e+00 -6.613460425259323205e-01
7.082078719609616879e-01 -1.343462283295473458e+00 -6.293179541836668722e-01
6.834406548979289342e-01 -1.322294297333741930e+00 -5.933945293505551444e-01
6.584327102498281903e-01 -1.299154484962117051e+00 -5.547910788658417802e-01
6.338274378185169144e-01 -1.275071585759156134e+00 -5.147334008434097941e-01
6.102357831245479591e-01 -1.251081666777231316e+00 -4.744569563246162636e-01
5.882357871339906064e-01 -1.228228831295242740e+00 -4.352057349324124913e-01
5.683726868109744146e-01 -1.207565981361914620e+00 -3.982308150025437588e-01
5.511595627019625354e-01 -1.190155660870168219e+00 -3.647886212541407991e-01
5.370785392565511351e-01 -1.177070999577386479e+00 -3.361388827360763942e-01
5.264197912948481717e-01 -1.169210684154375013e+00 -3.132408133324107169e-01
5.188065670447818967e-01 -1.166735196356723625e+00 -2.958442668433634015e-01
5.137046918640670867e-01 -1.169614012236197986e+00 -2.833893049657469909e-01
5.105894292352862740e-01 -1.177809920295548096e+00 -2.753066085014039266e-01
5.089466977357249844e-01 -1.191278900522498185e+00 -2.710170306286531217e-01
5.082674403512746908e-01 -1.209971485409019998e+00 -2.699375699355356928e-01
5.080273197202250790e-01 -1.233836968341465834e+00 -2.715009825446890734e-01
5.077053288105428663e-01 -1.262818777820742033e+00 -2.751387156125251754e-01
5.067895347956385965e-01 -1.296852513123295969e+00 -2.802760164726922909e-01
5.047762248596624479e-01 -1.335865450399581489e+00 -2.863332428019860210e-01
5.011420120466740791e-01 -1.379298708208887891e+00 -2.927916387419394195e-01
4.952732430866466640e-01 -1.424674993080555341e+00 -2.993952665527997437e-01
4.865645766668516559e-01 -1.469031630996259663e+00 -3.059727842647949614e-01
4.744450720753213835e-01 -1.509398687847632203e+00 -3.123782130134619139e-01
4.583749098903191488e-01 -1.542799514534909155e+00 -3.184934654712433533e-01
4.378428308105052347e-01 -1.566251181417570137e+00 -3.242297821436703753e-01
4.123643032047015211e-01 -1.576764802353161077e+00 -3.295280773529381535e-01
3.814804046168883134e-01 -1.571345751134731739e+00 -3.343582001972520978e-01
3.447574454022521162e-01 -1.546993760048749778e+00 -3.387171066555628718e-01
3.017873376497601789e-01 -1.500702896466263647e+00 -3.426259448062812241e-01
2.526343237372226658e-01 -1.430669375140846133e+00 -3.460237646777539200e-01
1.991505802811711079e-01 -1.339922061516165552e+00 -3.484378524934833576e-01
1.436015208249401265e-01 -1.232710318200984423e+00 -3.492554868474304630e-01
8.821658214970881651e-02 -1.113297608040740849e+00 -3.478202911576782075e-01
3.519033345677889668e-02 -9.859620700966625906e-01 -3.434323894117834453e-01
-1.331752345945527022e-02 -8.549979323113960916e-01 -3.353500752548390640e-01
-5.518327687444238988e-02 -7.247177653970990896e-01 -3.227929950517383073e-01
-8.832145696125714984e-02 -5.994555704300579269e-01 -3.049468661494358357e-01
-1.106882396222837045e-01 -4.835707022989195192e-01 -2.809697122836664063e-01
-1.202860138530117418e-01 -3.814526130287729244e-01 -2.499996344733416143e-01
-1.160517562233960992e-01 -2.964841062478305034e-01 -2.117707927774251653e-01
-1.004869797299017264e-01 -2.279018760602810056e-01 -1.684472547361889894e-01
-7.696988726760325972e-02 -1.738898539703389590e-01 -1.228152779730180694e-01
-4.886463837184110842e-02 -1.326081505596600207e-01 -7.767837089442056198e-02
-1.951817101866623258e-02 -1.021820359522443017e-01 -3.585701655198243049e-02
7.744107537677772171e-03 -8.068905202793477671e-02 -1.872071056847057768e-04
2.962395871191284696e-02 -6.614193512178342949e-02 2.648174822797381284e-02
4.285443843874092718e-02 -5.647155360534726609e-02 4.128741656698103890e-02
4.420527988279114584e-02 -4.951739520950382972e-02 4.135875046491262891e-02
3.048788476436820397e-02 -4.302128866808510588e-02 2.382133437399881759e-02
-4.136550443626972411e-04 -3.468406286791071019e-02 -1.310485680812305959e-02
-4.646653902702761740e-02 -2.239915416344782917e-02 -6.681808439006822753e-02
-1.045843398912688488e-01 -4.171865049150014215e-03 -1.336009574718068360e-01
-1.716590244475920679e-01 2.191449411168869266e-02 -2.097081132251472912e-01
-2.445644963118206727e-01 5.768723114553994669e-02 -2.913635698487971881e-01
-3.201603445103591294e-01 1.048756026561109000e-01 -3.747594854024745015e-01
-3.952957270974218340e-01 1.651048772461229663e-01 -4.560562760166130269e-01
-4.668133117812033328e-01 2.398931608089653889e-01 -5.313840388608033205e-01
-5.315531950665001171e-01 3.306510107133344700e-01 -5.968452164202321386e-01
-5.863567218616667631e-01 4.386838628332676016e-01 -6.485184335459092120e-01
-6.286981721788240662e-01 5.639838196745842192e-01 -6.833750559474738306e-01
-6.586036291652547225e-01 7.016371752364647385e-01 -7.020517108556123542e-01
-6.768206429901685306e-01 8.455429663402627138e-01 -7.061745989401138068e-01
-6.841916983770933713e-01 9.896418765893522096e-01 -6.974554571627482602e-01
-6.816458664275671930e-01 1.127920105034412535e+00 -6.776882961439925079e-01
-6.701887897454343879e-01 1.254411894409134476e+00 -6.487433101739125130e-01
-6.508910494463435725e-01 1.363200639230808697e+00 -6.125579801280042203e-01
-6.248749456423150495e-01 1.448418513064688273e+00 -5.711254029747605543e-01
-5.932997300366723570e-01 1.504244575008415907e+00 -5.264798704415023511e-01
-5.573453167710974432e-01 1.524901340459328125e+00 -4.806797235361618403e-01
-5.181797705398955012e-01 1.506614073295973633e+00 -4.355297759887452047e-01
-4.768682168536866328e-01 1.453494415512546656e+00 -3.917662097908826135e-01
-4.343626373461021983e-01 1.371636860419044979e+00 -3.497859944013083089e-01
-3.915205889256817562e-01 1.267149455242496003e+00 -3.099070864598138519e-01
-3.491197162525588871e-01 1.146149713806830617e+00 -2.723799689604192165e-01
-3.078682824394626261e-01 1.014763788023116620e+00 -2.373959464298608379e-01
-2.684121383869152444e-01 8.791286736736692031e-01 -2.050926356495303415e-01
-2.313844344203180303e-01 7.453732677287041586e-01 -1.756024421030301097e-01
-1.974329931912324199e-01 6.196120059242258282e-01 -1.490794349326019508e-01
-1.672382050385043117e-01 5.079428382485078330e-01 -1.257167235231550217e-01
-1.413310580081023615e-01 4.150950154274775095e-01 -1.056640647042025871e-01
-1.194991539543500958e-01 3.403798241782381440e-01 -8.873013120397331421e-02
-1.013591640744531952e-01 2.817475158184747364e-01 -7.464732083887659631e-02
-8.654422598857791638e-02 2.371407917458047687e-01 -6.315855970258844876e-02
-7.469650564950716665e-02 2.044972488904217289e-01 -5.401059498438749717e-02
-6.546042156072358342e-02 1.817516641972337088e-01 -4.694796596122863264e-02
-5.847653511069651061e-02 1.668381389545949833e-01 -4.170766075473333889e-02
-5.337610843180640857e-02 1.576921152270847615e-01 -3.801446372822224473e-02
-4.977633749652313200e-02 1.522522663164318224e-01 -3.557699381436860847e-02
-4.727626366117938794e-02 1.484622571196643759e-01 -3.408443231980809451e-02
-4.559305081312596541e-02 1.448865333251013188e-01 -3.329890998259369544e-02
-4.499367434668154891e-02 1.425483441916969296e-01 -3.335334208221253649e-02
-4.590214994572065776e-02 1.430775491094106455e-01 -3.449207252204493368e-02
-4.876461526255614076e-02 1.480946453367559812e-01 -3.698016697715761358e-02
-5.404988244327022656e-02 1.592104535746153016e-01 -4.110358251307433958e-02
-6.224944021079399648e-02 1.780260069925200805e-01 -4.716883612298397588e-02
-7.387690444201615303e-02 2.061326681354669066e-01 -5.550218390293933102e-02
-8.946691966202684199e-02 2.451124977967238938e-01 -6.644832042378208403e-02
-1.095735103573552693e-01 2.965388998847756086e-01 -8.036861068444059453e-02
-1.347678836545619929e-01 3.619775647079237491e-01 -9.763886482330860761e-02
-1.653763615209816462e-01 4.422110888725707678e-01 -1.184609843884058822e-01
-2.006786262264146359e-01 5.349217010658652294e-01 -1.422854800638507500e-01
-2.396479307918796542e-01 6.370417765765234996e-01 -1.683366950708704013e-01
-2.812058740422316294e-01 7.455335060050964913e-01 -1.957951877635044080e-01
-3.242242090152749889e-01 8.573884061856844596e-01 -2.237997754022258423e-01
-3.675313208424857425e-01 9.696238519735254080e-01 -2.514537067215897315e-01
-4.099301920288994094e-01 1.079272391355047933e+00 -2.778412865949795862e-01
-4.501976065838194652e-01 1.183382579157190362e+00 -3.020270532890474424e-01
-4.870853855790755471e-01 1.279018473232570452e+00 -3.230566632931628490e-01
-5.193240904148423986e-01 1.363257548453288059e+00 -3.399599160878737925e-01
-5.458868900965752058e-01 1.433777852093280014e+00 -3.519888378136910023e-01
-5.667841609335414477e-01 1.490616029514015617e+00 -3.593341142228840823e-01
-5.823004710078784063e-01 1.534386451535262097e+00 -3.624327490920100647e-01
-5.927351878051112521e-01 1.565691328835938645e+00 -3.617333646231645217e-01
-5.984009270724935936e-01 1.585121941351486985e+00 -3.576949706121613781e-01
-5.996220845003399358e-01 1.593259799704589863e+00 -3.507858217163404291e-01
-5.967334468878654485e-01 1.590677733568818697e+00 -3.414823600955088079e-01
-5.900789020553705022e-01 1.577940898369273981e+00 -3.302682208264695607e-01
-5.800102265804688573e-01 1.555607699283367396e+00 -3.176333142591523107e-01
-5.668859526317288067e-01 1.524230628339529048e+00 -3.040729800747754563e-01
-5.511487066565814441e-01 1.484700461095383339e+00 -2.900492742669802948e-01
-5.335631896775157035e-01 1.439276722475589576e+00 -2.758792417456024104e-01
-5.149863034123076666e-01 1.390556942701210996e+00 -2.618526577759144880e-01
-4.962880982506766014e-01 1.341133594706608090e+00 -2.482696008391114262e-01
-4.783503491899377957e-01 1.293594538278660888e+00 -2.354396890649373963e-01
-4.620653616861274404e-01 1.250523362195973043e+00 -2.236816508835317019e-01
-4.483350077205144890e-01 1.214499619462235946e+00 -2.133232270022054622e-01
-4.380699800680070699e-01 1.188098953412906500e+00 -2.047014140095723689e-01
-4.321892763448573760e-01 1.173893108538520691e+00 -1.981630352140258955e-01
-4.316199097621242764e-01 1.174449822547896538e+00 -1.940656398225684698e-01
-4.369442513628151170e-01 1.191333029464306081e+00 -1.926417771874431306e-01
-4.473349137282533472e-01 1.222107704976561404e+00 -1.935810568959939748e-01
-4.616000418813853701e-01 1.263344874246206784e+00 -1.964267698948339858e-01
-4.785349655266530333e-01 1.311621852708729552e+00 -2.007103785021732700e-01
-4.969228963426446377e-01 1.363522159014283641e+00 -2.059506989004135091e-01
-5.155340030190667111e-01 1.415636509997087344e+00 -2.116498118353341007e-01
-5.331211989554319741e-01 1.464566025318122300e+00 -2.172820667918497484e-01
-5.484234672134664645e-01 1.506920257053471435e+00 -2.222994609931379650e-01
-5.601671465882808176e-01 1.539316655855604843e+00 -2.261329357812424945e-01
-5.670660697734664080e-01 1.558380807546948965e+00 -2.281914335786311421e-01
-5.682267513279795068e-01 1.561836642756482707e+00 -2.280308110077814976e-01
-5.643714520999491002e-01 1.551771501978161716e+00 -2.258750618364755436e-01
-5.566373683644519899e-01 1.531357202314453492e+00 -2.221313985981784866e-01
-5.461736524380935709e-01 1.503758572341480360e+00 -2.172252541560543704e-01
-5.341412944720920208e-01 1.472133251480057137e+00 -2.116011975985157001e-01
-5.217129305729441002e-01 1.439631564808944830e+00 -2.057234883919593638e-01
-5.100725788777652481e-01 1.409396477248703317e+00 -2.000762689521473625e-01
-5.004153017060664066e-01 1.384563631298281416e+00 -1.951634034232068715e-01
-4.939467985274139106e-01 1.368261472137351831e+00 -1.915079561604588476e-01
-4.918829306098044252e-01 1.363611463969672810e+00 -1.896513118585998470e-01
-4.951633298280381790e-01 1.373030962679882894e+00 -1.900274703840403312e-01
-5.035888170926601237e-01 1.396144551080803486e+00 -1.925800997604844578e-01
-5.166708586142987336e-01 1.431882317527436443e+00 -1.971208569332077998e-01
-5.339163190512220547e-01 1.479178177829640894e+00 -2.034514503589371359e-01
-5.548275313370590878e-01 1.536969889761096164e+00 -2.113634108541891932e-01
-5.789023906820445209e-01 1.604199027113327958e+00 -2.206379820325707342e-01
-6.056344727775933023e-01 1.679810911414849617e+00 -2.310461301292354719e-01
-6.345131726471703315e-01 1.762754501057885337e+00 -2.423486713599277698e-01
-6.650238664043266468e-01 1.851982235218517792e+00 -2.542965177644569419e-01
-6.966480951668844179e-01 1.946449831394445829e+00 -2.666310411019033877e-01
-7.287686393414407604e-01 2.044674836359498649e+00 -2.790606251307684582e-01
-7.603819272156969733e-01 2.143413291102350016e+00 -2.911873404793791087e-01
-7.903797873233155968e-01 2.238984009042434664e+00 -3.025768958569124978e-01
-8.176449531934358861e-01 2.327709292987207856e+00 -3.127855156996863784e-01
-8.410521341591093991e-01 2.405914156419562744e+00 -3.213639615124883608e-01
-8.594693368849658510e-01 2.469924990524643427e+00 -3.278650395072535417e-01
-8.717596240663612051e-01 2.516067168726322301e+00 -3.318581423922905005e-01
-8.767818023885413092e-01 2.540665482002832931e+00 -3.329254645037121874e-01
-8.733914739586989828e-01 2.540043794087306406e+00 -3.306629425132842082e-01
-8.604423083411683049e-01 2.510524256369595975e+00 -3.246839453552650134e-01
-8.373499602033497302e-01 2.450212220309528455e+00 -3.148363204752470113e-01
-8.057859512861683671e-01 2.364351851089253387e+00 -3.018405144279778796e-01
-7.679978326448588799e-01 2.259968001810538141e+00 -2.866373056486709592e-01
-7.262457001966717840e-01 2.144081852873272798e+00 -2.701657316389409758e-01
-6.827999077912085824e-01 2.023712591265848904e+00 -2.533556366414997374e-01
-6.399387049630099744e-01 1.905879068565188739e+00 -2.371204629941772168e-01
-5.999457950946768259e-01 1.797601431416551820e+00 -2.223502843334279611e-01
-5.651078126396523738e-01 1.705902717635522370e+00 -2.099050809847443633e-01
-5.377117101087803830e-01 1.637810414757779220e+00 -2.006082546086492280e-01
-5.200420496363246103e-01 1.600357976663237647e+00 -1.952403821008332763e-01
-5.135989918387646735e-01 1.598118611764469899e+00 -1.942311002031342215e-01
-5.167586595594072518e-01 1.625800269751072058e+00 -1.967738330359249943e-01
-5.271118114262749454e-01 1.675642421931538895e+00 -2.017791998164820688e-01
-5.422457968388070260e-01 1.739881222546110662e+00 -2.081903116415586563e-01
-5.597475145323302925e-01 1.810747836149521506e+00 -2.149896459595901366e-01
-5.772064853278413565e-01 1.880466822279175387e+00 -2.212056466661367349e-01
-5.922180485499677349e-01 1.941254579333638874e+00 -2.259190477016456144e-01
-6.023866815912467532e-01 1.985317851469192263e+00 -2.282689233289683095e-01
-6.053294593126321566e-01 2.004852297711715359e+00 -2.274584580363532282e-01
-5.986796617856078306e-01 1.992041124042560396e+00 -2.227604332926053088e-01
-5.809196412370797313e-01 1.941807120207965420e+00 -2.138117155194640961e-01
-5.538613926759985429e-01 1.860079004774671141e+00 -2.014391576469740652e-01
-5.201413788375703895e-01 1.755545743023621652e+00 -1.867094884781430597e-01
-4.823853096242622929e-01 1.636906847604603144e+00 -1.706225388653266339e-01
-4.432040144738447762e-01 1.512873847327221188e+00 -1.541051899925937052e-01
-4.051893343278689663e-01 1.392171600392644759e+00 -1.380059225627650044e-01
-3.709101426659189293e-01 1.283539420925540631e+00 -1.230900399286143920e-01
-3.429069447597258846e-01 1.195732663282220054e+00 -1.100335814615103769e-01
-3.236870291293085788e-01 1.137523899277937067e+00 -9.941867093525208476e-02
-3.157198378030655617e-01 1.117703858203180411e+00 -9.172974810011552682e-02
-3.205956874691590630e-01 1.142150991052411246e+00 -8.712535012402783385e-02
-3.365345834510627965e-01 1.205027059025014502e+00 -8.482276399241589493e-02
-3.609366475441975197e-01 1.297550798365374680e+00 -8.388300454184571819e-02
-3.912288774721939255e-01 1.410925320583052756e+00 -8.345557845667500585e-02
-4.248698939787376450e-01 1.536337149516397771e+00 -8.278247842668995382e-02
-4.593546838798674981e-01 1.664955388781095058e+00 -8.120162609095082917e-02
-4.922193242031548399e-01 1.787931016649789484e+00 -7.814976454217026358e-02
-5.210456667679730369e-01 1.896396305662982451e+00 -7.316481621778514466e-02
-5.434659690285758016e-01 1.981464362991325334e+00 -6.588770271925037392e-02
-5.571674529343154658e-01 2.034228787513343573e+00 -5.606363340226871994e-02
-5.605218928698820768e-01 2.048157549827369195e+00 -4.369133200256269944e-02
-5.544368789925758767e-01 2.026286375655203642e+00 -2.941372048077262047e-02
-5.404314275140429391e-01 1.974055188402572547e+00 -1.397554932464539768e-02
-5.200010324413930629e-01 1.896916815015984081e+00 1.940221571013367452e-03
-4.946146774428794024e-01 1.800337266977738437e+00 1.771359551221052264e-02
-4.657118673833597899e-01 1.689795949845214418e+00 3.278840223773593632e-02
-4.346996912111120714e-01 1.570785804039035227e+00 4.667285652784247674e-02
-4.029499260375718483e-01 1.448813379878097107e+00 5.893982913240480848e-02
-3.717961956783146782e-01 1.329398849298426333e+00 6.922682398030605144e-02
-3.425311943969785999e-01 1.218075957596363335e+00 7.723567106362344559e-02
-3.161917598122411799e-01 1.119365317585346631e+00 8.284657472106593534e-02
-2.929352975147749283e-01 1.033688621455312262e+00 8.643818538327124879e-02
-2.727029167937845000e-01 9.604382497456588341e-01 8.850275872122642662e-02
-2.554361961333661002e-01 8.990024046457978368e-01 8.952534020975605467e-02
-2.410780044222777529e-01 8.487650770385919419e-01 8.998337279198975747e-02
-2.295736516579534037e-01 8.091059495416980107e-01 9.034634076368708300e-02
-2.208724900011410086e-01 7.794001976983092606e-01 9.107547752139519281e-02
-2.149279243107305726e-01 7.590187873683199582e-01 9.262335365162144285e-02
-2.116982462974293100e-01 7.473285558430167175e-01 9.543355596158109577e-02
-2.111476547266345483e-01 7.436922544063208074e-01 9.994044941324151110e-02
-2.131183455173953079e-01 7.472140387750245694e-01 1.064105354533353698e-01
-2.169482542348304677e-01 7.559769595387551000e-01 1.144623889519522375e-01
-2.218635137592404605e-01 7.678089010019416571e-01 1.235345340982953455e-01
-2.271077064696961079e-01 7.805375286966488302e-01 1.330438985059269330e-01
-2.319413262176809598e-01 7.919903370731862235e-01 1.423870983769017218e-01
-2.356411289050413804e-01 7.999946839583899072e-01 1.509418187491321228e-01
-2.374993766660153938e-01 8.023778074780825165e-01 1.580682913818339530e-01
-2.368229760936622075e-01 7.969668211667629842e-01 1.631108809568852236e-01
-2.329325183021451751e-01 7.815886837733061476e-01 1.653997757911277733e-01
-2.251612241793185254e-01 7.540701406949112950e-01 1.642527869100984250e-01
-2.131423998762388416e-01 7.131316773321335623e-01 1.592203198572474943e-01
-1.976622879166470004e-01 6.610698393205891588e-01 1.508286052969239621e-01
-1.797737089537185806e-01 6.010758919851778570e-01 1.398717720541209075e-01
-1.605057542206014543e-01 5.363419223040226669e-01 1.271696656548298998e-01
-1.408652497590149877e-01 4.700608305264428743e-01 1.135653066311169274e-01
-1.218383717277491396e-01 4.054263622588480942e-01 9.992217560296978718e-02
-1.043924088297204650e-01 3.456331835464558355e-01 8.712132126069287164e-02
-8.947766843574349316e-02 2.938770004115422996e-01 7.605828827787249058e-02
-7.802952428991068168e-02 2.533547234454897046e-01 6.763986119374024164e-02
-7.097060419038836443e-02 2.272646767543429203e-01 6.278062194562802900e-02
-6.898305207577712372e-02 2.179958172648601700e-01 6.220176555286312942e-02
-7.182789022922059230e-02 2.246941118747151911e-01 6.582974067942573559e-02
-7.904862644963796259e-02 2.456944099253776381e-01 7.337885015446227177e-02
-9.020232897836691355e-02 2.793313474219979442e-01 8.454879752027694151e-02
-1.048585981691460556e-01 3.239393884182509842e-01 9.902628030631221989e-02
-1.225983268039884944e-01 3.778526987190115038e-01 1.164872901134893640e-01
-1.430120012439452526e-01 4.394045038011287208e-01 1.366014715874654950e-01
-1.656984901836337232e-01 5.069270567725908672e-01 1.590338534692761208e-01
-1.902637349624828611e-01 5.787515410822546835e-01 1.834468101490016601e-01
-2.163193584801478830e-01 6.532079026618705653e-01 2.095022289252086167e-01
-2.435906708571272117e-01 7.288932127636321701e-01 2.369975582222593746e-01
-2.722428992343692289e-01 8.054776924571103169e-01 2.662691686189053719e-01
-3.025510437341463188e-01 8.829002505181151594e-01 2.977897587558263615e-01
-3.347898896389012169e-01 9.611001642675232048e-01 3.320344094861729101e-01
-3.692336487650081378e-01 1.040017066992096728e+00 3.694808523848388537e-01
-4.061556365260063362e-01 1.119590864153955811e+00 4.106097078439459036e-01
-4.458279834782383766e-01 1.199761578672316142e+00 4.559046934686692421e-01
-4.885213863544142776e-01 1.280469124491949273e+00 5.058527999379281992e-01
-5.345048943971179023e-01 1.361653008879072813e+00 5.609444369000452513e-01
-5.840457309179205581e-01 1.443251963145443906e+00 6.216735491620731802e-01
-6.371351118185644147e-01 1.524949144095128828e+00 6.881689610716132943e-01
-6.926662759278336967e-01 1.605407339679429501e+00 7.590888101055621728e-01
-7.492568110198862819e-01 1.683029902296222957e+00 8.327276848226443651e-01
-8.055222400478471156e-01 1.756215452189040072e+00 9.073850025458415347e-01
-8.600753710480829595e-01 1.823358820017423554e+00 9.813643010974731906e-01
-9.115255450974741880e-01 1.882852246487210834e+00 1.052972370165443428e+00
-9.584777869031031461e-01 1.933086839310556915e+00 1.120518218807861288e+00
-9.995318522536289496e-01 1.972454285602363910e+00 1.182311889310396325e+00
-1.033281182822796573e+00 1.999348822129654257e+00 1.236663106636077369e+00
-1.058311771706355264e+00 2.012169464323390500e+00 1.281879763822069140e+00
-1.073554610369976681e+00 2.009799158528788876e+00 1.316612299684817966e+00
-1.079348963212203749e+00 1.993035018538675818e+00 1.340889739386434076e+00
-1.076387282280172775e+00 1.963155590715092824e+00 1.355080011634433035e+00
-1.065363144217059022e+00 1.921443659946292515e+00 1.359543821980939704e+00
-1.046972061866686676e+00 1.869186127913616158e+00 1.354634889269473952e+00
-1.021909893378326162e+00 1.807677311202713799e+00 1.340697503452582096e+00
-9.908670580875948986e-01 1.738228569156669012e+00 1.318059453881371912e+00
-9.545379675477879688e-01 1.662156111401432934e+00 1.287043069488581715e+00
-9.136249526324756731e-01 1.580775982575607586e+00 1.247969574447441943e+00
-8.688394998741063580e-01 1.495402684057390408e+00 1.201160338298163044e+00
-8.209811292486917100e-01 1.407450704034155509e+00 1.147236058991765617e+00
-7.711716060855453581e-01 1.318740114767262606e+00 1.088012433680400459e+00
-7.206221943223648507e-01 1.231183599384370719e+00 1.025608332483339824e+00
-6.705565829933697319e-01 1.146681062891584446e+00 9.621492104821431912e-01
-6.222114008588236489e-01 1.067117660523676959e+00 8.997682523545803557e-01
-5.768364817529866295e-01 9.943621117417461575e-01 8.406073815709682595e-01
-5.356948845390432368e-01 9.302653033185530607e-01 7.868181332297232711e-01
-5.000626695275323108e-01 8.766591805845379559e-01 7.405623971376134040e-01
-4.712284386295769734e-01 8.353559358475869390e-01 7.040130231370550495e-01
-4.504926434052641260e-01 8.081474968136329595e-01 6.793542908643919187e-01
-4.386706941378343827e-01 7.959659390918070176e-01 6.679719164069628512e-01
-4.345932971017241186e-01 7.963787559686538176e-01 6.680150001527560555e-01
-4.365750343698283076e-01 8.061312065277824734e-01 6.768136604264093359e-01
-4.429076760180612471e-01 8.219904493497701692e-01 6.916861837887325892e-01
-4.518606146875074892e-01 8.407466573245622188e-01 7.099378019173401277e-01
-4.616816907142918258e-01 8.592137331146701973e-01 7.288596982678932079e-01
-4.705984006414857812e-01 8.742296186767264388e-01 7.457282442183806870e-01
-4.768194879077088388e-01 8.826561953372925595e-01 7.578044570957617188e-01
-4.785369049241678940e-01 8.813787664107208819e-01 7.623336842956303094e-01
-4.739281410918224080e-01 8.673051173562833505e-01 7.565455113210225457e-01
-4.617854609307690539e-01 8.385832802657671170e-01 7.386486940113429212e-01
-4.434106664653622576e-01 7.982418060717949571e-01 7.108275559250795128e-01
-4.207569453907036294e-01 7.505042145705678180e-01 6.762780120211107082e-01
-3.958026865382368031e-01 6.995665807383274482e-01 6.382157993492286741e-01
-3.705481447304874165e-01 6.495988555833254186e-01 5.998764353040131336e-01
-3.470132236392278746e-01 6.047458845259920945e-01 5.645147597825296293e-01
-3.272372497418424286e-01 5.691276801158418053e-01 5.354039993005642595e-01
-3.132690604484243413e-01 5.468449149045803148e-01 5.158352717874242765e-01
-3.071625586660113316e-01 5.419820774096711924e-01 5.091163946211252345e-01
-3.109748824064580419e-01 5.586096459531323388e-01 5.185701991936272348e-01
-3.261578557329837258e-01 5.993351401016925317e-01 5.465552811470565375e-01
-3.517284104581976378e-01 6.609617086104714323e-01 5.915216083275678383e-01
-3.860812805750037935e-01 7.388586848011893249e-01 6.509230619686855457e-01
-4.275985099178445936e-01 8.284134528496400751e-01 7.221929085202676291e-01
-4.746525853564305120e-01 9.250296346298354511e-01 8.027451189493841621e-01
-5.256087966214073592e-01 1.024125332673953892e+00 8.899760306751121064e-01
-5.788268219487414656e-01 1.121131434039573715e+00 9.812663504249919955e-01
-6.326615491939268088e-01 1.211489975077125081e+00 1.073983495404078781e+00
-6.854631274474791702e-01 1.290652572884642080e+00 1.165484272148639810e+00
-7.355762507313374776e-01 1.354078926512861214e+00 1.253117892205532380e+00
-7.817829783068437344e-01 1.398728373964811755e+00 1.334667664339204807e+00
-8.246419340368076334e-01 1.427533995341957906e+00 1.409672602856242962e+00
-8.651682948877756907e-01 1.444917047162443069e+00 1.478118590105363950e+00
-9.043904578536696715e-01 1.455293103625990181e+00 1.539998534670030672e+00
-9.433494251380026840e-01 1.463071950547590871e+00 1.595309532945260234e+00
-9.830987008562317442e-01 1.472657362944163051e+00 1.644049747553165242e+00
-1.024704697876917425e+00 1.488446760357735377e+00 1.686215002366046711e+00
-1.069247638261769939e+00 1.514830744111578031e+00 1.721795092936228677e+00
-1.117822955524412798e+00 1.556192502437346414e+00 1.750769811512917995e+00
-1.171543191434480269e+00 1.616907077726192021e+00 1.773104684665683051e+00
-1.230907778410643028e+00 1.699641879421329493e+00 1.788659328857645558e+00
-1.293893048606200580e+00 1.800265291190764616e+00 1.796930754913428130e+00
-1.357823836910325710e+00 1.912951143334669313e+00 1.797331335870030022e+00
-1.419999193231583412e+00 2.031879320771558195e+00 1.789284574106223547e+00
-1.477688363717484687e+00 2.151237030112971738e+00 1.772232510681820195e+00
-1.528119611946341605e+00 2.265222297570425702e+00 1.745646885566198181e+00
-1.568454961237202738e+00 2.368052039973370437e+00 1.709047965260757751e+00
-1.595804052018293451e+00 2.453959113155220084e+00 1.662004257005129881e+00
-1.607226886525569221e+00 2.517192156424265193e+00 1.604137003006772089e+00
-1.599730666070525942e+00 2.552017149304595556e+00 1.535127487223323595e+00
-1.571449823287440539e+00 2.554708737181996980e+00 1.455270851514703923e+00
-1.525227644106226688e+00 2.529509933806022737e+00 1.367086568885141906e+00
-1.465132171231054992e+00 2.482643619838297511e+00 1.273613540485493356e+00
-1.395288771284443730e+00 2.420319304565581309e+00 1.177845236261944262e+00
-1.319886344320774230e+00 2.348732492780569281e+00 1.082720212155508177e+00
-1.243182750187669772e+00 2.274064184480362183e+00 9.911130136826841186e-01
-1.169509458602148388e+00 2.202480501838901095e+00 9.058254770089764207e-01
-1.103275426656636471e+00 2.140132444007815327e+00 8.295784347283221560e-01
-1.048970222813007114e+00 2.093155759760336743e+00 7.650038439998902984e-01
-1.011166409515261488e+00 2.067670936859682840e+00 7.146373506393439712e-01
-9.932641952998331192e-01 2.068053615711110460e+00 6.800774754366019081e-01
-9.936755136987323045e-01 2.091753406387837355e+00 6.595301094919027163e-01
-1.009514109611019173e+00 2.134497123799859786e+00 6.504014439917290558e-01
-1.037838505751438101e+00 2.192020389707215244e+00 6.501502246060545387e-01
-1.075649658926619345e+00 2.260067282370787911e+00 6.562932579425000412e-01
-1.119889197265287795e+00 2.334389888621885234e+00 6.664106052223912613e-01
-1.167438227234901982e+00 2.410747757253753232e+00 6.781504504958636437e-01
-1.215116678772786285e+00 2.484907257151694804e+00 6.892336460304387957e-01
-1.259683188887638083e+00 2.552640834599867237e+00 6.974579128598381583e-01
-1.297835505474034257e+00 2.609726167961290866e+00 7.007016881540784059e-01
-1.327115125604326540e+00 2.653236434603179816e+00 6.974759600888122968e-01
-1.348654363009200496e+00 2.685409234395045530e+00 6.885241338113990972e-01
-1.364526400014432372e+00 2.709765741906897674e+00 6.750924090644018216e-01
-1.376850293920820922e+00 2.729818497881474126e+00 6.583662528018819904e-01
-1.387790761968615394e+00 2.749071483449201381e+00 6.394672203767400864e-01
-1.399558712994324106e+00 2.771019036907456989e+00 6.194529963283781360e-01
-1.414413431701507795e+00 2.799142653294830474e+00 5.993239573861482983e-01
-1.434658193803450388e+00 2.836915109138670399e+00 5.800125598526844062e-01
-1.462638094241116571e+00 2.887801725539690612e+00 5.623789752854109203e-01
-1.500738894935477852e+00 2.955260223645135742e+00 5.472102628859651929e-01
-1.550483333045312717e+00 3.041242326161557763e+00 5.348435209115859346e-01
-1.609787653010294584e+00 3.141704829778434682e+00 5.240978356209586853e-01
-1.675608039902668711e+00 3.251113932798705974e+00 5.135134120798523494e-01
-1.744835708898132332e+00 3.363945334304795587e+00 5.017459156511362428e-01
-1.814298471384619971e+00 3.474685072875727698e+00 4.875680032846442247e-01
-1.880762396631673550e+00 3.577830536287228469e+00 4.698698859685194185e-01
-1.940933567101691404e+00 3.667891606431956664e+00 4.476589270790427566e-01
-1.991459951696760822e+00 3.739391892233543846e+00 4.200582608366606463e-01
-2.028933379091199196e+00 3.786870020606798892e+00 3.863044493538012603e-01
-2.049891617186097026e+00 3.804880946374175288e+00 3.457441809164130131e-01
-2.051817533140431582e+00 3.789711879668851147e+00 2.981436426728807376e-01
-2.036167467241308593e+00 3.744518840327419440e+00 2.445560069792116487e-01
-2.005442890591291771e+00 3.674168586859691388e+00 1.862581126269662324e-01
-1.962201020505352389e+00 3.583521149495114244e+00 1.244199097501197393e-01
-1.909053201101286401e+00 3.477428778141119725e+00 6.010566311888165814e-02
-1.848663187841985467e+00 3.360734878465303943e+00 -5.723998883441883123e-03
-1.783745332105310277e+00 3.238272968171457933e+00 -7.220919598349850865e-02
-1.717062659375911515e+00 3.114865686211154561e+00 -1.385870463532203889e-01
-1.651424833316871066e+00 2.995323887669097740e+00 -2.041870910451671906e-01
-1.589685999795905191e+00 2.884445852141535482e+00 -2.684258938506949299e-01
-1.534289744206618566e+00 2.786297473261940993e+00 -3.309703784373918545e-01
-1.485896732469064174e+00 2.702056339562044052e+00 -3.922167585563836045e-01
-1.444721161573321977e+00 2.632172812017832264e+00 -4.527371781934050876e-01
-1.410980374047120955e+00 2.577090228046917453e+00 -5.131023501809344189e-01
-1.384894724819513812e+00 2.537245590940514273e+00 -5.738796623074607917e-01
-1.366692591083691344e+00 2.513065047206869185e+00 -6.356411664262143768e-01
-1.356624984598302053e+00 2.504947335553020071e+00 -6.989910000235133314e-01
-1.354949567943146693e+00 2.513277493427375830e+00 -7.645344880784911146e-01
-1.361927186151556279e+00 2.538431289886027731e+00 -8.328697051990171518e-01
-1.377823878525630041e+00 2.580774439570905354e+00 -9.045893819454065010e-01
-1.402575360139332039e+00 2.639880450414263002e+00 -9.799228185688632076e-01
-1.434757910260141767e+00 2.712202507518651551e+00 -1.057638856917581638e+00
-1.472569894283390912e+00 2.793445205799057973e+00 -1.136096985432274220e+00
-1.514164422293450940e+00 2.879349462382581493e+00 -1.213607450046747527e+00
-1.557648213616451116e+00 2.965692791334612277e+00 -1.288434922923312964e+00
-1.601079725831481726e+00 3.048290407460230167e+00 -1.358800964730352945e+00
-1.642466561825048910e+00 3.122997202485486845e+00 -1.422885294027554703e+00
-1.679762177927173861e+00 3.185710623744786751e+00 -1.478825896909769622e+00
-1.710861902900780107e+00 3.232374510079847330e+00 -1.524717974951631305e+00
-1.733598289523335279e+00 3.258983928875307967e+00 -1.558611749355871323e+00
-1.746508825293296097e+00 3.263169231397261782e+00 -1.579296598449951183e+00
-1.751197750516189311e+00 3.248894672143026519e+00 -1.588696932040415621e+00
-1.750101038018508914e+00 3.221651121347353985e+00 -1.589573514639734508e+00
-1.745730414052774293e+00 3.186863069686016292e+00 -1.584746441417141050e+00
-1.740679534796437222e+00 3.149882611237233565e+00 -1.577097831567269459e+00
-1.737630882581658653e+00 3.115981916298340870e+00 -1.569575967001426431e+00
-1.739363334550212858e+00 3.090344111604947042e+00 -1.565200855139267766e+00
-1.748760280684294344e+00 3.078052531107883460e+00 -1.567071161710655192e+00
-1.768818278390906995e+00 3.084078196570060992e+00 -1.578372514093134171e+00
-1.802656144592049037e+00 3.113265434799791009e+00 -1.602387139295800456e+00
-1.852452488295254884e+00 3.168474184116496062e+00 -1.641440244731211973e+00
-1.916156753779954647e+00 3.245123771923504208e+00 -1.693652742109562404e+00
-1.990561107417821329e+00 3.336863979550566128e+00 -1.756023354897804145e+00
-2.072342412556675839e+00 3.437451041326790691e+00 -1.825468198549624610e+00
-2.158051415421220032e+00 3.540764254511020059e+00 -1.898809463833969868e+00
-2.244081734168250630e+00 3.640849927258060337e+00 -1.972739085070660980e+00
-2.326595192305906501e+00 3.732025091786387971e+00 -2.043728958095082149e+00
-2.401565722064417763e+00 3.808837270409096920e+00 -2.108079533028823782e+00
-2.464793642141005492e+00 3.866060630940771681e+00 -2.161932597153947810e+00
-2.511904635690205723e+00 3.898712405245145618e+00 -2.201264950147422628e+00
-2.539447108390785246e+00 3.903545003761515364e+00 -2.222890329286264954e+00
-2.548269643313799460e+00 3.883372333277452348e+00 -2.227555419993614727e+00
-2.540394725558486222e+00 3.842419835541387663e+00 -2.217070046520915216e+00
-2.517951370131019662e+00 3.784800749614069648e+00 -2.193330656628101671e+00
-2.483178905584491947e+00 3.714501730460112228e+00 -2.158327515246236672e+00
-2.438428519249903115e+00 3.635370332571051577e+00 -2.114149953362451484e+00
-2.386162703570898547e+00 3.551104531762484307e+00 -2.062989733593084907e+00
-2.328952791313294135e+00 3.465244465414038633e+00 -2.007142555664630290e+00
-2.269474716505543110e+00 3.381166561472648713e+00 -1.949007818697544803e+00
-2.210503189862460083e+00 3.302080223484167742e+00 -1.891086709276073252e+00
-2.154330938848975752e+00 3.230484026459820246e+00 -1.835481054775555343e+00
-2.101010828870661928e+00 3.166598932729495885e+00 -1.782363200871964093e+00
-2.050020665636862027e+00 3.110106416543579222e+00 -1.731408927697753564e+00
-2.000828287573010567e+00 3.060707488547916189e+00 -1.682285954609466616e+00
-1.952890814504130379e+00 3.018122734227243864e+00 -1.634653311819158628e+00
-1.905653939312366596e+00 2.982091884582851460e+00 -1.588160894622066888e+00
-1.858551236144942331e+00 2.952372905666667879e+00 -1.542449185466579831e+00
-1.811003499462548794e+00 2.928740568327158122e+00 -1.497149132284439910e+00
-1.762418050372416722e+00 2.910984509330699854e+00 -1.451882178283097735e+00
-1.712188002251514130e+00 2.898906764922418056e+00 -1.406260432894437695e+00
-1.659551986630519504e+00 2.892331617042308789e+00 -1.360000225643770655e+00
-1.603174692142188107e+00 2.891142055898404895e+00 -1.313261906211462104e+00
-1.541564343715809526e+00 2.895238660226539196e+00 -1.266310370416000364e+00
-1.473211626506508054e+00 2.904520182895320435e+00 -1.219403205240976895e+00
-1.396589197562667417e+00 2.918875623252212392e+00 -1.172792458026187479e+00
-1.310171253569592409e+00 2.938160996660040603e+00 -1.126740911170623249e+00
-1.212496040421407351e+00 2.962153912811992473e+00 -1.081565184891407183e+00
-1.102111411746401259e+00 2.990601808209696344e+00 -1.037591751541873553e+00
-9.775571342834828981e-01 3.023232940827782489e+00 -9.951436718264226045e-01
-8.373665267115758537e-01 3.059751817700061327e+00 -9.545417371060428424e-01
-6.812549318776571772e-01 3.099411705338284140e+00 -9.160076564588787162e-01
-5.136824895908727040e-01 3.139745229362556511e+00 -8.793634255593961724e-01
-3.403015304553625997e-01 3.177852280496613613e+00 -8.443114682527907977e-01
-1.667813728679094221e-01 3.210849070937846772e+00 -8.105329969211821917e-01
1.180788797703336002e-03 3.235892463743131664e+00 -7.776915579460057515e-01
1.578501175484345320e-01 3.250202424793785294e+00 -7.454372144828036451e-01
2.974455718004187510e-01 3.251082641499533299e+00 -7.134112342399596685e-01
4.141324520675062071e-01 3.235939252193136717e+00 -6.812516740621075151e-01
5.020162349595188589e-01 3.202297818017571629e+00 -6.485994288060866753e-01
5.551376848928711860e-01 3.147818530775811308e+00 -6.151047448279958196e-01
5.694577830934045570e-01 3.071582840235510758e+00 -5.805459362589855399e-01
5.488617119390545307e-01 2.977862067866505313e+00 -5.451696714959719525e-01
4.992706307459335857e-01 2.872182942524070359e+00 -5.093509588945966948e-01
4.266790252695726315e-01 2.760017818866176142e+00 -4.734703955033783274e-01
3.371696823787656561e-01 2.646763942161382666e+00 -4.379024060310375277e-01
2.369264528468060238e-01 2.537724390540387898e+00 -4.030032690330654921e-01
1.322447756500827465e-01 2.438090674429449045e+00 -3.690990060814715590e-01
2.954034906736511396e-02 2.352927150891769958e+00 -3.364719759382855391e-01
-6.464445540372981691e-02 2.287157109077795347e+00 -3.053475702846585871e-01
-1.436363297820063278e-01 2.245550585403654154e+00 -2.758807432730446818e-01
-2.020401981411552028e-01 2.231044293067241835e+00 -2.480938833693673851e-01
-2.400528334804769570e-01 2.239790210784490920e+00 -2.217640401565147967e-01
-2.593728054894264279e-01 2.266279956608362234e+00 -1.966461487420950172e-01
-2.618172969730968025e-01 2.305037509291861575e+00 -1.725430612217592197e-01
-2.493289724054345846e-01 2.350626061821364132e+00 -1.493167937502959119e-01
-2.239750543335749244e-01 2.397655097433291971e+00 -1.269003121812237733e-01
-1.879316469002494105e-01 2.440787486155976183e+00 -1.053113319141775472e-01
-1.435005051206779958e-01 2.474742109132336942e+00 -8.466248301286305455e-02
-9.311565069166739816e-02 2.494297719575589323e+00 -6.517166938851755298e-02
-3.934412913360472996e-02 2.494297601646992657e+00 -4.717194883324279248e-02
1.544797394564052448e-02 2.470999260775405659e+00 -3.105106346178082566e-02
7.016805660826251623e-02 2.426093200772689418e+00 -1.699181316763164612e-02
1.241163591690985224e-01 2.362634069506110546e+00 -5.076837178551438234e-03
1.766702778299454046e-01 2.283688999900874261e+00 4.661696388507483024e-03
2.272855091324770538e-01 2.192335453994385119e+00 1.224695854006571660e-02
2.754965596846205567e-01 2.091658981438107467e+00 1.776022128581011827e-02
3.209163680044975209e-01 1.984751083064427490e+00 2.134024460753250474e-02
3.632384722280100897e-01 1.874706550494321666e+00 2.319288350434241947e-02
4.022378117789314755e-01 1.764620653730981648e+00 2.359614801092292657e-02
4.377708086858451697e-01 1.657586320360725951e+00 2.290275559391193733e-02
4.697752207927038404e-01 1.556691304268088771e+00 2.154195608440861998e-02
4.982697831477038708e-01 1.465015383713818897e+00 2.002061493600228170e-02
5.233536555527145140e-01 1.385627629481573253e+00 1.892354193999893491e-02
5.452056956666562204e-01 1.321583784210423440e+00 1.891305395607230377e-02
5.640835781607311805e-01 1.275923793997123079e+00 2.072776169102666377e-02
5.803237693149141396e-01 1.251668981238553524e+00 2.518521987970628873e-02
5.943432719382045759e-01 1.251818060928788556e+00 3.319329187886265603e-02
6.066356343475920454e-01 1.279346235622423000e+00 4.573487134816513894e-02
6.177694334204577586e-01 1.337203404744773172e+00 6.386341378029114502e-02
6.283878042428800992e-01 1.428311814537788882e+00 8.870345964626870361e-02
6.392079614280213873e-01 1.555563637367943342e+00 1.214513827589078221e-01
6.510207047991208862e-01 1.721818468655128553e+00 1.633763654488911421e-01
6.646899017973753043e-01 1.929900729725224418e+00 2.158216017251863295e-01
6.811519386051361202e-01 2.182596964902490555e+00 2.802057291564168384e-01
