-2.725174943367234537e+00 3.907710468236470724e+00 1.016905916122520931e-01
-2.688459912993594880e+00 3.838083925963228893e+00 1.079214400798468310e-01
-2.653888546990332387e+00 3.771377103122675933e+00 1.140531929381755905e-01
-2.621384694087785405e+00 3.707468905699668138e+00 1.201043267080423860e-01
-2.590872203016295394e+00 3.646238239679064463e+00 1.260933179102514679e-01
-2.562274922506202479e+00 3.587564011045724310e+00 1.320386430656069754e-01
-2.535516701287843677e+00 3.531325125784502639e+00 1.379587786949129369e-01
-2.510521388091561334e+00 3.477400489880257961e+00 1.438722013189736304e-01
-2.487212831647695577e+00 3.425669009317848790e+00 1.497973874585931120e-01
-2.465514880686585197e+00 3.376009590082134970e+00 1.557528136345756320e-01
-2.445351383938570766e+00 3.328301138157970573e+00 1.617569563677252742e-01
-2.426646190133991521e+00 3.282422559530217221e+00 1.678282921788462057e-01
-2.409323148003187143e+00 3.238252760183728984e+00 1.739852975887424547e-01
-2.393306106276497314e+00 3.195670646103364820e+00 1.802464491182183270e-01
-2.378518913684263048e+00 3.154555123273984574e+00 1.866302232880778789e-01
-2.364885418956823582e+00 3.114785097680444093e+00 1.931550966191252494e-01
-2.352329470824518154e+00 3.076239475307601445e+00 1.998395456321646335e-01
-2.340774918017687334e+00 3.038797162140315589e+00 2.067020468480001427e-01
-2.330145609266671691e+00 3.002337064163444147e+00 2.137610767874359996e-01
-2.320365393301809132e+00 2.966738087361843412e+00 2.210351119712761769e-01
-2.311358118853442001e+00 2.931879137720373230e+00 2.285426289203250638e-01
-2.303047634651907316e+00 2.897639121223890335e+00 2.363021041553865498e-01
-2.295357789427547424e+00 2.863896943857252797e+00 2.443320141972649684e-01
-2.288212431910700229e+00 2.830531511605317352e+00 2.526508355667643202e-01
-2.281535410831706301e+00 2.797421730452943400e+00 2.612770447846888278e-01
-2.275250574920906654e+00 2.764446506384989455e+00 2.702291183718427692e-01
-2.269348964588034701e+00 2.731314325091548145e+00 2.796414841320046807e-01
-2.264090387561151108e+00 2.697051989559989149e+00 2.901123760375387550e-01
-2.259801843548079781e+00 2.660515881721075448e+00 3.023559798621271444e-01
-2.256810332256646845e+00 2.620562383505572690e+00 3.170864813794524451e-01
-2.255442853394677982e+00 2.576047876844245188e+00 3.350180663631970868e-01
-2.256026406669997098e+00 2.525828743667858145e+00 3.568649205870433327e-01
-2.258887991790430760e+00 2.468761365907176319e+00 3.833412298246736127e-01
-2.264354608463803320e+00 2.403702125492963138e+00 4.151611798497703565e-01
-2.272753256397941346e+00 2.329507404355985134e+00 4.530389564360159937e-01
-2.284410935300668744e+00 2.245033584427006179e+00 4.976887453570926212e-01
-2.299350937354995406e+00 2.149781995722525707e+00 5.493437958447141556e-01
-2.316381721386234993e+00 2.045833767521533453e+00 6.063136058028222308e-01
-2.334008037065665953e+00 1.935914980648534511e+00 6.664267340134375495e-01
-2.350734634064566730e+00 1.822751715928035310e+00 7.275117392585813691e-01
-2.365066262054217550e+00 1.709070054184540277e+00 7.873971803202752806e-01
-2.375507670705894636e+00 1.597596076242554508e+00 8.439116159805393202e-01
-2.380563609690879989e+00 1.491055862926583542e+00 8.948836050213959670e-01
-2.378738828680449835e+00 1.392175495061131585e+00 9.381417062248653682e-01
-2.368538077345884396e+00 1.303681053470705287e+00 9.715144783729695588e-01
-2.348466105358460787e+00 1.228298618979808188e+00 9.928304802477281310e-01
-2.317801637859022712e+00 1.167870266010666347e+00 1.000795549115368610e+00
-2.278919304634611898e+00 1.120702040214926365e+00 9.976246393163272774e-01
-2.234967712325811817e+00 1.084215979261227814e+00 9.864099852439449645e-01
-2.189095467573205944e+00 1.055834120818208710e+00 9.702438212915616145e-01
-2.144451177017377308e+00 1.032978502554508626e+00 9.522183818525169485e-01
-2.104183447298908494e+00 1.013071162138765580e+00 9.354259013201507988e-01
-2.071440885058383863e+00 9.935341372396193638e-01 9.229586140878033307e-01
-2.049372096936385557e+00 9.717894655257082182e-01 9.179087545488147093e-01
-2.041125689573497048e+00 9.452591846656708263e-01 9.233685570965244338e-01
-2.049850269610301368e+00 9.113653323281463159e-01 9.424302561242730025e-01
-2.077535192436371414e+00 8.683124071736929572e-01 9.771141391922856245e-01
-2.121532791853989242e+00 8.174347630237612794e-01 1.025152691193982113e+00
-2.178036142122784291e+00 7.608492202883364586e-01 1.083206442522479884e+00
-2.243238317502389556e+00 7.006725993774056693e-01 1.147935923570895689e+00
-2.313332392252433589e+00 6.390217207009555311e-01 1.216001664732346832e+00
-2.384511440632547608e+00 5.780134046689726635e-01 1.284064196399949731e+00
-2.452968536902363272e+00 5.197644716914433527e-01 1.348784048966821913e+00
-2.514896755321510025e+00 4.663917421783539963e-01 1.406821752826079797e+00
-2.566489170149619081e+00 4.200120365396915467e-01 1.454837838370840908e+00
-2.603938855646320771e+00 3.827421751854422349e-01 1.489492835994221442e+00
-2.624678591085212176e+00 3.561270582629135761e-01 1.508518511753612179e+00
-2.631099984662814695e+00 3.394239007780006090e-01 1.513931582025573430e+00
-2.626834354023158902e+00 3.313179954285695450e-01 1.508820002681984462e+00
-2.615513016810272262e+00 3.304946349124863736e-01 1.496271729594724098e+00
-2.600767290668181797e+00 3.356391119276174728e-01 1.479374718635670494e+00
-2.586228493240916304e+00 3.454367191718288321e-01 1.461216925676702028e+00
-2.575527942172504581e+00 3.585727493429867185e-01 1.444886306589697966e+00
-2.572296955106972760e+00 3.737324951389571215e-01 1.433470817246535800e+00
-2.580166849688350528e+00 3.896012492576064190e-01 1.430058413519095017e+00
-2.602768943560663573e+00 4.048643043968003230e-01 1.437737051279252887e+00
-2.642640610979772209e+00 4.184026040083315134e-01 1.458860681071310283e+00
-2.697943452648852602e+00 4.298796945596952135e-01 1.492847232129246970e+00
-2.765745125882911992e+00 4.391547732723136699e-01 1.538380628359466318e+00
-2.843113287996958505e+00 4.460870373676084077e-01 1.594144793668370141e+00
-2.927115596305999379e+00 4.505356840670015073e-01 1.658823651962361589e+00
-3.014819708125041853e+00 4.523599105919146046e-01 1.731101127147841368e+00
-3.103293280769091833e+00 4.514189141637694469e-01 1.809661143131211514e+00
-3.189603971553159667e+00 4.475718920039878368e-01 1.893187623818876508e+00
-3.270819437792250817e+00 4.406780413339916880e-01 1.980364493117237057e+00
-3.344007336801372077e+00 4.305965593752025256e-01 2.069875674932694753e+00
-3.406713841687419642e+00 4.172795510987112877e-01 2.160409602793951667e+00
-3.458399185302222456e+00 4.010507518097559676e-01 2.250672748686643576e+00
-3.499002114578197098e+00 3.823268042309806436e-01 2.339376094202580081e+00
-3.528461376447757036e+00 3.615243510850285613e-01 2.425230620933567227e+00
-3.546715717843319293e+00 3.390600350945437991e-01 2.506947310471414614e+00
-3.553703885697297782e+00 3.153504989821699356e-01 2.583237144407930952e+00
-3.549364626942108192e+00 2.908123854705507161e-01 2.652811104334921399e+00
-3.533636688510164436e+00 2.658623372823296638e-01 2.714380171844195999e+00
-3.506458817333882205e+00 2.409169971401508570e-01 2.766655328527561686e+00
-3.467769760345676744e+00 2.163930077666574303e-01 2.808347555976827614e+00
-3.418327646879397719e+00 1.927213033827411270e-01 2.838463726276575283e+00
-3.362168124153296134e+00 1.703899839978429698e-01 2.857194269249742291e+00
-3.304146215926398789e+00 1.499014410174313305e-01 2.865025503095675941e+00
-3.249116945957734259e+00 1.317580658469745536e-01 2.862443746013722201e+00
-3.201935338006330234e+00 1.164622498919410526e-01 2.849935316203226598e+00
-3.167456415831211736e+00 1.045163845577991579e-01 2.827986531863535991e+00
-3.150535203191408229e+00 9.642286125001729713e-02 2.797083711193996347e+00
-3.156026723845946513e+00 9.268407137406380059e-02 2.757713172393954082e+00
-3.188786001553853833e+00 9.380240633540702644e-02 2.710361233662754277e+00
-3.253668060074157431e+00 1.002802575395153606e-01 2.655514213199744677e+00
-3.353305778045272856e+00 1.123817075775747493e-01 2.593953393202300450e+00
-3.481443421835068275e+00 1.294176003746000114e-01 2.527639916079411186e+00
-3.629603096796720330e+00 1.504604693367999624e-01 2.458829890347853375e+00
-3.789306908283410991e+00 1.745828478703835562e-01 2.389779424524402174e+00
-3.952076961648314235e+00 2.008572693815595389e-01 2.322744627125830519e+00
-4.109435362244611589e+00 2.283562672765368506e-01 2.259981606668915344e+00
-4.252904215425481915e+00 2.561523749615243206e-01 2.203746471670430029e+00
-4.374005626544099634e+00 2.833181258427301397e-01 2.156295330647151065e+00
-4.464261700953649381e+00 3.089260533263644692e-01 2.119884292115851832e+00
-4.515194544007306909e+00 3.320486908186355279e-01 2.096769464593307042e+00
-4.520959788546706548e+00 3.517928431312531412e-01 2.088499418899716797e+00
-4.486247290386650377e+00 3.674024021687078978e-01 2.093792544704587755e+00
-4.418380489340372641e+00 3.781555319763839629e-01 2.110659678798576522e+00
-4.324682825221108473e+00 3.833303965996655571e-01 2.137111657972341039e+00
-4.212477737842092118e+00 3.822051600839368457e-01 2.171159319016538802e+00
-4.089088667016556933e+00 3.740579864745817718e-01 2.210813498721824644e+00
-3.961839052557736274e+00 3.581670398169845004e-01 2.254085033878856503e+00
-3.838052334278866606e+00 3.338104841565294190e-01 2.298984761278291877e+00
-3.725051951993179955e+00 3.002664835386003039e-01 2.343523517710785598e+00
-3.630161345513911897e+00 2.568132020085813760e-01 2.385712139966996048e+00
-3.558829372946013425e+00 2.032620635285731225e-01 2.423745327425998131e+00
-3.509006565561299418e+00 1.415575317275406531e-01 2.456553229820534590e+00
-3.476768872923301501e+00 7.417733015116526052e-02 2.483249859471766907e+00
-3.458192244595553966e+00 3.599182345128532339e-03 2.502949228700858342e+00
-3.449352630141587550e+00 -6.769918814488828929e-02 2.514765349828968599e+00
-3.446325979124934324e+00 -1.372400577732037497e-01 2.517812235177260050e+00
-3.445188241109128136e+00 -2.025457029941366005e-01 2.511203897066894619e+00
-3.442015365657700166e+00 -2.611384002620052991e-01 2.494054347819034234e+00
-3.432883302334182041e+00 -3.105404260311283582e-01 2.465477599754838156e+00
-3.413868000702107164e+00 -3.482740567558246236e-01 2.424587665195470532e+00
-3.382139106680831731e+00 -3.726056208295737693e-01 2.371059212120545823e+00
-3.339241004676912095e+00 -3.847776224714263837e-01 2.306809507082896005e+00
-3.287811751984800246e+00 -3.867766018741431444e-01 2.234316460263573223e+00
-3.230489405898948618e+00 -3.805890992304843956e-01 2.156057981843622962e+00
-3.169912023713810978e+00 -3.682016547332107592e-01 2.074511982004097366e+00
-3.108717662723840647e+00 -3.516008085750825796e-01 1.992156370926045694e+00
-3.049544380223490059e+00 -3.327731009488602010e-01 1.911469058790517206e+00
-2.995030233507214312e+00 -3.137050720473044674e-01 1.834927955778562936e+00
-2.947813279869465397e+00 -2.963832620631756676e-01 1.765010972071231699e+00
-2.910531576604695747e+00 -2.827942111892342569e-01 1.704196017849573419e+00
-2.885282989748894966e+00 -2.744788291902790500e-01 1.654325303498757282e+00
-2.872004628031672890e+00 -2.711955104940443895e-01 1.614698249314170830e+00
-2.870093412787909415e+00 -2.722570222876884993e-01 1.583978580342183085e+00
-2.878946265352485323e+00 -2.769761317583697702e-01 1.560830021629163955e+00
-2.897960107060281398e+00 -2.846656060932464816e-01 1.543916298221482908e+00
-2.926531859246176648e+00 -2.946382124794769686e-01 1.531901135165509187e+00
-2.964058443245052299e+00 -3.062067181042193997e-01 1.523448257507612702e+00
-3.009936780391788691e+00 -3.186838901546323322e-01 1.517221390294163141e+00
-3.063563792021264831e+00 -3.313824958178739344e-01 1.511884258571529083e+00
-3.124336399468363279e+00 -3.436153022811025415e-01 1.506100587386081324e+00
-3.191342398479464215e+00 -3.547976272980209456e-01 1.498703582078288354e+00
-3.262433078024868038e+00 -3.647549923555095663e-01 1.489204371589455622e+00
-3.335150599275331196e+00 -3.734154702404949844e-01 1.477283566367211032e+00
-3.407037123401610135e+00 -3.807071337399037803e-01 1.462621776859181599e+00
-3.475634811574459082e+00 -3.865580556406622015e-01 1.444899613512994119e+00
-3.538485824964634041e+00 -3.908963087296966621e-01 1.423797686776276272e+00
-3.593132324742892347e+00 -3.936499657939337982e-01 1.398996607096654854e+00
-3.637116472079985563e+00 -3.947470996202999127e-01 1.370176984921758212e+00
-3.667980428146675020e+00 -3.941157829957216419e-01 1.337019430699211808e+00
-3.683266354113713170e+00 -3.916840887071251776e-01 1.299204554876643769e+00
-3.681202246774690767e+00 -3.874273293744687208e-01 1.256612371915224458e+00
-3.662759474847564700e+00 -3.815097789771607628e-01 1.209920520887831863e+00
-3.629595257389720775e+00 -3.741429523413091762e-01 1.160006049159680419e+00
-3.583366813458544797e+00 -3.655383642930217780e-01 1.107746004095983672e+00
-3.525731362111423017e+00 -3.559075296584066073e-01 1.054017433061955833e+00
-3.458346122405739465e+00 -3.454619632635713700e-01 9.996973834228100042e-01
-3.382868313398880389e+00 -3.344131799346238831e-01 9.456629025437597313e-01
-3.300955154148232928e+00 -3.229726944976722414e-01 8.927910377900194483e-01
-3.214263863711179781e+00 -3.113520217788240396e-01 8.419588365268021457e-01
-3.124451661145108528e+00 -2.997626766041871504e-01 7.940433461193220355e-01
-3.033325564890374082e+00 -2.884014709794932574e-01 7.497694405422586916e-01
-2.943291790919206896e+00 -2.774064056289674562e-01 7.092533002081565785e-01
-2.856906354586806529e+00 -2.669007784564584318e-01 6.724589321390256336e-01
-2.776725271248375648e+00 -2.570078873658154239e-01 6.393503433568769045e-01
-2.705304556259112481e+00 -2.478510302608869509e-01 6.098915408837201069e-01
-2.645200224974218806e+00 -2.395535050455218917e-01 5.840465317415659552e-01
-2.598968292748893294e+00 -2.322386096235692643e-01 5.617793229524250531e-01
-2.569164774938339058e+00 -2.260296418988778089e-01 5.430539215383075602e-01
-2.558345686897753879e+00 -2.210498997752962658e-01 5.278343345212237470e-01
-2.569067043982339094e+00 -2.174226811566735973e-01 5.160845689231841060e-01
-2.602503825048117836e+00 -2.151940326489478750e-01 5.076502810006030542e-01
-2.654306922221743026e+00 -2.141009989816628767e-01 5.019037290265477846e-01
-2.718746220764198362e+00 -2.138033752440668678e-01 4.980988230479942436e-01
-2.790091605936474650e+00 -2.139609565254081969e-01 4.954894731119183771e-01
-2.862612962999556032e+00 -2.142335379149351016e-01 4.933295892652959092e-01
-2.930580177214428428e+00 -2.142809145018959305e-01 4.908730815551030635e-01
-2.988263133842078201e+00 -2.137628813755388935e-01 4.873738600283155087e-01
-3.029931718143490382e+00 -2.123392336251122559e-01 4.820858347319092463e-01
-3.049855815379654000e+00 -2.096697663398645051e-01 4.742629157128604445e-01
-3.042305310811552754e+00 -2.054142746090437677e-01 4.631590130181446607e-01
-3.003745961607904302e+00 -1.993510676267949699e-01 4.482945972747041097e-01
-2.939426981156210150e+00 -1.917325093114950751e-01 4.302563776161723585e-01
-2.856793439045656413e+00 -1.829294768387416392e-01 4.098976218495663515e-01
-2.763290404865431871e+00 -1.733128473841321904e-01 3.880715977819027551e-01
-2.666362948204723970e+00 -1.632534981232644788e-01 3.656315732201983471e-01
-2.573456138652722380e+00 -1.531223062317362271e-01 3.434308159714705155e-01
-2.492015045798609219e+00 -1.432901488851444360e-01 3.223225938427345394e-01
-2.429484739231579926e+00 -1.341279032590875775e-01 3.031601746410089171e-01
-2.393310288540815289e+00 -1.260064465291624025e-01 2.867968261733088164e-01
-2.390936763315507196e+00 -1.192966558709672720e-01 2.740858162466526249e-01
-2.427144709584054372e+00 -1.142520561379812977e-01 2.655994572943564114e-01
-2.496056731595863276e+00 -1.106567696101186243e-01 2.607862563312211002e-01
-2.589130986271102053e+00 -1.081775696026035655e-01 2.588137730364296618e-01
-2.697825630529923302e+00 -1.064812294306609619e-01 2.588495670891656775e-01
-2.813598821292497387e+00 -1.052345224095152937e-01 2.600611981686126173e-01
-2.927908715478976465e+00 -1.041042218543913322e-01 2.616162259539537849e-01
-3.032213470009531342e+00 -1.027571010805135854e-01 2.626822101243726504e-01
-3.117971241804312843e+00 -1.008599334031067968e-01 2.624267103590525729e-01
-3.176640187783490887e+00 -9.807949213739544647e-02 2.600172863371770227e-01
-3.199678464867222072e+00 -9.408255059860438918e-02 2.546214977379295807e-01
-3.181097833137707553e+00 -8.863830097950566034e-02 2.456546445947740687e-01
-3.125124392266396267e+00 -8.192560805284591907e-02 2.335229812704164298e-01
-3.038537808557443487e+00 -7.422575400381516142e-02 2.188804989379127264e-01
-2.928117748315017366e+00 -6.582002101760470181e-02 2.023811887703214629e-01
-2.800643877843269625e+00 -5.698969127940441137e-02 1.846790419406984518e-01
-2.662895863446371969e+00 -4.801604697440566005e-02 1.664280496221023642e-01
-2.521653371428472123e+00 -3.918037028779825653e-02 1.482822029875887071e-01
-2.383696068093744458e+00 -3.076394340477363668e-02 1.308954932102164292e-01
-2.255803619746337141e+00 -2.304804851052161263e-02 1.149219114630411070e-01
-2.144755692690421878e+00 -1.631396779023349883e-02 1.010154489191213145e-01
-2.055397967232473366e+00 -1.077533225022283235e-02 8.966121851464457781e-02
-1.984840179688257544e+00 -6.375168181296603231e-03 8.066882023832319670e-02
-1.928258080375868211e+00 -2.988850695385686460e-03 7.367897584200182315e-02
-1.880827419613388951e+00 -4.917549044202425366e-04 6.833240707752352705e-02
-1.837723947718911344e+00 1.240744079669026806e-03 6.426983569673261343e-02
-1.794123415010519862e+00 2.333271144951808412e-03 6.113198345147244361e-02
-1.745201571806307639e+00 2.910451179497530218e-03 5.855957209358710752e-02
-1.686134168424357371e+00 3.096909071375775202e-03 5.619332337492012608e-02
-1.612096955182762414e+00 3.017269708656049147e-03 5.367395904731548512e-02
-1.518265682399605243e+00 2.796157979407879954e-03 5.064220086261673331e-02
-1.401739576502831319e+00 2.540673915319657979e-03 4.683445490411414225e-02
-1.267311823391058523e+00 2.287817621163174431e-03 4.236986731844286785e-02
-1.121699112588518732e+00 2.057064094632236016e-03 3.746326995247013791e-02
-9.716181336194197327e-01 1.867888333420608020e-03 3.232949465306236836e-02
-8.237855760079957346e-01 1.739765335222092377e-03 2.718337326708686677e-02
-6.849181292784540798e-01 1.692170097730463698e-03 2.223973764141002132e-02
-5.617324829550273124e-01 1.744577618639510039e-03 1.771341962289910144e-02
-4.609453265619253282e-01 1.916462895643021840e-03 1.381925105842057161e-02
-3.892733496233778956e-01 2.227300926434769811e-03 1.077206379484161453e-02
-3.534332416635989071e-01 2.696566708708566292e-03 8.786689679028809180e-03
-3.576955719513505993e-01 3.332931528743566640e-03 8.005311519879791324e-03
-3.965462887644218282e-01 4.101851208962926064e-03 8.279511817373370192e-03
-4.620251501400734484e-01 4.957977551274004441e-03 9.388221954983642925e-03
-5.461719141155753077e-01 5.855962357584303460e-03 1.111037331618482810e-02
-6.410263387281839309e-01 6.750457429801172589e-03 1.322489728445088927e-02
-7.386281820151676669e-01 7.596114569832080124e-03 1.551072524325602768e-02
-8.310172020137946980e-01 8.347585579584485688e-03 1.774678857607447230e-02
-9.102331567613212160e-01 8.959522260965753493e-03 1.971201866638014333e-02
-9.683158042950186228e-01 9.386576415883361377e-03 2.118534689764733220e-02
-9.973049026521456639e-01 9.583399846244702175e-03 2.194570465335003023e-02
-9.915725954471439341e-01 9.519490212233645832e-03 2.183449528484313409e-02
-9.548204351439347759e-01 9.223727757659004253e-03 2.094300644035520034e-02
-8.930822930544795035e-01 8.739838159868666689e-03 1.942499594868368068e-02
-8.123920404907466475e-01 8.111547096210558819e-03 1.743422163862619334e-02
-7.187835487646938581e-01 7.382580244032544738e-03 1.512444133898008768e-02
-6.182906891882928857e-01 6.596663280682582217e-03 1.264941287854306172e-02
-5.169473330734992711e-01 5.797521883508507598e-03 1.016289408611240584e-02
-4.207873517322855417e-01 5.028881729858293397e-03 7.818642790485840627e-03
-3.358446164766076270e-01 4.334468497079775086e-03 5.770416820460678997e-03
-2.681529986184367775e-01 3.758007862520914340e-03 4.171974004834593831e-03
-2.224051231790405425e-01 3.336297271741319338e-03 3.138810741681966401e-03
-1.979286683901622101e-01 3.078421441365299799e-03 2.633378800849848697e-03
-1.927100853793929092e-01 2.986536955337302460e-03 2.579869068792401288e-03
-2.047358252743266271e-01 3.062800397601805284e-03 2.902472431963842425e-03
-2.319923392025579900e-01 3.309368352103286663e-03 3.525379776818409003e-03
-2.724660782916780155e-01 3.728397402786192902e-03 4.372781989810258993e-03
-3.241434936692836333e-01 4.322044133595030584e-03 5.368869957393673092e-03
-3.850110364629638626e-01 5.092465128474218256e-03 6.437834566022776310e-03
-4.530551578003175761e-01 6.041816971368295028e-03 7.503866702151872764e-03
-5.262623088089321000e-01 7.172256246221644753e-03 8.491157252235077488e-03
-6.024676127432091466e-01 8.473617918650679093e-03 9.336470402780436967e-03
-6.789008813647706697e-01 9.886450480959461246e-03 1.002686354051109119e-02
-7.526405985620335803e-01 1.133898080712376563e-02 1.056196735220387740e-02
-8.207652482234280011e-01 1.275943577111961214e-02 1.094141252463574389e-02
-8.803533142373716203e-01 1.407604224692277778e-02 1.116482974458354351e-02
-9.284832804922932281e-01 1.521702710850926683e-02 1.123184969882420024e-02
-9.622336308766120672e-01 1.611061722985488234e-02 1.114210307413460513e-02
-9.786828492787549294e-01 1.668503948493560082e-02 1.089522055729164399e-02
-9.749094195871436108e-01 1.686852074772726001e-02 1.049083283507223387e-02
-9.479918256902017948e-01 1.658928789220577918e-02 9.928570594253236306e-03
-8.964527453301763815e-01 1.580700467299421541e-02 9.214160737848735988e-03
-8.245916729834597003e-01 1.460708326672368641e-02 8.377715208236019562e-03
-7.381523176397822850e-01 1.310637318038399696e-02 7.455442251237336115e-03
-6.428783882888609025e-01 1.142172392096474365e-02 6.483550112674791623e-03
-5.445135939204279740e-01 9.669984995455793708e-03 5.498247038370652519e-03
-4.488016435241994340e-01 7.968005910846700374e-03 4.535741274147012635e-03
-3.614862460899079810e-01 6.432636174127330866e-03 3.632241065826135804e-03
-2.883111106072702157e-01 5.180725292287271383e-03 2.823954659230127999e-03
-2.350199460660172268e-01 4.329122772316350114e-03 2.147090300181240478e-03
-2.073564614558683072e-01 3.994678121204204430e-03 1.637856234501594392e-03
-2.091584219983224080e-01 4.254378628136256182e-03 1.322054603331720979e-03
-2.366397087822069145e-01 5.025760430129912366e-03 1.183862533638950455e-03
-2.841082045978503556e-01 6.186496305914656983e-03 1.197050749983656842e-03
-3.458717922355876717e-01 7.614259034220141435e-03 1.335389976926202671e-03
-4.162383544857443107e-01 9.186721393775784672e-03 1.572650939026937677e-03
-4.895157741386538253e-01 1.078155616331120947e-02 1.882604360846228076e-03
-5.600119339846504340e-01 1.227643612155602561e-02 2.239020966944452878e-03
-6.220347168140587524e-01 1.354903404723965810e-02 2.615671481881944472e-03
-6.698920054172152749e-01 1.447702271909176962e-02 2.986326630219096178e-03
-6.978916825844464489e-01 1.493807491584182162e-02 3.324757136516235615e-03
-7.023307463709795861e-01 1.485716004888740401e-02 3.607198500141701753e-03
-6.874625420743422088e-01 1.434843135398237123e-02 3.819745178661024167e-03
-6.595294733487250260e-01 1.357333734640038536e-02 3.950956333930962135e-03
-6.247739438483217445e-01 1.269332654141519523e-02 3.989391127808238936e-03
-5.894383572273221850e-01 1.186984745430043516e-02 3.923608722149595635e-03
-5.597651171399203873e-01 1.126434860032986089e-02 3.742168278811778496e-03
-5.419966272403062835e-01 1.103827849477712064e-02 3.433628959651507766e-03
-5.423752911826731360e-01 1.135308565291592506e-02 2.986549926525548793e-03
-5.671435126212129862e-01 1.237021859002000387e-02 2.389490341290601005e-03
-6.225436952101154331e-01 1.425112582136296019e-02 1.631009365803453171e-03
-7.123369704335362762e-01 1.708985764486049483e-02 7.090508122608623265e-04
-8.303594520849684191e-01 2.071087341726686806e-02 -3.409031742759721108e-04
-9.679660172825103048e-01 2.487123524211106232e-02 -1.473985932653475205e-03
-1.116511543144238949e+00 2.932800522292138001e-02 -2.645330801717883477e-03
-1.267350906788255793e+00 3.383824546322691806e-02 -3.810071120315635870e-03
-1.411838985332636964e+00 3.815901806655595113e-02 -4.923340227292966574e-03
-1.541330655895483126e+00 4.204738513643750675e-02 -5.940271461496303418e-03
-1.647180795594871627e+00 4.526040877639994631e-02 -6.815998161771896421e-03
-1.720744281548900911e+00 4.755515108997223489e-02 -7.505653666966156934e-03
-1.753375990875652768e+00 4.868867418068283104e-02 -7.964371315925358394e-03
-1.739488638522468378e+00 4.850716246981075230e-02 -8.168247157057483346e-03
-1.685726290753670531e+00 4.721328964963550368e-02 -8.177228077016929220e-03
-1.601790851662838300e+00 4.509885173018704507e-02 -8.072223672019700202e-03
-1.497384225343538544e+00 4.245564472149501029e-02 -7.934143538281798747e-03
-1.382208315889354777e+00 3.957546463358940780e-02 -7.843897272019246386e-03
-1.265965027393851194e+00 3.675010747649981591e-02 -7.882394469448047308e-03
-1.158356263950612419e+00 3.427136926025632635e-02 -8.130544726784210904e-03
-1.069083929653203313e+00 3.243104599488851048e-02 -8.669257640243767382e-03
-1.007849928595205835e+00 3.152093369042633514e-02 -9.579442806042677561e-03
-9.843561648701892874e-01 3.183282835689957291e-02 -1.094200982039703930e-02
-1.005081216468484362e+00 3.355593087781490180e-02 -1.280146991032404639e-02
-1.063610264747012257e+00 3.646905869530635280e-02 -1.505673978467702775e-02
-1.150305118849063168e+00 4.024843265733890618e-02 -1.757033726242368879e-02
-1.255527587917938837e+00 4.457027361187810427e-02 -2.020478016253213910e-02
-1.369639481096925460e+00 4.911080240688883020e-02 -2.282258630397005633e-02
-1.483002607529326555e+00 5.354623989033669568e-02 -2.528627350570555876e-02
-1.585978776358428100e+00 5.755280691018657691e-02 -2.745835958670634833e-02
-1.668929796727532500e+00 6.080672431440400233e-02 -2.920136236594048779e-02
-1.722217477779928618e+00 6.298421295095397998e-02 -3.037779966237575541e-02
-1.736203628658914866e+00 6.376149366780188565e-02 -3.085018929498013068e-02
-1.704382876585571305e+00 6.292228765463234175e-02 -3.053255563630170519e-02
-1.632781300354687826e+00 6.068032361927047647e-02 -2.954495222045914332e-02
-1.530557886470778062e+00 5.735683368691457673e-02 -2.805894060878687257e-02
-1.406871621438337883e+00 5.327304998276242987e-02 -2.624608236261907757e-02
-1.270881491761884030e+00 4.875020463201246851e-02 -2.427793904329023089e-02
-1.131746483945917703e+00 4.410952975986257019e-02 -2.232607221213458309e-02
-9.986255844949368798e-01 3.967225749151063324e-02 -2.056204343048636043e-02
-8.806777799134606344e-01 3.575961995215510419e-02 -1.915741425968004244e-02
-7.870620567059835038e-01 3.269284926699373567e-02 -1.828374626104983802e-02
-7.269374013770200094e-01 3.079317756122485969e-02 -1.811260099593012957e-02
-7.069521283041740878e-01 3.030413064309662313e-02 -1.876435959639153467e-02
-7.237120070182535558e-01 3.115841349941757613e-02 -2.015468440599648900e-02
-7.713122067530480130e-01 3.321102702321030581e-02 -2.214805880330679780e-02
-8.438478967423403976e-01 3.631697210749709748e-02 -2.460896616688394364e-02
-9.354142462199246388e-01 4.033124964530071521e-02 -2.740188987528981504e-02
-1.040106424419580788e+00 4.510886052964332288e-02 -3.039131330708585293e-02
-1.152019600575105551e+00 5.050480565354781293e-02 -3.344171984083398746e-02
-1.265248943920276981e+00 5.637408591003620351e-02 -3.641759285509561794e-02
-1.373889623688891781e+00 6.257170219213149809e-02 -3.918341572843268839e-02
-1.472036809114729117e+00 6.895265539285566625e-02 -4.160367183940662239e-02
-1.554917715832736080e+00 7.537755388800523870e-02 -4.351776514119592987e-02
-1.622287712694459483e+00 8.172943582403902063e-02 -4.466478260297086778e-02
-1.675034198758671655e+00 8.789694674997529378e-02 -4.475873212728007089e-02
-1.714044573084135381e+00 9.376873221483121579e-02 -4.351362161667204909e-02
-1.740206234729622103e+00 9.923343776762509616e-02 -4.064345897369525673e-02
-1.754406582753896160e+00 1.041797089573741480e-01 -3.586225210089845350e-02
-1.757533016215725663e+00 1.084961913330965561e-01 -2.888400890082976069e-02
-1.750472934173877837e+00 1.120715304438096999e-01 -1.942273727603834738e-02
-1.734113735687119906e+00 1.147943718385315975e-01 -7.192445129071890764e-03
-1.709342819814219538e+00 1.165533610662797259e-01 8.092859637519975169e-03
-1.677165384345349342e+00 1.172768667508300305e-01 2.656449013303758405e-02
-1.639057821996303232e+00 1.170521498149901390e-01 4.773504351417543617e-02
-1.596614324214286063e+00 1.160061942563258425e-01 7.096243794947347527e-02
-1.551429082446495578e+00 1.142659840724028347e-01 9.560459160747565577e-02
-1.505096288140136851e+00 1.119585032607869346e-01 1.210194226567216508e-01
-1.459210132742407406e+00 1.092107358190437111e-01 1.465648492657555257e-01
-1.415364807700512984e+00 1.061496657447391773e-01 1.715987896031169191e-01
-1.375154504461650884e+00 1.029022770354387495e-01 1.954791618373498963e-01
-1.340173414473025293e+00 9.959555368870845471e-02 2.175638841369941512e-01
-1.312015729181835955e+00 9.635647970211377866e-02 2.372108746705935967e-01
-1.291930386857326418e+00 9.334590705911555153e-02 2.539559900746456989e-01
-1.279785303179089340e+00 9.086016065572778688e-02 2.680468459483599797e-01
-1.275103135709839686e+00 8.922943385834872232e-02 2.799089989043488380e-01
-1.277406542012289981e+00 8.878392003337626237e-02 2.899680055552272262e-01
-1.286218179649154081e+00 8.985381254720839483e-02 2.986494225136081537e-01
-1.301060706183145399e+00 9.276930476624326016e-02 3.063788063921059068e-01
-1.321456779176976903e+00 9.786059005687858248e-02 3.135817138033338836e-01
-1.346929056193362673e+00 1.054578617855128214e-01 3.206837013599062591e-01
-1.377000194795014787e+00 1.158913133185433542e-01 3.281103256744364316e-01
-1.411192852544649323e+00 1.294911380223690844e-01 3.362871433595387982e-01
-1.448656487103761714e+00 1.464155375377258206e-01 3.453868254027834261e-01
-1.487047735174176655e+00 1.661347367611923365e-01 3.545704858212355703e-01
-1.523650022879009303e+00 1.879469639428901773e-01 3.627463457716970097e-01
-1.555746776341382587e+00 2.111504473329444409e-01 3.688226264109705221e-01
-1.580621421684412553e+00 2.350434151814762285e-01 3.717075488958578866e-01
-1.595557385031219910e+00 2.589240957386098052e-01 3.703093343831619366e-01
-1.597838092504923591e+00 2.820907172544683816e-01 3.635362040296850061e-01
-1.584746970228641638e+00 3.038415079791771389e-01 3.502963789922279858e-01
-1.553567444325494984e+00 3.234746961628553463e-01 3.294980804275955411e-01
-1.501582940918602116e+00 3.402885100556282127e-01 3.000495294925892287e-01
-1.427213868203429215e+00 3.536472795435977035e-01 2.614681324694193565e-01
-1.333428497606647056e+00 3.631797372744424157e-01 2.157080012843210493e-01
-1.224332050098446922e+00 3.685807156406614160e-01 1.653324155602731715e-01
-1.104029746648995003e+00 3.695450470347561023e-01 1.129046549202424726e-01
-9.766268082284657037e-01 3.657675638492275394e-01 6.098799898719955981e-02
-8.462284558070208851e-01 3.569430984765750714e-01 1.214572738411073133e-02
-7.169399103548581564e-01 3.427664833093010399e-01 -3.105888026604452720e-02
-5.928663928421404883e-01 3.229325507399057327e-01 -6.606254434030026101e-02
-4.781131242390411762e-01 2.971361331608894929e-01 -9.030198521568584547e-02
-3.767853255157263548e-01 2.650720629647502213e-01 -1.012139232692311069e-01
-2.920208352351432168e-01 2.268877553747017384e-01 -9.728043124538124364e-02
-2.230881283898643319e-01 1.845408792474559356e-01 -8.116481191547998686e-02
-1.682883805927619103e-01 1.404416474266058923e-01 -5.657563069882416001e-02
-1.259227674567048594e-01 9.700027275574087116e-02 -2.722145301470782486e-02
-9.429246459457282792e-02 5.662696807846182012e-02 3.189155717566703047e-03
-7.169864761923373797e-02 2.173194623835781464e-02 3.094763007870512950e-02
-5.644249214355978594e-02 -5.274579920977927328e-03 5.234540464941050270e-02
-4.682517378042256456e-02 -2.198239755595346456e-02 6.367391401038657861e-02
-4.114786814269583842e-02 -2.598129382297252599e-02 6.122459274233429949e-02
-3.771175084325074922e-02 -1.486105587844407938e-02 4.128887542595827131e-02
-3.477880198233926357e-02 1.279395314714598664e-02 1.281520590621339564e-03
-3.045421960973222070e-02 5.442106622699549590e-02 -5.688941743967530773e-02
-2.280400626257932800e-02 1.064630403602283282e-01 -1.301925603922780561e-01
-9.894164478032412696e-03 1.653626325459539026e-01 -2.155965299945128699e-01
1.020930320675846048e-02 2.275625997832954051e-01 -3.100699479737250575e-01
3.944039425464267168e-02 2.895056990713715805e-01 -4.105814360572536126e-01
7.973310612847381296e-02 3.476346874093061978e-01 -5.140996159724470216e-01
1.330214362910941972e-01 3.983923217962076491e-01 -6.175931094466260429e-01
2.012393822053563930e-01 4.382213592312002581e-01 -7.180305382071389131e-01
2.863209413341096798e-01 4.635645567134027978e-01 -8.123805239813252088e-01
3.889658275205893356e-01 4.718830164518184600e-01 -8.979825229103834960e-01
5.049364082461329506e-01 4.647113963092788791e-01 -9.736593924502124908e-01
6.287606614285216056e-01 4.446027867675242384e-01 -1.038604856300925361e+00
7.549665649855281657e-01 4.141102783082938887e-01 -1.092012638162628724e+00
8.780820968349355438e-01 3.757869614133227953e-01 -1.133076461735430529e+00
9.926352348944942339e-01 3.321859265643568038e-01 -1.160990050719428623e+00
1.093153957081988370e+00 2.858602642431319896e-01 -1.174947128814733732e+00
1.174166241315190318e+00 2.393630649313870096e-01 -1.174141419721450585e+00
1.230200065511876328e+00 1.952474191108573287e-01 -1.157766647139683025e+00
1.255783407589808887e+00 1.560664172632897639e-01 -1.125016534769539112e+00
1.247238544354447809e+00 1.238109283040289138e-01 -1.075708740195115753e+00
1.208065050833310838e+00 9.822290271205631751e-02 -1.012156692238517453e+00
1.143556852277627156e+00 7.848205331444357835e-02 -9.372977714569805663e-01
1.059007873938644595e+00 6.376809293826739278e-02 -8.540693584077617695e-01
9.597120410675943347e-01 5.326073441059886449e-02 -7.654088336480983079e-01
8.509632789157123289e-01 4.613969055851117884e-02 -6.742535777352335336e-01
7.380555127342347532e-01 4.158467420907752815e-02 -5.835409712264107984e-01
6.262826677743873471e-01 3.877539818937086186e-02 -4.962083946788659605e-01
5.209386692874266034e-01 3.689157532646478166e-02 -4.151932286498579150e-01
4.273174425245784835e-01 3.511291844743214680e-02 -3.434328536966221868e-01
3.495399283602224627e-01 3.278120524600980357e-02 -2.831792107920191315e-01
2.870351972795330830e-01 2.988646360922924544e-02 -2.339425217922595779e-01
2.380593689497165766e-01 2.658078165413976790e-02 -1.945475885794873128e-01
2.008685630379618559e-01 2.301624749778990661e-02 -1.638192130358325505e-01
1.737188992114642450e-01 1.934494925722844705e-02 -1.405821970434303347e-01
1.548664971374174582e-01 1.571897504950383467e-02 -1.236613424844144465e-01
1.425674764830200392e-01 1.229041299166548813e-02 -1.118814512409228579e-01
1.350779569154652304e-01 9.211351200761858093e-03 -1.040673251950889333e-01
1.306540581019480785e-01 6.633877793841710946e-03 -9.904376622904761951e-02
1.275518997096636298e-01 4.710080887953682106e-03 -9.563557622493376598e-02
1.245595607466188914e-01 3.553560106221613415e-03 -9.301580115562994855e-02
1.225928662691520010e-01 3.123967702913797544e-03 -9.175040357822832060e-02
1.230995550179356107e-01 3.342470741725618154e-03 -9.275356025182103503e-02
1.275273657336430388e-01 4.130236286352554319e-03 -9.693944793550073047e-02
1.373240371569462159e-01 5.408431400489850487e-03 -1.052222433883588937e-01
1.539373080285180162e-01 7.098223147832936723e-03 -1.185161233694878302e-01
1.788149170890310780e-01 9.120778592077195823e-03 -1.377352646379796652e-01
2.134046030791617032e-01 1.139726479691823523e-02 -1.637938439529292023e-01
2.591541047395763409e-01 1.384884882605101793e-02 -1.976060380734238897e-01
3.175111608109504324e-01 1.639669774317113402e-02 -2.400860237585579759e-01
3.892406854573950969e-01 1.895877208435374842e-02 -2.916594703412938028e-01
4.723762945367757649e-01 2.144020627519317018e-02 -3.507980174500746062e-01
5.642687793304046462e-01 2.374292821366366310e-02 -4.154847972872199868e-01
6.622689311195693040e-01 2.576886579773891850e-02 -4.837029420550318926e-01
7.637275411855815044e-01 2.741994692539322792e-02 -5.534355839558294798e-01
8.659954008097447975e-01 2.859809949460067474e-02 -6.226658551919261875e-01
9.664233012733721706e-01 2.920525140333537009e-02 -6.893768879656414494e-01
1.062362033857749299e+00 2.914333054957129673e-02 -7.515518144792769917e-01
1.151162389844189393e+00 2.831426483128261090e-02 -8.071737669351523037e-01
1.230175160513995891e+00 2.661998214644340638e-02 -8.542258775355807687e-01
1.297262449851992683e+00 2.400734747031373420e-02 -8.911460886686353167e-01
1.352331700431570249e+00 2.060298180142550867e-02 -9.181916615404217552e-01
1.395801711417856250e+00 1.657844707274200996e-02 -9.360747065811593215e-01
1.428091281975972571e+00 1.210530521722672816e-02 -9.455073342210640330e-01
1.449619211271041985e+00 7.355118167842730932e-03 -9.472016548903506861e-01
1.460804298468181495e+00 2.499447857554345804e-03 -9.418697790192345209e-01
1.462065342732516093e+00 -2.290143780675346977e-03 -9.302238170379319993e-01
1.453821143229166113e+00 -6.842094813882865570e-03 -9.129758793766580283e-01
1.436490499123251885e+00 -1.098484330910505860e-02 -8.908380764656265161e-01
1.410492209579897516e+00 -1.454682733337770220e-02 -8.645225187350568108e-01
1.376584261169946144e+00 -1.740716666331873150e-02 -8.348303420317310097e-01
1.336881409495733086e+00 -1.964771081392129026e-02 -8.029187889628203179e-01
1.293837607269678669e+00 -2.140099245979576459e-02 -7.700341300991353499e-01
1.249906807204216541e+00 -2.279954427555210689e-02 -7.374226360114954915e-01
1.207542962011768584e+00 -2.397589893580076223e-02 -7.063305772707116903e-01
1.169200024404760230e+00 -2.506258911515196058e-02 -6.780042244475972257e-01
1.137331947095617135e+00 -2.619214748821598049e-02 -6.536898481129659322e-01
1.114392682796762957e+00 -2.749710672960319069e-02 -6.346337188376298677e-01
1.102836184220627569e+00 -2.910999951392362339e-02 -6.220821071924058643e-01
1.105116404079633741e+00 -3.116335851578765775e-02 -6.172812837481060910e-01
1.122741635442878971e+00 -3.374813896557888465e-02 -6.209813228825463716e-01
1.153437586916842283e+00 -3.678898869583804160e-02 -6.319475425939256041e-01
1.193984334519818891e+00 -4.016897928440160692e-02 -6.484490788835257646e-01
1.241161954270109780e+00 -4.377118230910680141e-02 -6.687550677526313825e-01
1.291750522186016381e+00 -4.747866934779065851e-02 -6.911346452025266540e-01
1.342530114285842568e+00 -5.117451197829048226e-02 -7.138569472344973299e-01
1.390280806587879336e+00 -5.474178177844263304e-02 -7.351911098498232766e-01
1.431782675110432113e+00 -5.806355032608445654e-02 -7.534062690497909109e-01
1.463815795871799663e+00 -6.102288919905291681e-02 -7.667715608356836521e-01
1.483160244890284751e+00 -6.350286997518525545e-02 -7.735561212087861405e-01
1.487633942110275775e+00 -6.542434443572697766e-02 -7.725789925871999753e-01
1.479206005026646897e+00 -6.685927869029757720e-02 -7.648587486606380770e-01
1.460883305985327230e+00 -6.791741580936361267e-02 -7.519638223388106502e-01
1.435672717332242776e+00 -6.870849886339162882e-02 -7.354626465314263450e-01
1.406581111413326868e+00 -6.934227092284805938e-02 -7.169236541481984748e-01
1.376615360574505953e+00 -6.992847505819946297e-02 -6.979152780988354676e-01
1.348782337161708700e+00 -7.057685433991235657e-02 -6.800059512930477501e-01
1.326088913520862889e+00 -7.139715183845340984e-02 -6.647641066405444166e-01
1.311541961997900074e+00 -7.249911062428893160e-02 -6.537581770510381141e-01
1.308148354938747149e+00 -7.399247376788553598e-02 -6.485565954342377148e-01
1.318241553255154130e+00 -7.598040181534995718e-02 -6.503671063299633071e-01
1.341461372122153106e+00 -7.853972521534970108e-02 -6.589547007984749571e-01
1.376774215280601510e+00 -8.174069189219286546e-02 -6.737236815301443915e-01
1.423146486471347671e+00 -8.565354977018664606e-02 -6.940783512153392287e-01
1.479544589435247470e+00 -9.034854677363900188e-02 -7.194230125444305290e-01
1.544934927913153899e+00 -9.589593082685769765e-02 -7.491619682077882425e-01
1.618283905645928389e+00 -1.023659498541511365e-01 -7.826995208957858718e-01
1.698557926374411942e+00 -1.098288517798258757e-01 -8.194399732987874829e-01
1.784723393839463323e+00 -1.183548845281902073e-01 -8.587876281071660234e-01
1.875746711781936860e+00 -1.280142960235518546e-01 -9.001467880112913322e-01
1.970181624120229236e+00 -1.387897394274891782e-01 -9.427595265158107418e-01
2.064931164643575290e+00 -1.503134738136953641e-01 -9.852189725333690973e-01
2.156485671898372480e+00 -1.621301559744947329e-01 -1.025956011866054896e+00
2.241335484431009828e+00 -1.737844427022105787e-01 -1.063401530315954746e+00
2.315970940787883237e+00 -1.848209907891671111e-01 -1.095986413685155370e+00
2.376882379515368182e+00 -1.947844570276856535e-01 -1.122141547775736603e+00
2.420560139159861901e+00 -2.032194982100905822e-01 -1.140297818389786944e+00
2.443494558267752748e+00 -2.096707711287051357e-01 -1.148886111329391557e+00
2.442175975385429521e+00 -2.136829325758529130e-01 -1.146337312396634944e+00
2.413094729059281018e+00 -2.148006393438564587e-01 -1.131082307393602937e+00
2.354443380619841264e+00 -2.127676125984112321e-01 -1.102335293629702395e+00
2.271223479936883116e+00 -2.081238423893349010e-01 -1.062443759265390808e+00
2.170138848365992246e+00 -2.016083888351751230e-01 -1.014538526379484384e+00
2.057893307262784077e+00 -1.939603120544814152e-01 -9.617504170508128780e-01
1.941190677982847612e+00 -1.859186721658014629e-01 -9.072102533581937189e-01
1.826734781881778957e+00 -1.782225292876835343e-01 -8.540488573804477790e-01
1.721229440315174886e+00 -1.716109435386759530e-01 -8.053970511963964851e-01
1.631378474638625065e+00 -1.668229750373265152e-01 -7.643856568848572675e-01
1.563885706207741588e+00 -1.645976839021844607e-01 -7.341454965246588804e-01
1.525454956378113458e+00 -1.656741302517975578e-01 -7.178073921946185321e-01
1.520448452019568908e+00 -1.705154942993288014e-01 -7.173936945130365839e-01
1.543862176045020851e+00 -1.784814524222634591e-01 -7.304929316829255059e-01
1.588350583874204025e+00 -1.886558089855737141e-01 -7.535851921599419079e-01
1.646568130926857387e+00 -2.001223683542336929e-01 -7.831505643997456190e-01
1.711169272622720783e+00 -2.119649348932171884e-01 -8.156691368579959134e-01
1.774808464381537609e+00 -2.232673129674986323e-01 -8.476209979903545078e-01
1.830140161623035944e+00 -2.331133069420497916e-01 -8.754862362524749031e-01
1.869818819766960738e+00 -2.405867211818452922e-01 -8.957449401000197042e-01
1.886498894233049839e+00 -2.447713600518587607e-01 -9.048771979886472971e-01
1.872834840441040649e+00 -2.447510279170636849e-01 -8.993630983740162899e-01
1.824074225918314696e+00 -2.399454137748280869e-01 -8.769135579449499618e-01
1.745836621495177932e+00 -2.311176874949166238e-01 -8.401625950417903610e-01
1.646334487550530357e+00 -2.193668747515161166e-01 -7.929749505997418790e-01
1.533780284463261090e+00 -2.057920012188121373e-01 -7.392153655540034674e-01
1.416386472612291669e+00 -1.914920925709939215e-01 -6.827485808397887324e-01
1.302365512376511658e+00 -1.775661744822470967e-01 -6.274393373922977357e-01
1.199929864134821944e+00 -1.651132726267585671e-01 -5.771523761467344249e-01
1.117291988266115865e+00 -1.552324126787143488e-01 -5.357524380382997498e-01
1.062664345149308298e+00 -1.490226203123030113e-01 -5.071042640022052073e-01
1.044259395163291915e+00 -1.475829212017104042e-01 -4.950725949736511922e-01
1.067545003336555665e+00 -1.516359664632396520e-01 -5.022305320726482281e-01
1.127010653295946963e+00 -1.603989089816592606e-01 -5.259846171584349195e-01
1.214401233317912165e+00 -1.727125270838551774e-01 -5.624497522750591116e-01
1.321461631678872095e+00 -1.874175990967101024e-01 -6.077408394665595459e-01
1.439936736655270666e+00 -2.033549033471096779e-01 -6.579727807769837344e-01
1.561571436523544687e+00 -2.193652181619387409e-01 -7.092604782503761918e-01
1.678110619560140959e+00 -2.342893218680834611e-01 -7.577188339307863174e-01
1.781299174041475641e+00 -2.469679927924258722e-01 -7.994627498622500772e-01
1.862881988243996423e+00 -2.562420092618521439e-01 -8.306071280888165376e-01
1.914603950444140334e+00 -2.609521496032470855e-01 -8.472668706545308792e-01
1.930418622055367628e+00 -2.602670397885090137e-01 -8.466333831210710592e-01
1.913114636191238338e+00 -2.546667526495773326e-01 -8.302042699186952257e-01
1.867689488682412469e+00 -2.449592368040017787e-01 -8.005537313962989288e-01
1.799140675359548913e+00 -2.319524408693322826e-01 -7.602559679027774964e-01
1.712465692053296795e+00 -2.164543134631170540e-01 -7.118851797870219267e-01
1.612662034594328109e+00 -1.992728032029085494e-01 -6.580155673979357633e-01
1.504727198813295086e+00 -1.812158587062553117e-01 -6.012213310844104486e-01
1.393658680540854844e+00 -1.630914285907069661e-01 -5.440766711953410883e-01
1.284453975607656062e+00 -1.457074614738118612e-01 -4.891557880796185698e-01
1.182110579844375842e+00 -1.298719059731228143e-01 -4.390328820861475467e-01
1.090729629738578232e+00 -1.162221494659574639e-01 -3.957534395466144050e-01
1.010826773115041988e+00 -1.047133246090511394e-01 -3.592480604704189062e-01
9.420212728100428867e-01 -9.512999793904183821e-02 -3.289186157229085361e-01
8.839323916598748054e-01 -8.725673599257004198e-02 -3.041669761694384411e-01
8.361793925008128570e-01 -8.087810530627363714e-02 -2.843950126753557184e-01
7.983815381691383717e-01 -7.577867241679141219e-02 -2.690045961060102409e-01
7.701580915011333461e-01 -7.174300386076214175e-02 -2.573975973267520478e-01
7.511283153330776674e-01 -6.855566617482439229e-02 -2.489758872029302905e-01
7.409114725012563296e-01 -6.600122589561749353e-02 -2.431413365998964515e-01
7.391268258419487758e-01 -6.386424955977995643e-02 -2.392958163829995710e-01
7.450690981100372978e-01 -6.195407514394477705e-02 -2.368653258891541546e-01
7.567348703050065239e-01 -6.017912496729883182e-02 -2.353723769609005201e-01
7.717961926299715669e-01 -5.847259208031719419e-02 -2.343636092220328371e-01
7.879251152880506481e-01 -5.676766953347447964e-02 -2.333856622963444982e-01
8.027936884823613228e-01 -5.499755037724547019e-02 -2.319851758076295067e-01
8.140739624160213683e-01 -5.309542766210477438e-02 -2.297087893796813107e-01
8.194379872921463415e-01 -5.099449443852752117e-02 -2.261031426362940799e-01
8.165578133138551298e-01 -4.862794375698833993e-02 -2.207148752012615678e-01
8.031054906842647334e-01 -4.592896866796197103e-02 -2.130906266983774999e-01
7.767530696064894880e-01 -4.283076222192294669e-02 -2.027770367514345473e-01
7.361215227078908852e-01 -3.929885700124827186e-02 -1.895212012931545564e-01
6.836273494229462289e-01 -3.542813816459147724e-02 -1.738720070820935493e-01
6.226358901672038870e-01 -3.134582762690288349e-02 -1.565787799811698688e-01
5.565124853562068985e-01 -2.717914730313241573e-02 -1.383908458533001928e-01
4.886224754055151775e-01 -2.305531910823114053e-02 -1.200575305614060978e-01
4.223312007306719851e-01 -1.910156495714898997e-02 -1.023281599684043031e-01
3.610040017472257445e-01 -1.544510676483628296e-02 -8.595205993721316551e-02
3.080062188707208271e-01 -1.221316644624305912e-02 -7.167855633074980692e-02
2.667031925167152040e-01 -9.532965916320204625e-03 -6.025697501193512384e-02
2.404602631007524416e-01 -7.531727090017724391e-03 -5.243664184368605763e-02
2.318039497242102842e-01 -6.291205737883297233e-03 -4.875702081932874188e-02
2.399054862317832881e-01 -5.711293052854073647e-03 -4.891812845382059044e-02
2.630972851539977730e-01 -5.646414083464591782e-03 -5.241011939252722407e-02
2.997117590213735361e-01 -5.950993878249377644e-03 -5.872314828081321575e-02
3.480813203644356202e-01 -6.479457485742931219e-03 -6.734736976404395725e-02
4.065383817137078193e-01 -7.086229954479771574e-03 -7.777293848758462524e-02
4.734153555997201446e-01 -7.625736332994465481e-03 -8.949000909680153437e-02
5.470446545529844551e-01 -7.952401669821432262e-03 -1.019887362370577866e-01
6.257586911040301514e-01 -7.920651013495245626e-03 -1.147592745537195785e-01
7.078898777833808609e-01 -7.384909412550433316e-03 -1.272917786921521077e-01
7.920896708808635722e-01 -6.187891487185744922e-03 -1.390871540711667576e-01
8.782857564921314752e-01 -4.125468133986359524e-03 -1.496893110488845546e-01
9.667248918570764404e-01 -9.817988160442847525e-04 -1.586529116796608352e-01
1.057653834215583011e+00 3.458957003548391099e-03 -1.655326180178498252e-01
1.151319340807544389e+00 9.412639861700187321e-03 -1.698830921178060560e-01
1.247968168872828132e+00 1.709509029531797175e-02 -1.712589960338828654e-01
1.347847075651327220e+00 2.672214884131012685e-02 -1.692149918204350345e-01
1.451202818382925752e+00 3.850965603658456499e-02 -1.633057415318167893e-01
1.558282154307518041e+00 5.267345241805056200e-02 -1.530859072223812734e-01
1.669331840664970201e+00 6.942937852261354958e-02 -1.381101509464844612e-01
1.784135536684649415e+00 8.884353861222513138e-02 -1.181303269983607906e-01
1.900624483054943248e+00 1.103830832809665208e-01 -9.368706991528029382e-02
2.016266809204191546e+00 1.333654225639129831e-01 -6.551821211618720497e-02
2.128530644560704843e+00 1.571079664961336775e-01 -3.436158602003338419e-02
2.234884118552824983e+00 1.809281251127038692e-01 -9.550240457634473490e-04
2.332795360608882262e+00 2.041433084486967975e-01 3.396364138767579699e-02
2.419732500157207866e+00 2.260709265391857847e-01 6.965657786133748475e-02
2.493163666626138752e+00 2.460283894192456244e-01 1.053859529562778535e-01
2.550556989443991007e+00 2.633331071239460863e-01 1.404139342535437041e-01
2.589380598039105141e+00 2.773024896883622969e-01 1.740026893341913017e-01
2.607767034947300555e+00 2.874130569609765207e-01 2.054870625648145543e-01
2.606506457116606335e+00 2.937777589396367017e-01 2.344926012956040084e-01
2.587053415593803862e+00 2.966686508834950331e-01 2.607175275830134753e-01
2.550862461425673189e+00 2.963577880517054841e-01 2.838600634835046210e-01
2.499388145658996585e+00 2.931172257034215245e-01 3.036184310535365860e-01
2.434085019340546552e+00 2.872190190977957913e-01 3.196908523495695653e-01
2.356407633517116018e+00 2.789352234939826980e-01 3.317755494280598128e-01
2.267810539235481482e+00 2.685378941511353257e-01 3.395707443454678565e-01
2.169748287542421661e+00 2.562990863284068666e-01 3.427746591582527813e-01
2.063675429484707724e+00 2.424908552849494026e-01 3.410855159228731726e-01
1.951289981120166717e+00 2.274018187474460551e-01 3.344157537109569978e-01
1.835263776758065513e+00 2.113868414696100095e-01 3.235346428828068666e-01
1.718512094822834291e+00 1.948173492511760807e-01 3.094256524282891219e-01
1.603950213738894570e+00 1.780647678918774457e-01 2.930722513372684412e-01
1.494493411930696514e+00 1.615005231914518613e-01 2.754579085996142207e-01
1.393056967822660530e+00 1.454960409496324769e-01 2.575660932051913599e-01
1.302556159839217242e+00 1.304227469661540240e-01 2.403802741438660073e-01
1.225906266404791500e+00 1.166520670407500959e-01 2.248839204055033680e-01
1.166022565943826805e+00 1.045554269731578390e-01 2.120605009799723939e-01
1.125820336880746897e+00 9.450425256311066613e-02 2.028934848571379845e-01
1.106988495425651031e+00 8.675492315411553745e-02 1.980663765050485470e-01
1.106310508931316550e+00 8.110363226476836884e-02 1.970628223044814942e-01
1.119343482536189871e+00 7.723152695743701335e-02 1.990665041143964420e-01
1.141644521378714749e+00 7.481975429449029547e-02 2.032611037937526455e-01
1.168770730597337382e+00 7.354946133829594335e-02 2.088303032015095262e-01
1.196279215330502854e+00 7.310179515122211535e-02 2.149577841966266445e-01
1.219727080716659362e+00 7.315790279563694209e-02 2.208272286380639216e-01
1.234671431894248439e+00 7.339893133390856805e-02 2.256223183847798075e-01
1.236669374001717392e+00 7.350602782840513771e-02 2.285267352957343345e-01
1.221278012177512196e+00 7.316033934149475393e-02 2.287241612298869797e-01
1.185726146977182927e+00 7.211158356633634581e-02 2.256613545186655634e-01
1.133929647596417123e+00 7.038377249043410722e-02 2.198374245444129349e-01
1.071476222136928946e+00 6.806949461779988886e-02 2.120145797429436041e-01
1.003953578700434779e+00 6.526133845244562470e-02 2.029550285500725249e-01
9.369494253886448965e-01 6.205189249838295035e-02 1.934209794016135686e-01
8.760514703032872275e-01 5.853374525962434793e-02 1.841746407333832714e-01
8.268474215460723808e-01 5.479948524018148776e-02 1.759782209811955878e-01
7.949249872187160726e-01 5.094170094406627602e-02 1.695939285808652219e-01
7.858718754229352399e-01 4.705298087529030671e-02 1.657839719682069335e-01
8.052757942604478192e-01 4.322591353786621460e-02 1.653105595790361482e-01
8.568775829338840522e-01 3.960385388919814703e-02 1.688092858503318638e-01
9.370304993700974139e-01 3.653322560516157613e-02 1.764092819787694000e-01
1.040240879756769488e+00 3.441122026748510282e-02 1.881130615396825190e-01
1.161015060281552103e+00 3.363502945789784843e-02 2.039231381084017913e-01
1.293859377132125177e+00 3.460184475812828897e-02 2.238420252602607019e-01
1.433280166496159413e+00 3.770885774990515027e-02 2.478722365705917918e-01
1.573783764561326182e+00 4.335326001495714426e-02 2.760162856147276855e-01
1.709876507515307953e+00 5.193224313501390577e-02 3.082766859680040050e-01
1.836064731545751227e+00 6.384299869180264098e-02 3.446559512057476571e-01
1.946854772840339587e+00 7.948271826705272103e-02 3.851565949032939029e-01
2.038319372167347598e+00 9.905272702929704409e-02 4.294253810065307708e-01
2.112796798987725211e+00 1.219708957017733159e-01 4.756860952995834446e-01
2.174191682528452851e+00 1.474592341982201849e-01 5.218067841150533237e-01
2.226408652016531597e+00 1.747397524323819895e-01 5.656554937855534648e-01
2.273352336678954977e+00 2.030344603180015417e-01 6.051002706436938716e-01
2.318927365742721403e+00 2.315653677688238044e-01 6.380091610220859355e-01
2.367038368434815965e+00 2.595544846985864407e-01 6.622502112533336094e-01
2.421589973982238853e+00 2.862238210210346634e-01 6.756914676700496170e-01
2.486486811611980485e+00 3.107953866499109652e-01 6.762009766048431292e-01
2.565633510551045049e+00 3.324911914989597816e-01 6.616467843903218737e-01
2.661300373582417667e+00 3.506313937251295809e-01 6.306794901125574171e-01
2.769220678257838131e+00 3.649287276103120314e-01 5.850797695402559784e-01
2.883493515954391739e+00 3.751940672558369272e-01 5.274107840314250506e-01
2.998217978049173116e+00 3.812382867630343952e-01 4.602356949440659650e-01
3.107493155919244465e+00 3.828722602332327862e-01 3.861176636361979275e-01
3.205418140941702188e+00 3.799068617677626714e-01 3.076198514658227690e-01
3.286092024493628916e+00 3.721529654679535115e-01 2.273054197909482876e-01
3.343613897952114833e+00 3.594214454351338794e-01 1.477375299695745936e-01
3.372082852694232358e+00 3.415231757706353455e-01 7.147934335972352948e-02
3.365597980097072561e+00 3.182690305757869265e-01 1.094021319395302450e-03
3.320558469365755272e+00 2.896962808318362392e-01 -6.141698957169912376e-02
3.242563901017543326e+00 2.567477850397031358e-01 -1.162991018470346111e-01
3.139513953397723434e+00 2.205927985802220714e-01 -1.643594428183865752e-01
3.019308304851614277e+00 1.824005768342374378e-01 -2.064051397975179558e-01
2.889846633724503455e+00 1.433403751825839123e-01 -2.432433200962046405e-01
2.759028618361689666e+00 1.045814490060994334e-01 -2.756811110262180065e-01
2.634753937108460065e+00 6.729305368561853962e-02 -3.045256398993319014e-01
2.524922268310135554e+00 3.264444460198589332e-02 -3.305840340273125122e-01
2.437433290312002399e+00 1.804877136035833510e-03 -3.546634207219341306e-01
2.380186681459357523e+00 -2.405639333139375849e-02 -3.775709272949678841e-01
2.358815587484003995e+00 -4.409705847683600272e-02 -3.999617049078891817e-01
2.369886634579303042e+00 -5.878265433168338577e-02 -4.218829740319786081e-01
2.407699721778711943e+00 -6.890569204799869285e-02 -4.432299659434474348e-01
2.466554748115688867e+00 -7.525868277784281135e-02 -4.638979119185052125e-01
2.540751612623702638e+00 -7.863413767327670501e-02 -4.837820432333625464e-01
2.624590214336195881e+00 -7.982456788636062284e-02 -5.027775911642250461e-01
2.712370452286636535e+00 -7.962248456915585471e-02 -5.207797869873039831e-01
2.798392225508482767e+00 -7.882039887372319087e-02 -5.376838619788083529e-01
2.876955433035201182e+00 -7.821082195212342159e-02 -5.533850474149486498e-01
2.942359973900237069e+00 -7.858626495641751752e-02 -5.677785745719314825e-01
2.990560832421985449e+00 -8.056610733986327433e-02 -5.808836883120549466e-01
3.024133428763970510e+00 -8.407719185376053006e-02 -5.932156949381324207e-01
3.047308315727695227e+00 -8.887322459719813883e-02 -6.054139178871733584e-01
3.064316046114654135e+00 -9.470791166926365023e-02 -6.181176805961841048e-01
3.079387172726351096e+00 -1.013349591690458629e-01 -6.319663065021748904e-01
3.096752248364285531e+00 -1.085080731956331174e-01 -6.475991190421537258e-01
3.120641825829959082e+00 -1.159809598481139070e-01 -6.656554416531298424e-01
3.155286457924873389e+00 -1.235073252255772247e-01 -6.867745977721132489e-01
3.204916697450523877e+00 -1.308408754271101204e-01 -7.115959108361094021e-01
3.273763097208413519e+00 -1.377353165518017397e-01 -7.407587042821284218e-01
3.364291919519119212e+00 -1.439867386463666854e-01 -7.746087681541635739e-01
3.471912365732329420e+00 -1.495607651228138268e-01 -8.123177757201440752e-01
3.590269397192812573e+00 -1.544654021281797185e-01 -8.527638752529119737e-01
3.713007975245365078e+00 -1.587086558095023303e-01 -8.948252150253181991e-01
3.833773061234776680e+00 -1.622985323138192992e-01 -9.373799433102115719e-01
3.946209616505844231e+00 -1.652430377881682899e-01 -9.793062083804431328e-01
4.043962602403335715e+00 -1.675501783795863842e-01 -1.019482158508854264e+00
4.120676980272050649e+00 -1.692279602351114409e-01 -1.056785941968297005e+00
4.169997711456776557e+00 -1.702843895017808196e-01 -1.090095707031619066e+00
4.185569757302300964e+00 -1.707274723266322680e-01 -1.118289601971671487e+00
4.163014098349226977e+00 -1.705916417403315621e-01 -1.140602060574089416e+00
4.105855452722537713e+00 -1.700170337716808977e-01 -1.157692597516536859e+00
4.019594388147216257e+00 -1.691702090649705170e-01 -1.170576982410548750e+00
3.909731472348237258e+00 -1.682177282644906624e-01 -1.180270984867661133e+00
3.781767273050609113e+00 -1.673261520145317149e-01 -1.187790374499406942e+00
3.641202357979306914e+00 -1.666620409593839447e-01 -1.194150920917322445e+00
3.493537294859316411e+00 -1.663919557433375107e-01 -1.200368393732942796e+00
3.344272651415610920e+00 -1.666824570106828496e-01 -1.207458562557803594e+00
3.198908995373202391e+00 -1.677001054057100926e-01 -1.216437197003438220e+00
3.062946894457063252e+00 -1.696114615727095376e-01 -1.228320066681382716e+00
2.941024565786595435e+00 -1.725832083596275379e-01 -1.244037603820133508e+00
2.834330824058870046e+00 -1.767825174290343915e-01 -1.264178891116034098e+00
2.743192133365364604e+00 -1.823766826471571734e-01 -1.289247673882391476e+00
2.667934957797583717e+00 -1.895329978802213489e-01 -1.319747697432506861e+00
2.608885761447003571e+00 -1.984187569944537433e-01 -1.356182707079686578e+00
2.566371008405110565e+00 -2.092012538560806822e-01 -1.399056448137235842e+00
2.540717162763390213e+00 -2.220477823313300458e-01 -1.448872665918464309e+00
2.532250688613334688e+00 -2.371256362864258282e-01 -1.506135105736668089e+00
2.541298050046425061e+00 -2.546021095875956597e-01 -1.571347512905156840e+00
2.568185711154149065e+00 -2.746444961010657826e-01 -1.645013632737233999e+00
2.612526207269290968e+00 -2.972657324202003237e-01 -1.727071238936351616e+00
2.671076236133165249e+00 -3.218612995491486606e-01 -1.815194121608939559e+00
2.739878505448768653e+00 -3.476723079700418939e-01 -1.906490050671770131e+00
2.814975722919088597e+00 -3.739398681650091261e-01 -1.998066796041607640e+00
2.892410596247125376e+00 -3.999050906161822350e-01 -2.087032127635226608e+00
2.968225833135853531e+00 -4.248090858056854380e-01 -2.170493815369375135e+00
3.038464141288270692e+00 -4.478929642156506685e-01 -2.245559629160826631e+00
3.099168228407366943e+00 -4.683978363282068624e-01 -2.309337338926347183e+00
3.146380802196137250e+00 -4.855648126254848984e-01 -2.358934714582704650e+00
3.176144570357563701e+00 -4.986350035896107702e-01 -2.391459526046656237e+00
3.185998721008377998e+00 -5.071550947757040850e-01 -2.405192323914404628e+00
3.179468449550172160e+00 -5.118940895161088189e-01 -2.403104848607409139e+00
3.161575474613531611e+00 -5.139265749588550758e-01 -2.389341654780565261e+00
3.137341514829050215e+00 -5.143271382519731816e-01 -2.368047297088771597e+00
3.111788288827313398e+00 -5.141703665434936843e-01 -2.343366330186924529e+00
3.089937515238910581e+00 -5.145308469814471319e-01 -2.319443308729919107e+00
3.076810912694432076e+00 -5.164831667138638505e-01 -2.300422787372653044e+00
3.077430199824465085e+00 -5.211019128887741658e-01 -2.290449320770023611e+00
3.096817095259598585e+00 -5.294616726542085150e-01 -2.293667463576925858e+00
3.139993317630430436e+00 -5.426370331581999995e-01 -2.314221770448262383e+00
3.210141756096319021e+00 -5.613622258673323095e-01 -2.354781796889755530e+00
3.303089561045062794e+00 -5.850099816189642254e-01 -2.412116764200298302e+00
3.412824842943865455e+00 -6.126126366161649406e-01 -2.481520725719698728e+00
3.533335712259931594e+00 -6.432025270620040924e-01 -2.558287734787764833e+00
3.658610279460463577e+00 -6.758119891595506523e-01 -2.637711844744305090e+00
3.782636655012664662e+00 -7.094733591118741467e-01 -2.715087108929127968e+00
3.899402949383737660e+00 -7.432189731220435469e-01 -2.785707580682040607e+00
4.002897273040904480e+00 -7.760811673931342636e-01 -2.844867313342861248e+00
4.087107736451330631e+00 -8.070922781282037217e-01 -2.887860360251377045e+00
4.146022450082236688e+00 -8.352846415303267769e-01 -2.909980774747406240e+00
4.175265126776044333e+00 -8.599364516377557832e-01 -2.907811384703741453e+00
4.177002076058539792e+00 -8.813093619660709033e-01 -2.883090263615751159e+00
4.155035303423327164e+00 -8.999108979345363801e-01 -2.838844333258169428e+00
4.113166814364005219e+00 -9.162485849624163459e-01 -2.778100515405731219e+00
4.055198614374174504e+00 -9.308299484689739334e-01 -2.703885731833166606e+00
3.984932708947423130e+00 -9.441625138734757172e-01 -2.619226904315195004e+00
3.906171103577376957e+00 -9.567538065951809445e-01 -2.527150954626578905e+00
3.822715803757625430e+00 -9.691113520533557457e-01 -2.430684804542038169e+00
3.738368814981769095e+00 -9.817426756672642529e-01 -2.332855375836304646e+00
3.656932142743408498e+00 -9.951553028561701542e-01 -2.236689590284112406e+00
3.581484364591853709e+00 -1.009805296249865592e+00 -2.144626436371556366e+00
3.512210346299253771e+00 -1.025942867320253971e+00 -2.056753169430179273e+00
3.448571525693464146e+00 -1.043766764749768372e+00 -1.972569111502885386e+00
3.390029340602344288e+00 -1.063475737220840767e+00 -1.891573584632580296e+00
3.336045228853741662e+00 -1.085268533415907566e+00 -1.813265910862154717e+00
3.286080628275533044e+00 -1.109343902017392969e+00 -1.737145412234541775e+00
3.239596976695565900e+00 -1.135900591707732499e+00 -1.662711410792631295e+00
3.196055711941698796e+00 -1.165137351169359237e+00 -1.589463228579328646e+00
3.154918271841787636e+00 -1.197252929084705375e+00 -1.516900187637538533e+00
3.115646094223691431e+00 -1.232446074136202219e+00 -1.444521610010165436e+00
3.077599307056628763e+00 -1.271038634747249318e+00 -1.371910670272446398e+00
3.039732810469097046e+00 -1.313844844217666008e+00 -1.298985943532921183e+00
3.000900200527778949e+00 -1.361802028544624843e+00 -1.225749852634505421e+00
2.959955073299375794e+00 -1.415847513725272400e+00 -1.152204820420153153e+00
2.915751024850571138e+00 -1.476918625756780790e+00 -1.078353269732780451e+00
2.867141651248053869e+00 -1.545952690636314131e+00 -1.004197623415316043e+00
2.812980548558514204e+00 -1.623887034361035431e+00 -9.297403043106879927e-01
2.752121312848641477e+00 -1.711658982928109696e+00 -8.549837352618253616e-01
2.683417540185123240e+00 -1.810205862334699045e+00 -7.799303391116563233e-01
2.605722826634650602e+00 -1.920464998577968263e+00 -7.045825387031096065e-01
2.518499659393812706e+00 -2.042279533385286783e+00 -6.291144579770143741e-01
2.423645950818784645e+00 -2.171116121836429436e+00 -5.543869859677582612e-01
2.323668434717539366e+00 -2.301347359953706206e+00 -4.814326931590957037e-01
2.221073844898064031e+00 -2.427345843759406652e+00 -4.112841500347943491e-01
2.118368915168345801e+00 -2.543484169275818996e+00 -3.449739270786221224e-01
2.018060379336372723e+00 -2.644134932525234127e+00 -2.835345947743468376e-01
1.922654971210132180e+00 -2.723670729529940715e+00 -2.279987236057361422e-01
1.834659424597611777e+00 -2.776464156312228315e+00 -1.793988840565579612e-01
1.756580473306798673e+00 -2.796887808894385152e+00 -1.387676466105799700e-01
1.690924851145670704e+00 -2.779314283298695454e+00 -1.071375817515653056e-01
1.639605450446233625e+00 -2.720364972439988982e+00 -8.511920376922989251e-02
1.602159661713023597e+00 -2.625656971526729500e+00 -7.163470557325897492e-02
1.577530966010930458e+00 -2.503056430029018120e+00 -6.518417557601897949e-02
1.564662844404847375e+00 -2.360429497416961286e+00 -6.426770218987645777e-02
1.562498777959663965e+00 -2.205642323160661000e+00 -6.738537382719783642e-02
1.569982247740271175e+00 -2.046561056730222816e+00 -7.303727890034958370e-02
1.586056734811561730e+00 -1.891051847595750290e+00 -7.972350582169822342e-02
1.609665720238429909e+00 -1.746980845227322110e+00 -8.594414300361115366e-02
1.639752685085759554e+00 -1.622214199095096010e+00 -9.019927885845246962e-02
1.675261110418444277e+00 -1.524618058669148901e+00 -9.098900179858972204e-02
1.714926698310939024e+00 -1.459915374247964692e+00 -8.719503261587836784e-02
1.756654011097191992e+00 -1.425256054170364051e+00 -7.922566529511355926e-02
1.798139820231162256e+00 -1.415646684965196966e+00 -6.787084803838382141e-02
1.837080897166812443e+00 -1.426093853161315872e+00 -5.392052904777785982e-02
1.871174013358102739e+00 -1.451604145287572312e+00 -3.816465652538426206e-02
1.898115940258999546e+00 -1.487184147872824269e+00 -2.139317867328863892e-02
1.915603449323452834e+00 -1.527840447445909966e+00 -4.396043693585682463e-03
1.921333312005429894e+00 -1.568579630535686720e+00 1.203680021163889072e-02
1.913002299758891578e+00 -1.604408283671005853e+00 2.711540484029644968e-02
1.888307184037798292e+00 -1.630332993380718465e+00 4.004982199029839124e-02
1.845746946004669375e+00 -1.642478491370232607e+00 5.022720273249951101e-02
1.787029405656246128e+00 -1.641442090051176805e+00 5.774309522952841833e-02
1.714664592697829004e+00 -1.628939247011736979e+00 6.287014691695723412e-02
1.631162536834716237e+00 -1.606685419840097939e+00 6.588100523035790579e-02
1.539033267772192071e+00 -1.576396066124438944e+00 6.704831760530258200e-02
1.440786815215587380e+00 -1.539786643452955683e+00 6.664473147736295344e-02
1.338933208870186631e+00 -1.498572609413828971e+00 6.494289428211143245e-02
1.235982478441289389e+00 -1.454469421595243839e+00 6.221545345512004971e-02
1.134444653634194777e+00 -1.409192537585385985e+00 5.873505643196087755e-02
1.036829764154202804e+00 -1.364457414972439775e+00 5.477435064820593280e-02
9.456478397066121477e-01 -1.321979511344590907e+00 5.060598353942731553e-02
8.634089099967228176e-01 -1.283474284290024192e+00 4.650260254119704256e-02
7.926230047298227221e-01 -1.250657191396919332e+00 4.273685508908654090e-02
7.358001536112364072e-01 -1.225243690253474016e+00 3.958138861866923597e-02
6.954503863462502267e-01 -1.208949238447866392e+00 3.730885056551648538e-02
6.740837326401633023e-01 -1.203489293568282381e+00 3.619188836520035452e-02
6.742102221982753107e-01 -1.210579313202906349e+00 3.650314945329287408e-02
6.983398847258852626e-01 -1.231934754939923549e+00 3.851528126536607477e-02
7.489827499282929457e-01 -1.269271076367519457e+00 4.250093123699204278e-02
8.286488475107975926e-01 -1.324303735073878885e+00 4.873274680374278800e-02
9.398482071787217507e-01 -1.398748188647202406e+00 5.748337540119220768e-02
1.085090858637325129e+00 -1.494319894675648630e+00 6.902546446490924470e-02
1.266886831591924611e+00 -1.612734310747414357e+00 8.363166143046726897e-02
1.487746155747819321e+00 -1.755706894450684397e+00 1.015746137334383736e-01
