-1.645101700880159834e+00 1.563988090046546819e+00 -1.217617517852843889e+01
-8.631393417560672132e-01 7.753811162933309520e-01 -1.094920514861945371e+01
-1.069976325122818650e-01 5.071909373730086601e-02 -9.831207149325852157e+00
6.178684161148685350e-01 -6.100102812679972786e-01 -8.819684176783807672e+00
1.306314749927388386e+00 -1.206939415549049377e+00 -7.912211913851760592e+00
1.953460209465327946e+00 -1.740308681887157594e+00 -7.106419447524055855e+00
2.554640092057363976e+00 -2.210457331747671450e+00 -6.399966745612225338e+00
3.105361455551797878e+00 -2.617817343286964693e+00 -5.790519119808934079e+00
3.601260299968124912e+00 -2.962910125652406190e+00 -5.275718857645553150e+00
4.038060788614492580e+00 -3.246346036146801950e+00 -4.853154165779053564e+00
4.411536702092369922e+00 -3.468826701871658980e+00 -4.520325531820364340e+00
4.717525376367207812e+00 -3.631261994277161342e+00 -4.274459385872827255e+00
4.952002709176943185e+00 -3.735125233422584401e+00 -4.111965901110130162e+00
5.110903431332292968e+00 -3.782142853548854156e+00 -4.028820698639210107e+00
5.190182360276526907e+00 -3.774179521777802915e+00 -4.020800743825755141e+00
5.185934930164105339e+00 -3.713222413080350837e+00 -4.083597610750821616e+00
5.094507296116123740e+00 -3.601356170406379675e+00 -4.212937654764753681e+00
4.912595737765666826e+00 -3.440729044216939148e+00 -4.404708257427603968e+00
4.637335553197251770e+00 -3.233511053433138827e+00 -4.655089058128414337e+00
4.266380145947001878e+00 -2.981845335655612494e+00 -4.960686896554824088e+00
3.797971554132452354e+00 -2.687794157164181907e+00 -5.318673053990900179e+00
3.230976467982869416e+00 -2.353253512628198152e+00 -5.726948388880412466e+00
2.564827170703220638e+00 -1.979821503357944934e+00 -6.184319577331812923e+00
1.799588936727849697e+00 -1.568849390835699076e+00 -6.690458761994974246e+00
9.360129851049010519e-01 -1.121430941016344107e+00 -7.245955310074948308e+00
-2.442588463669226329e-02 -6.383665000884721774e-01 -7.852398745993387053e+00
-1.030850193950556104e+00 -1.436920359863479435e-01 -8.483236142071675090e+00
-2.031032071025328012e+00 3.396280034275481197e-01 -9.113356906886552977e+00
-3.020740443597568436e+00 8.127135667524323370e-01 -9.747532045893468222e+00
-3.995501262778423879e+00 1.276759443869633692e+00 -1.039080299484882630e+01
-4.950557644953242686e+00 1.733000386241327906e+00 -1.104844794132683816e+01
-5.881173825384241383e+00 2.182708434732838043e+00 -1.172575921975914959e+01
-6.783841397157832631e+00 2.627210478391731385e+00 -1.242721324596252330e+01
-7.655548359195504915e+00 3.067654220103271712e+00 -1.315658153922543327e+01
-8.493465602863448538e+00 3.504949156633547780e+00 -1.391705329931492763e+01
-9.294944932137505944e+00 3.939766292712911344e+00 -1.471123943738901652e+01
-9.887666601298592539e+00 4.286476824961347631e+00 -1.541127514410310795e+01
-1.010694407917843307e+01 4.459300727645952200e+00 -1.587911508743318301e+01
-9.963662859629627278e+00 4.458136396917467437e+00 -1.609983882410545775e+01
-9.471158096561641315e+00 4.282546276890329295e+00 -1.605648949767818578e+01
-8.645021879008716326e+00 3.931947804673448399e+00 -1.573057825389171782e+01
-7.502893447346355771e+00 3.405793127111571117e+00 -1.510257601309545272e+01
-6.064229166152824035e+00 2.703734473294689966e+00 -1.415238923384796443e+01
-4.349979471684766175e+00 1.825761839185351842e+00 -1.285985051089236642e+01
-2.382244047413878185e+00 7.723139880313921735e-01 -1.120516992964347480e+01
-1.838951795536165612e-01 -4.556403785911234960e-01 -9.169349375782696043e+00
1.916399880836627823e+00 -1.675805686588291765e+00 -7.065512396212014323e+00
3.617152969026499409e+00 -2.706065365700587755e+00 -5.233194149219256630e+00
4.937270717933393449e+00 -3.545527733658556002e+00 -3.694065135284245294e+00
5.897133300845585069e+00 -4.193697597049605541e+00 -2.469728095824908820e+00
6.518162562178802411e+00 -4.650545848361918644e+00 -1.581287244668100112e+00
6.822350082614968336e+00 -4.916544016995072042e+00 -1.048958644911860860e+00
6.831748533735384932e+00 -4.992664664217079995e+00 -8.917229206365046013e-01
6.567936833501767602e+00 -4.880341494295214133e+00 -1.127029258335408901e+00
6.051461619989556340e+00 -4.581398495546170402e+00 -1.770542339622010131e+00
5.301259474493819290e+00 -4.097951145068810419e+00 -2.835929076927507175e+00
4.483409845145761352e+00 -3.542349629087790497e+00 -4.085511635847983491e+00
3.747215447473745797e+00 -3.024845585388346692e+00 -5.270112847071154683e+00
3.084776580911647414e+00 -2.544433171385657388e+00 -6.384738861655045561e+00
2.488147658137898954e+00 -2.099967861774082234e+00 -7.424681029518962028e+00
1.949463923596967296e+00 -1.690198379870305967e+00 -8.385538011338525166e+00
1.461293145946779060e+00 -1.313906967004006887e+00 -9.263177090830845728e+00
1.017630207990554370e+00 -9.702748720985239217e-01 -1.005370339046976369e+01
6.136288613909247625e-01 -6.586449768481464906e-01 -1.075377299940684139e+01
2.454000234880420184e-01 -3.784502056610166143e-01 -1.136059897802645580e+01
-9.003097522730296731e-02 -1.292308592758684149e-01 -1.187188663685680190e+01
-4.015281778181774008e-01 1.000845334298487987e-01 -1.234959405256702603e+01
-6.970678927441595896e-01 3.200955271141174840e-01 -1.285614007201751008e+01
-9.776365981673751371e-01 5.305466025164176092e-01 -1.339043157460624123e+01
-1.244206100856426689e+00 7.312769876627376320e-01 -1.395159391934304161e+01
-1.497716187676912725e+00 9.222065674867441221e-01 -1.453895315964517643e+01
-1.739059141119073448e+00 1.103322732436224030e+00 -1.515201882216449647e+01
-1.969065471882690099e+00 1.274668016997487552e+00 -1.579046744487936849e+01
-2.188491714951390943e+00 1.436328843475509487e+00 -1.645412680251082804e+01
-2.398008852637437904e+00 1.588424890336905815e+00 -1.714296100879888840e+01
-2.598191142787287689e+00 1.731099038761535258e+00 -1.785705654939830112e+01
-2.792392504133902609e+00 1.857293232472185807e+00 -1.847433377323528347e+01
-2.980686480328285093e+00 1.959438058662495763e+00 -1.887277652431921027e+01
-3.158174476060586766e+00 2.036767745222631376e+00 -1.905276563830020464e+01
-3.319433448944235199e+00 2.088349413896347428e+00 -1.901483955655992375e+01
-3.458649151360473795e+00 2.113128554639084555e+00 -1.875969548479901050e+01
-3.569749411718690091e+00 2.109973011965640133e+00 -1.828818517955582834e+01
-3.646537290174316048e+00 2.077715232748477803e+00 -1.760130460171729538e+01
-3.682824102901631758e+00 2.015191009000238065e+00 -1.670017706923869483e+01
-3.672561891148816038e+00 1.921276133768429428e+00 -1.558602950639066087e+01
-3.609975155813344383e+00 1.794920662531544142e+00 -1.426016178159225767e+01
-3.450841557245044378e+00 1.632641378850352654e+00 -1.301622064144640767e+01
-3.159699804737222451e+00 1.433251767738301430e+00 -1.214892503643552146e+01
-2.744082333204751034e+00 1.199145310076363158e+00 -1.166094937109880902e+01
-2.211190010314124876e+00 9.325336564336734746e-01 -1.155456161016351402e+01
-1.567669322055339709e+00 6.353487480531339049e-01 -1.183156879841209808e+01
-8.195515229550940361e-01 3.092060372833860260e-01 -1.249325804189239619e+01
2.738754401212458237e-02 -4.443248021962586947e-02 -1.354042163121276054e+01
9.680503032274975217e-01 -4.243217461409762858e-01 -1.497357355812713742e+01
1.998105000489247329e+00 -8.294246957069141279e-01 -1.679302768124490086e+01
3.113916282230365873e+00 -1.258857896867485060e+00 -1.899893776464558925e+01
4.177469785963015880e+00 -1.699567961716214937e+00 -2.109788382816866914e+01
5.058340489000875628e+00 -2.140637684638477367e+00 -2.259439458400428791e+01
5.763868550370752075e+00 -2.584180639712570393e+00 -2.348580409174203254e+01
6.300300799577451372e+00 -3.031992211843436813e+00 -2.376987961404076799e+01
6.672905208167603242e+00 -3.485634805359126176e+00 -2.344476937393429594e+01
6.886087436586811883e+00 -3.946522095752232229e+00 -2.250895496220269365e+01
6.943509088046742050e+00 -4.416002492217849351e+00 -2.096120770655335264e+01
6.848207501082176130e+00 -4.895441720566502397e+00 -1.880054840157339058e+01
6.602716727139064545e+00 -5.386304862634991864e+00 -1.602620989231917292e+01
6.209189520057303291e+00 -5.890237922860947606e+00 -1.263760208607681612e+01
5.745880296754007688e+00 -6.337614451709447039e+00 -9.240923233383799840e+00
5.286700984455623420e+00 -6.656863509942162693e+00 -6.442742877402075408e+00
4.827524898098805473e+00 -6.846859557134957974e+00 -4.243075960482098452e+00
4.364715050054923218e+00 -6.906373437349086153e+00 -2.641847953455095155e+00
3.894990753843765585e+00 -6.834009642924022465e+00 -1.638882034634220108e+00
3.415293944534262049e+00 -6.628144263408962900e+00 -1.233884368046513469e+00
2.922655186479192313e+00 -6.286863668548980932e+00 -1.426427565355025573e+00
2.414059278464180558e+00 -5.807904040755722974e+00 -2.215932316744953390e+00
1.886310442547750821e+00 -5.188591871367325581e+00 -3.601647120951152914e+00
1.335897073221038678e+00 -4.425785597763634449e+00 -5.582625914980905435e+00
8.087809936775526287e-01 -3.634010161104774816e+00 -7.631837170853346564e+00
3.546275431087271279e-01 -2.931075004249704907e+00 -9.223278954847419442e+00
-2.470681308710664936e-02 -2.318624089050949078e+00 -1.035746096911980274e+01
-3.271075878482894161e-01 -1.798659958787056201e+00 -1.103499821355048560e+01
-5.500996388553196503e-01 -1.373579711542780579e+00 -1.125664337109765789e+01
-6.906965704843496257e-01 -1.046256798031691471e+00 -1.102332010771979931e+01
-7.451735658041731547e-01 -8.201891297510288670e-01 -1.033616645697322767e+01
-7.092072448603048418e-01 -6.992940669514526864e-01 -9.196574142840230337e+00
-5.779670315933367331e-01 -6.877856663522528002e-01 -7.606183828644890177e+00
-3.461623344791168178e-01 -7.901012244765394099e-01 -5.566872696234892892e+00
-8.785311478115409578e-02 -9.326782889584459557e-01 -3.480588019553041423e+00
1.173211690130518958e-01 -1.037182724252410315e+00 -1.747330954148488269e+00
2.663259455955667709e-01 -1.100816604950842548e+00 -3.661352719294695413e-01
3.557894902950204385e-01 -1.120558797953558949e+00 6.640865014435105573e-01
3.820357263854725072e-01 -1.093221048852071275e+00 1.344537785615037562e+00
3.411176791119809315e-01 -1.015503263211929852e+00 1.676531255131507248e+00
2.288516035191437981e-01 -8.840478535477854782e-01 1.661480606070594890e+00
4.085177959632860234e-02 -6.954930302322277491e-01 1.300890663270148906e+00
-2.274340274999711309e-01 -4.465249326525544959e-01 5.963457375672837069e-01
-5.806884827742327948e-01 -1.339285179357964650e-01 -4.505038198200272959e-01
-9.326685633241583728e-01 1.569648842144879264e-01 -1.722247840205322511e+00
-1.194280940169520466e+00 3.400171698491779027e-01 -3.104216749833196953e+00
-1.366028958953283023e+00 4.170315507220062612e-01 -4.598817376924153599e+00
-1.448447796363059981e+00 3.896582446662572585e-01 -6.208422571849525617e+00
-1.442106469611311059e+00 2.593623508105583064e-01 -7.935346950846362546e+00
-1.347608964775605322e+00 2.739115685143855838e-02 -9.781823109621024415e+00
-1.165594601311037870e+00 -3.052590463763560358e-01 -1.174997822681136128e+01
-8.967375656087392954e-01 -7.378766320314712468e-01 -1.384181098396489062e+01
-5.417457850219729032e-01 -1.270068655623400655e+00 -1.605916865599618504e+01
-1.013592689892104381e-01 -1.901795130142775792e+00 -1.840372424024685571e+01
3.296578468443023269e-01 -2.511822908138830801e+00 -2.051875336118559545e+01
6.613054981947708022e-01 -2.983117039132546555e+00 -2.204478920910552731e+01
9.000170618975960046e-01 -3.321607416537487367e+00 -2.297942743330137105e+01
1.052258466211467791e+00 -3.532319854440687745e+00 -2.332052213700744048e+01
1.124483746606654400e+00 -3.619266630649820904e+00 -2.306620272194626509e+01
1.123061381696290884e+00 -3.585201199170748865e+00 -2.221491401304164626e+01
1.054159578668028008e+00 -3.431170774962254644e+00 -2.076549567211427672e+01
9.238386402732157165e-01 -3.157047010192842063e+00 -1.871709276581123760e+01
7.380833202680183724e-01 -2.761792394171769693e+00 -1.606910283789756377e+01
5.028059976810226317e-01 -2.243583673463848349e+00 -1.282114823963066996e+01
3.214418446975424448e-01 -1.754341741865751869e+00 -9.569909115957695889e+00
2.893358308084377217e-01 -1.446364311272506864e+00 -6.913304188097598946e+00
4.002470224848427849e-01 -1.318632169158051370e+00 -4.852724154455962058e+00
6.479822848329676033e-01 -1.371029979730878035e+00 -3.389274446572008159e+00
1.026397646372105843e+00 -1.604217516229278440e+00 -2.523814448670693267e+00
1.529398441155241706e+00 -2.019501149902396264e+00 -2.256995912024337692e+00
2.150938515929640360e+00 -2.618705718845905750e+00 -2.589300987645416274e+00
2.885018758987706544e+00 -3.404046866523716908e+00 -3.521080242076802147e+00
3.725685160346202895e+00 -4.378003926298960735e+00 -5.052590949921529351e+00
4.667026563472942868e+00 -5.543193413376209300e+00 -7.184035889794300189e+00
5.498606908924299042e+00 -6.638750884351265924e+00 -9.353042730680902750e+00
6.017453156840778306e+00 -7.400410480217550102e+00 -1.099610820483197848e+01
6.228904866472568358e+00 -7.825554784230279282e+00 -1.211184293053533167e+01
6.138318255550655245e+00 -7.911450504765857872e+00 -1.269894405688932437e+01
5.751052265607435210e+00 -7.655377749145078958e+00 -1.275612017660814956e+01
5.072455010219041327e+00 -7.054758778489325977e+00 -1.228201524850324766e+01
4.107850609495013572e+00 -6.107286291961770530e+00 -1.127513162212428099e+01
2.862526508566305417e+00 -4.811051040209273211e+00 -9.733752464460977194e+00
1.341721289888416324e+00 -3.164669230801185673e+00 -7.655863640943719517e+00
-4.493868991763132481e-01 -1.167409877554592246e+00 -5.039075361766673034e+00
-2.220879621991814545e+00 8.397446254704409307e-01 -2.398686153691512501e+00
-3.689656210712341622e+00 2.514052261584371006e+00 -2.525923275349447605e-01
-4.860796497080929868e+00 3.853371321065882427e+00 1.397862313317612015e+00
-5.739343417191792973e+00 4.856101041693735354e+00 2.551052120738782847e+00
-6.330291935284146021e+00 5.521303366410963420e+00 3.204993765260931049e+00
-6.638575989159773982e+00 5.848860031899821621e+00 3.357216813996316773e+00
-6.669043948835655655e+00 5.839682129938519317e+00 3.004526468623542002e+00
-6.426431670312535260e+00 5.495596255759767068e+00 2.143172153312137507e+00
-5.915320296763133534e+00 4.819214059973756292e+00 7.689940346254655612e-01
-5.140089663048991397e+00 3.813829709664342538e+00 -1.122476690794434573e+00
-4.308216129179278653e+00 2.723915638551063445e+00 -3.137506170442202258e+00
-3.622435597529138462e+00 1.791044629846449077e+00 -4.878191017443469946e+00
-3.079881608985710173e+00 1.014275807960624665e+00 -6.342770424837737231e+00
-2.677762363660524780e+00 3.922589592823029214e-01 -7.529336594894092904e+00
-2.413388618134442609e+00 -7.670863783592177243e-02 -8.435881625992983857e+00
-2.284202323018760250e+00 -3.946250260235958374e-01 -9.060343524037595131e+00
-2.287806041190346473e+00 -5.637259454676675219e-01 -9.400651211172018407e+00
-2.421993095855820233e+00 -5.864268771403222669e-01 -9.454768442313605803e+00
-2.684778484799467346e+00 -4.652646175046528665e-01 -9.220736570397706444e+00
-3.074430532529531135e+00 -2.028383878701161547e-01 -8.696716170452752692e+00
-3.441847041396044027e+00 7.348792923089247919e-02 -8.098321952967090454e+00
-3.639457519941168506e+00 2.390428811837293221e-01 -7.643695778318320144e+00
-3.667933678618698679e+00 2.952876113192820506e-01 -7.334767314089529755e+00
-3.527797162174726164e+00 2.437010986549350555e-01 -7.173251738505567410e+00
-3.219402451626804051e+00 8.574564672243598085e-02 -7.160610375055403765e+00
-2.742919538403670199e+00 -1.771679366611775830e-01 -7.298011714091725999e+00
-2.098316480619790703e+00 -5.437153454901799687e-01 -7.586292701704762997e+00
-1.285342112398945691e+00 -1.012693790248542891e+00 -8.025920101140982865e+00
-3.035089593042488154e-01 -1.583056909031153481e+00 -8.616951836514411767e+00
8.479234382411315885e-01 -2.253949392413691744e+00 -9.358998119040922603e+00
1.885978983323140401e+00 -2.880142101388682541e+00 -1.004378523579440952e+01
2.526954967599942314e+00 -3.318840564604665921e+00 -1.046239623707751853e+01
2.770358201432866263e+00 -3.572764525486973763e+00 -1.061378248454849249e+01
2.615225723366846111e+00 -3.644266695306600301e+00 -1.049785613499960846e+01
2.060097684870343837e+00 -3.535269717107725196e+00 -1.011557350652584120e+01
1.102931851157297416e+00 -3.247141720119586239e+00 -9.469049075280704386e+00
-2.590564518619520307e-01 -2.780515479440563098e+00 -8.561628137821770679e+00
-2.029112669185784590e+00 -2.135608447122809395e+00 -7.397603856624331620e+00
-4.210802771718453741e+00 -1.312388778541069279e+00 -5.982024110574228004e+00
-6.807940698761250964e+00 -3.106685072333988940e-01 -4.320540089282356888e+00
-9.373065225702347902e+00 7.446256654778578010e-01 -2.757230475720502838e+00
-1.145404086453138426e+01 1.728808545976934008e+00 -1.630151392529248788e+00
-1.304741816273422295e+01 2.642116841769255320e+00 -9.356076524830889696e-01
-1.414933335439951456e+01 3.484396334911086690e+00 -6.691222623383730195e-01
-1.475563673385148888e+01 4.255234261162198273e+00 -8.255918206916224023e-01
-1.486201897555027429e+01 4.954090434782398411e+00 -1.399444550961479017e+00
-1.446413497078632915e+01 5.580426684348469557e+00 -2.384801428419171199e+00
-1.355772501139227870e+01 6.133833948867916774e+00 -3.775640689859666388e+00
-1.213873316310327688e+01 6.614156967403405751e+00 -5.565965821528401136e+00
-1.020342289049177964e+01 7.021616279087798951e+00 -7.749976952102743510e+00
-8.244593996033724892e+00 7.366326062425653909e+00 -9.903492431846595778e+00
-6.760725399935071600e+00 7.658666475197335011e+00 -1.160897459635510032e+01
-5.756749696235123892e+00 7.899435884711738964e+00 -1.287068883001191644e+01
-5.237283157441055437e+00 8.089100553759838164e+00 -1.369258221784975582e+01
-5.206493083431810831e+00 8.227672849317256620e+00 -1.407813755092080399e+01
-5.667965469806748757e+00 8.314591918976287133e+00 -1.403022492611743921e+01
-6.624572180011881528e+00 8.348606725963286124e+00 -1.355095184253367435e+01
-8.078336665899970015e+00 8.327662066902322024e+00 -1.264151240760456929e+01
-1.003029703960932295e+01 8.248786805232857233e+00 -1.130203720394641920e+01
-1.248036519219247786e+01 8.107984265730081574e+00 -9.531445103727481438e+00
-1.479462947448616461e+01 7.835162939130689175e+00 -7.737848529656552898e+00
-1.633685159057132807e+01 7.366539214063074326e+00 -6.327665623552300111e+00
-1.710303060624205074e+01 6.707683715502013477e+00 -5.297887597472483279e+00
-1.708992509794216730e+01 5.865516408528380410e+00 -4.647883186047975457e+00
-1.629517989177269044e+01 4.848429867356175649e+00 -4.379673534132027868e+00
-1.471740927494304430e+01 3.666443842450930912e+00 -4.498369004906107804e+00
-1.235617577471010264e+01 2.331337151610524128e+00 -5.012690482442964779e+00
-9.212240224891738549e+00 8.564175263314526276e-01 -5.934050925799107645e+00
-5.287603023154616722e+00 -7.436555863456861815e-01 -7.276069737300492335e+00
-5.854777449294563674e-01 -2.453008884829353420e+00 -9.054285560442700387e+00
3.975912187615718629e+00 -3.968575697925524448e+00 -1.090873275846756307e+01
7.478199014152973945e+00 -5.008898381728728033e+00 -1.246147757686666502e+01
9.917685806664895409e+00 -5.590924356213550439e+00 -1.369975978128899463e+01
1.129151849669169216e+01 -5.733115708499266994e+00 -1.460763769063858319e+01
1.159773479972460741e+01 -5.455297435353776869e+00 -1.516638510993437094e+01
1.083530430720836435e+01 -4.778505143199416771e+00 -1.535489040330244492e+01
9.004156562594163304e+00 -3.724831299313840827e+00 -1.515005663223990950e+01
6.105194967207047796e+00 -2.317269126830125536e+00 -1.452720123603505975e+01
2.140293473139196934e+00 -5.795538346893293058e-01 -1.346045465907032224e+01
-2.887725855664422525e+00 1.463999201230106628e+00 -1.192315676995067442e+01
-7.927452544575554150e+00 3.394588517162137720e+00 -1.024214425994821021e+01
-1.192684305734722550e+01 4.823950319126185882e+00 -8.778317843449976010e+00
-1.488201819555158600e+01 5.773749156116107173e+00 -7.556745384031831492e+00
-1.678992342743616106e+01 6.266227252776836565e+00 -6.603487599906259220e+00
-1.764832545659270124e+01 6.324053637835841180e+00 -5.945209487729238518e+00
-1.745578673587380436e+01 5.970168480513927456e+00 -5.608794411038962480e+00
-1.621161764660183024e+01 5.227622777908298879e+00 -5.620961735747728838e+00
-1.391580677439412561e+01 4.119411767922411372e+00 -6.007890027223569795e+00
-1.056892940590265439e+01 2.668304127062158138e+00 -6.794845308230121006e+00
-6.172035059138235802e+00 8.966671086262552048e-01 -8.005815024804737945e+00
-1.613164450251976856e+00 -8.661452255599102479e-01 -9.362642925323120480e+00
2.219956723565370993e+00 -2.316272935282406298e+00 -1.055894479442783229e+01
5.326791490240247562e+00 -3.469905448474719822e+00 -1.157557619461731768e+01
7.707186210654266567e+00 -4.343019147310668515e+00 -1.239411504688518662e+01
9.361287534186525150e+00 -4.951255369356807101e+00 -1.299711158668212008e+01
1.028936439737432984e+01 -5.309776730741579520e+00 -1.336840584744702731e+01
1.049144893480740137e+01 -5.433080490199429846e+00 -1.349359500387034672e+01
9.967504616736265532e+00 -5.334957508740692411e+00 -1.335993776749446127e+01
8.717476241724400055e+00 -5.028455067920834409e+00 -1.295623276872420071e+01
6.741267252734564508e+00 -4.525825061757202228e+00 -1.227274962777812561e+01
4.479802567081745401e+00 -3.934582956601607062e+00 -1.147757619935773121e+01
2.373240606813889819e+00 -3.351860028485563969e+00 -1.074694105805791722e+01
4.203789635247034973e-01 -2.773813968706899225e+00 -1.008411377931581043e+01
-1.379866840476921208e+00 -2.196757300716750461e+00 -9.492018092343656122e+00
-3.028459831218117682e+00 -1.617168163654922663e+00 -8.973253587122012931e+00
-4.526239149544927898e+00 -1.031701157968736959e+00 -8.530117331337573106e+00
-5.873918613409310652e+00 -4.371982546808287906e-01 -8.164625429228719256e+00
-7.072086404940934656e+00 1.693002516925509737e-01 -7.878534375323006600e+00
-8.121205555398402609e+00 7.905447904689822947e-01 -7.673362248860225776e+00
-9.021615226347819316e+00 1.429065543274872230e+00 -7.550409773764858556e+00
-9.780315854777487772e+00 2.059867067519598471e+00 -7.422171770978367888e+00
-1.040363456762234406e+01 2.656884451208487263e+00 -7.201180264165343736e+00
-1.089090682079766736e+01 3.220810564928592079e+00 -6.888508799506054103e+00
-1.124158986877203503e+01 3.752257299253842326e+00 -6.485061804511810024e+00
-1.145525190628003998e+01 4.251757544380712517e+00 -5.991586328886556956e+00
-1.153156164157354979e+01 4.719767578514277417e+00 -5.408683915802208197e+00
-1.147027824803696028e+01 5.156669853501667511e+00 -4.736822550494377282e+00
-1.127124164713594112e+01 5.562776083973582253e+00 -3.976348713672879676e+00
-1.093436308727445905e+01 5.938330696017594335e+00 -3.127499448659841974e+00
-1.045961597281558042e+01 6.283514599754640884e+00 -2.190414415444466467e+00
-9.890983503501351137e+00 6.532595796073642269e+00 -1.339783397624811467e+00
-9.272368383975845063e+00 6.620094453783552879e+00 -7.503740334049617822e-01
-8.603732984006574824e+00 6.546230259842226396e+00 -4.222187094346585567e-01
-7.885157221923934756e+00 6.310809813851409267e+00 -3.551392702655342681e-01
-7.116869985582826352e+00 5.913204343406551544e+00 -5.487387311918943134e-01
-6.299298069941825062e+00 5.352311746145225868e+00 -1.002375506804320970e+00
-5.433126682726394208e+00 4.626531416283812703e+00 -1.715121491423478695e+00
-4.519224888820191133e+00 3.733903640252929979e+00 -2.685850125494331220e+00
-3.558617016067348260e+00 2.672184685553723238e+00 -3.913281557236709673e+00
-2.552473967973871716e+00 1.438897857309262340e+00 -5.396008240537497613e+00
-1.604865791209143300e+00 2.008422801342500397e-01 -6.908473359710523454e+00
-8.188611653016386605e-01 -8.728016650950387589e-01 -8.226439529933493588e+00
-1.940857126300339353e-01 -1.780739861162801363e+00 -9.350573122757936062e+00
2.700249719387608494e-01 -2.521275061365272130e+00 -1.028175586956845322e+01
5.742113287239130059e-01 -3.092366613140420828e+00 -1.102105139719141746e+01
7.193752278870384487e-01 -3.491689909905133948e+00 -1.156967156246412110e+01
7.065645880829158898e-01 -3.716695406355608799e+00 -1.192894244663163406e+01
5.369570792986042562e-01 -3.764667094820740356e+00 -1.210026988044752017e+01
2.118428228173900862e-01 -3.632780294721635439e+00 -1.208510441242081157e+01
-2.673939674657663801e-01 -3.318158656205361989e+00 -1.188490564916624948e+01
-7.857025047286247954e-01 -2.970347096076064286e+00 -1.164472856763235065e+01
-1.229653100384395348e+00 -2.741647639090427635e+00 -1.150801157348598913e+01
-1.600265289436548333e+00 -2.633330277786618989e+00 -1.147377388254972530e+01
-1.898590215959651939e+00 -2.646660329611213669e+00 -1.154104947870087194e+01
-2.125695151691874507e+00 -2.782870648300283190e+00 -1.170891026262754053e+01
-2.282647567741247663e+00 -3.043134466375144509e+00 -1.197648951074314816e+01
-2.370498838638967154e+00 -3.428538848463276612e+00 -1.234300562696576087e+01
-2.390267569641097545e+00 -3.940058656483033328e+00 -1.280778619989125389e+01
-2.342922731079867038e+00 -4.578531013531282667e+00 -1.337029231180947875e+01
-2.229366703165341690e+00 -5.344630173416195618e+00 -1.403014306607549777e+01
-2.118064478110884608e+00 -6.052315399349235570e+00 -1.462261068448419543e+01
-2.075549103649102278e+00 -6.513808143037746134e+00 -1.498415630057168180e+01
-2.099827486952357880e+00 -6.727244007746063126e+00 -1.511613733389444292e+01
-2.189014827554328413e+00 -6.691065928242746708e+00 -1.501963826181736295e+01
-2.341365389894618509e+00 -6.404066183441791793e+00 -1.469542660029875236e+01
-2.555281575577158737e+00 -5.865470921825973072e+00 -1.414389496167439830e+01
-2.829272860606367512e+00 -5.075077625633547918e+00 -1.336500641737899819e+01
-3.162025501762971480e+00 -4.033083023807823686e+00 -1.235837762706442078e+01
-3.552429829214114765e+00 -2.740012039872917526e+00 -1.112332269845469668e+01
-3.999586571752810293e+00 -1.196694997177495168e+00 -9.658879030258692211e+00
-4.439648103586817385e+00 3.263989463145904324e-01 -8.210467216690988224e+00
-4.810372827077718405e+00 1.558958253874342947e+00 -7.024099933634877502e+00
-5.113263499217287844e+00 2.500479230046685153e+00 -6.099792654602712361e+00
-5.349591243286236697e+00 3.150840514531392689e+00 -5.437918226705133584e+00
-5.520388500600994064e+00 3.510278166366224362e+00 -5.039177710884571226e+00
-5.626442283888358986e+00 3.579361534944751178e+00 -4.904571143358682050e+00
-5.668287543128597505e+00 3.358969808185604755e+00 -5.035368248522773982e+00
-5.646200454336453234e+00 2.850269151196908712e+00 -5.433079132597354644e+00
-5.560191494653884625e+00 2.054690322615857934e+00 -6.099424963429392221e+00
-5.409998171761548846e+00 9.739066703993819463e-01 -7.036308641875448799e+00
-5.233519105043087372e+00 -1.023911297031845358e-01 -7.994929406862778976e+00
-5.068819035023962805e+00 -8.862497214067699414e-01 -8.724450506422604334e+00
-4.915876437664048026e+00 -1.378576294762487109e+00 -9.223695148578725522e+00
-4.774942133947127409e+00 -1.580446487822543933e+00 -9.491302185035570105e+00
-4.646543121852269920e+00 -1.493089764720927137e+00 -9.525748356108909576e+00
-4.531486944350489487e+00 -1.117874912028828716e+00 -9.325370655040716272e+00
-4.430866648832321175e+00 -4.562955787201869451e-01 -8.888388845072217492e+00
-4.346066369786241168e+00 4.900441778025533268e-01 -8.212928169241918042e+00
-4.278767578540353611e+00 1.719444438921228224e+00 -7.297042301728916769e+00
-4.230956017014470660e+00 3.230124124515600936e+00 -6.138736594219272646e+00
-4.195802234126723818e+00 4.707117131570162982e+00 -5.003937215866318233e+00
-4.163949045933303061e+00 5.837885949130847685e+00 -4.161347996091716794e+00
-4.133536316577242076e+00 6.624306399355958774e+00 -3.613195910361469920e+00
-4.102313159485969862e+00 7.068340752696096629e+00 -3.361779935098139216e+00
-4.067626730743267416e+00 7.172020623160095809e+00 -3.409444532934234662e+00
-4.026420889743870468e+00 6.937433200116931431e+00 -3.758534183788313054e+00
-3.975273331004044230e+00 6.366718104218869634e+00 -4.411315644275501491e+00
-3.910409741347677937e+00 5.462050237600677427e+00 -5.370020572641535317e+00
-3.827743404355917978e+00 4.225630496852215146e+00 -6.636852203863060851e+00
-3.722923992913350855e+00 2.659678925500295055e+00 -8.213973166419048511e+00
-3.613751617917344561e+00 1.068327474622607909e+00 -9.817289866046516877e+00
-3.522800261216621376e+00 -2.471440264382553931e-01 -1.116004192910313009e+01
-3.452936530020528139e+00 -1.288795787804395410e+00 -1.224038495466555609e+01
-3.407293775336377006e+00 -2.058702914686174612e+00 -1.305652816291875240e+01
-3.389231748152250923e+00 -2.558946420657903786e+00 -1.360674301660052876e+01
-3.402296338265530018e+00 -2.791603345334178865e+00 -1.388937168971108349e+01
-3.450179393077107193e+00 -2.758735991855758130e+00 -1.390283527440356615e+01
-3.536678551147900862e+00 -2.462380208829950234e+00 -1.364564166324815275e+01
-3.665657105360007773e+00 -1.904532827618627522e+00 -1.311639299329572417e+01
-3.841003887139326611e+00 -1.087138294872537436e+00 -1.231379256524411936e+01
-4.028833343592661542e+00 -1.995598405135088904e-01 -1.143675236670399364e+01
-4.191550675033262507e+00 5.708595431577636603e-01 -1.068541310048427029e+01
-4.327443138095160791e+00 1.225234518391435934e+00 -1.006036017940030192e+01
-4.434768584093416344e+00 1.764648460011779330e+00 -9.562123057706402918e+00
-4.511773348698186581e+00 2.190145652482122784e+00 -9.191173348091448148e+00
-4.556710120227959848e+00 2.502723211691839644e+00 -8.947923266163613221e+00
-4.567855781499819301e+00 2.703322778107177804e+00 -8.832724431341732796e+00
-4.543529451223049520e+00 2.792821953969513604e+00 -8.845866951021120528e+00
-4.482110496311995540e+00 2.772025620027239956e+00 -8.987578903926648266e+00
-4.382056593736857408e+00 2.641657164572431604e+00 -9.258026213122930059e+00
-4.269152480006793482e+00 2.451745321690531387e+00 -9.566349107395447859e+00
-4.170646837791840866e+00 2.251641123911540365e+00 -9.821718011457988950e+00
-4.087303957832078893e+00 2.041011290992386762e+00 -1.002430748620623646e+01
-4.019941885739893195e+00 1.819561655190627736e+00 -1.017430294417764891e+01
-3.969430485792421415e+00 1.587041199171288719e+00 -1.027189993033640469e+01
-3.936702005214845812e+00 1.343232464172295026e+00 -1.031730035473813878e+01
-3.922776283698684807e+00 1.087914194327274320e+00 -1.031070405478842389e+01
-3.928700422211257592e+00 8.209034026376352822e-01 -1.025231899300836247e+01
-3.955526457986982880e+00 5.420665398090420695e-01 -1.014236298050077600e+01
-4.004303866971394399e+00 2.513163315751072435e-01 -9.981061877812347660e+00
-4.045587721995409503e+00 5.295406410251701779e-02 -9.814856057191269301e+00
-4.047989056617476322e+00 5.119654101161015547e-02 -9.689191116007016547e+00
-4.009479377438932346e+00 2.458064119378277068e-01 -9.602832982393497474e+00
-3.927855970957950582e+00 6.364801987363992719e-01 -9.554586089907914470e+00
-3.800784539487405578e+00 1.222854507508936983e+00 -9.543294304181276999e+00
-3.625841645192470875e+00 2.004512894018355862e+00 -9.567842583244274834e+00
-3.400556927905782789e+00 2.980993471901613567e+00 -9.627159388537725349e+00
-3.122455028865479321e+00 4.151797404663114754e+00 -9.720219845052895380e+00
-2.789097253176247015e+00 5.516398269029851420e+00 -9.846049608157462885e+00
-2.398122941257665897e+00 7.074252325185095280e+00 -1.000372941598952004e+01
-2.031247410287271737e+00 8.451336067653812734e+00 -1.015093941369373987e+01
-1.776167146435594368e+00 9.274698928247786966e+00 -1.024779333424114647e+01
-1.639550298200169287e+00 9.545440745818305928e+00 -1.029696506942371670e+01
-1.627937918734897682e+00 9.264708700054695711e+00 -1.030098532511205356e+01
-1.747633207737375738e+00 8.433669109324677393e+00 -1.026222860114501678e+01
-2.004591478718764197e+00 7.053476945895964967e+00 -1.018289867396381254e+01
-2.404310835717468731e+00 5.125243256138832137e+00 -1.006501276505731823e+01
-2.951723427550814183e+00 2.650000703318922568e+00 -9.910384645240128521e+00
-3.651087221584206066e+00 -3.713324506834235761e-01 -9.720606900565318398e+00
-4.505878168855177890e+00 -3.937989564260508502e+00 -9.497032634992130795e+00
-5.344056356182860235e+00 -7.352296459831253017e+00 -9.286150407157890641e+00
-5.985921321366316050e+00 -9.918350745362801035e+00 -9.131444485115380871e+00
-6.423512051852363847e+00 -1.163799931309667812e+01 -9.029824322320093799e+00
-6.649959277642272681e+00 -1.251288263835727754e+01 -8.978554220160736676e+00
-6.659650436641008753e+00 -1.254437761946450181e+01 -8.975280882468272381e+00
-6.448425810661323254e+00 -1.173350924260987327e+01 -9.018079175020384142e+00
-6.013762164098755747e+00 -1.008081986072401293e+01 -9.105527188519792148e+00
-5.354585968731280232e+00 -7.586477585445332572e+00 -9.236649212415748877e+00
-4.471118944779920668e+00 -4.250333568687197250e+00 -9.410890443808876071e+00
-3.364760431653746942e+00 -7.194979166717252461e-02 -9.628108545056280221e+00
-2.248944386395952399e+00 4.140854515512302214e+00 -9.846445853224313538e+00
-1.337181815520724015e+00 7.580233230292142466e+00 -1.002495770417480969e+01
-6.308844119424534824e-01 1.024655712035466415e+01 -1.016488254509653544e+01
-1.303275002657162673e-01 1.213991704275623995e+01 -1.026707623742622744e+01
1.652437251703542387e-01 1.326015194243017170e+01 -1.033202161268304664e+01
2.575087056630844806e-01 1.360687821829084143e+01 -1.035983886760210737e+01
1.489665581997345889e-01 1.317952004587109016e+01 -1.035029644182624331e+01
-1.571684847160432774e-01 1.197734023336370335e+01 -1.030282213228362487e+01
-6.570714607323715484e-01 9.999471313976801667e+00 -1.021651411696214495e+01
-1.346411060432791906e+00 7.244946571975165561e+00 -1.009015165269515890e+01
-2.076040958255727986e+00 4.306907131133858257e+00 -9.949077409770506364e+00
-2.700641267589026562e+00 1.779429651890567676e+00 -9.819665108603480519e+00
-3.221578568659813513e+00 -3.370998894630199416e-01 -9.702137113469957441e+00
-3.640526115499337134e+00 -2.042232793256976819e+00 -9.596887728852758315e+00
-3.959409027979710949e+00 -3.335472919266132763e+00 -9.504478675067257853e+00
-4.180349307427976058e+00 -4.216291628652089507e+00 -9.425634932116505382e+00
-4.305610638035499704e+00 -4.684142299397662690e+00 -9.361240989086155651e+00
-4.337542830637545421e+00 -4.738474410032304185e+00 -9.312337532881249658e+00
-4.278525942679903160e+00 -4.378747106307926629e+00 -9.280118560042183162e+00
-4.130914049935049626e+00 -3.604442234583599358e+00 -9.265928890711006005e+00
-3.931470993295096861e+00 -2.625410417598261326e+00 -9.275371548953476264e+00
-3.715284553369143428e+00 -1.651822460187534425e+00 -9.313229662193089453e+00
-3.482088937678017970e+00 -6.836810754119233557e-01 -9.379717035090784805e+00
-3.231547390506677164e+00 2.789794804588940913e-01 -9.475028187915937039e+00
-2.963249093055095429e+00 1.236090659145677728e+00 -9.599335568960817966e+00
-2.676721406947192072e+00 2.187561357921803395e+00 -9.752779143525856398e+00
-2.371483852970321493e+00 3.133324135517597586e+00 -9.935430303187322565e+00
-2.047019231649569448e+00 4.073300232361226847e+00 -1.014729354414536999e+01
-1.702759872663306862e+00 5.007387649044501288e+00 -1.038831009052436372e+01
-1.338086664624664301e+00 5.935462584580068146e+00 -1.065835671198982482e+01
-1.011542021460006158e+00 6.717635335951946729e+00 -1.091060889998530214e+01
-7.814003888203253645e-01 7.214139860322521969e+00 -1.109748613149905694e+01
-6.468194913412856906e-01 7.425091816613165641e+00 -1.121770063037940979e+01
-6.072622805002425572e-01 7.350703650904673481e+00 -1.127001617293773350e+01
-6.625179214567391561e-01 6.991283068118751665e+00 -1.125327977424023018e+01
-8.127224307942317871e-01 6.347231506697769809e+00 -1.116645391909746365e+01
-1.058378878563330794e+00 5.419042699991945433e+00 -1.100864939423956734e+01
-1.400377188670165030e+00 4.207301397256817843e+00 -1.077915878522964377e+01
-1.840013296802532894e+00 2.712682341317834034e+00 -1.047749070335821919e+01
-2.379007577052088873e+00 9.359496106647111624e-01 -1.010340480418675213e+01
-2.917333711690440978e+00 -8.176335165814870853e-01 -9.728748719974110060e+00
-3.353451589283137579e+00 -2.243528386714839229e+00 -9.426243748845994475e+00
-3.686800816411223369e+00 -3.342037084665177460e+00 -9.197021626473738110e+00
-3.916363665391749738e+00 -4.113557629680823169e+00 -9.041976505373902739e+00
-4.040644757456513858e+00 -4.558584066512527677e+00 -8.961724247189511772e+00
-4.057651805875106987e+00 -4.677707372295874855e+00 -8.956560595955838977e+00
-3.964877541091306412e+00 -4.471617397209890932e+00 -9.026418152617504020e+00
-3.759283354959554568e+00 -3.941105517463248109e+00 -9.170822213908216725e+00
-3.437284479195527709e+00 -3.087068694903783328e+00 -9.388845284935319668e+00
-2.994736921484463466e+00 -1.910515066902783721e+00 -9.679060182925718792e+00
-2.527287641227644155e+00 -6.953102619916465832e-01 -9.975495063846532062e+00
-2.134928984847980438e+00 2.758857201830343109e-01 -1.021347053420414142e+01
-1.819920242164913882e+00 1.003843741581368576e+00 -1.039335624694408367e+01
-1.584942563212691224e+00 1.489416275643439924e+00 -1.051589970706682386e+01
-1.433105702599032139e+00 1.733543802315868687e+00 -1.058226321154751837e+01
-1.368006275531729710e+00 1.737221334143787210e+00 -1.059406184140367024e+01
-1.393883413192937404e+00 1.501384054150991965e+00 -1.055339489391324292e+01
-1.515418608515422871e+00 1.027040365379172426e+00 -1.046283927858936558e+01
-1.737622255042012398e+00 3.153179646139701031e-01 -1.032541584398326506e+01
-2.065773020927097470e+00 -6.325327269495863991e-01 -1.014455213653716825e+01
-2.450664105973540785e+00 -1.673384916831406777e+00 -9.942386913326091147e+00
-2.839663893947596218e+00 -2.665043926558647414e+00 -9.738836465064428793e+00
-3.232993650400429519e+00 -3.607589163553563516e+00 -9.534189094389173391e+00
-3.630761078508250250e+00 -4.501117744420703559e+00 -9.328621948762732430e+00
-4.032968583798245632e+00 -5.345744985851608178e+00 -9.122204862893561028e+00
-4.439521534394073043e+00 -6.141604947676492010e+00 -8.914904262210059827e+00
-4.850236451855509223e+00 -6.888850958064399066e+00 -8.706587202978365525e+00
-5.264849075368259079e+00 -7.587656303393124801e+00 -8.497025406398389435e+00
-5.683022282286966487e+00 -8.238214739066606285e+00 -8.285899450121680943e+00
-6.104353800413218067e+00 -8.840740832998513099e+00 -8.072803150606837619e+00
-6.451740068291146990e+00 -9.285941645229062402e+00 -7.902379350227624499e+00
-6.643674465195822165e+00 -9.466117299321865630e+00 -7.815529149017383048e+00
-6.673192166008962367e+00 -9.383984544380638226e+00 -7.806071651062154615e+00
-6.533485417321762689e+00 -9.042373209792984312e+00 -7.867751110374777923e+00
-6.217956097111012603e+00 -8.444208864695097461e+00 -7.994309575511369559e+00
-5.720264191184208258e+00 -7.592492474453086615e+00 -8.179561988872784184e+00
-5.034372188680646509e+00 -6.490277122600300430e+00 -8.417473510634136957e+00
-4.154585146853689182e+00 -5.140642612625178742e+00 -8.702238435724572341e+00
-3.075586880818356406e+00 -3.546667530072143748e+00 -9.028360982865338613e+00
-1.792472407350668373e+00 -1.711399117798669600e+00 -9.390737618236315143e+00
-4.580118051513548671e-01 1.294809768661802085e-01 -9.751018328885548314e+00
7.684544184690917934e-01 1.743689508253697396e+00 -1.007745276980136317e+01
1.881780944648661080e+00 3.133344615717061465e+00 -1.037512790317796352e+01
2.877022776885865163e+00 4.300588468848240531e+00 -1.064901227316774879e+01
3.749456812131743533e+00 5.247562796106891803e+00 -1.090389411737442416e+01
4.494662690831801477e+00 5.976409401744587235e+00 -1.114427948687989378e+01
5.108741360520589581e+00 6.489318710918037247e+00 -1.137417626866034581e+01
5.588160483943950041e+00 6.788423669572159369e+00 -1.159712012729230679e+01
5.929686214101806740e+00 6.875759061991463028e+00 -1.181621353185686374e+01
6.130372944579568717e+00 6.753249767296177986e+00 -1.203413898828436857e+01
6.188354410945400730e+00 6.463133897320839871e+00 -1.221424857196833713e+01
6.101843289593166020e+00 6.047583415548919206e+00 -1.231957028235120788e+01
5.868460764645099914e+00 5.508275662421528551e+00 -1.235175633604091061e+01
5.486137114678724558e+00 4.846792899620274930e+00 -1.231215410068735494e+01
4.953102960151134049e+00 4.064608820693427660e+00 -1.220181578829217450e+01
4.267881397092096130e+00 3.163075774068789148e+00 -1.202150877675562235e+01
3.429280995620432648e+00 2.143412627233915568e+00 -1.177172649632334611e+01
2.436389691590930440e+00 1.006693397802598255e+00 -1.145269977405639317e+01
1.288569475447746138e+00 -2.461635936009654579e-01 -1.106440871430521256e+01
-1.454813539105637155e-02 -1.614406059925609149e+00 -1.060659505112608336e+01
-1.336344503271559070e+00 -2.959874758136761042e+00 -1.012577296653605430e+01
-2.538563221758959543e+00 -4.145791039597647831e+00 -9.667733898535207260e+00
-3.619095102957766485e+00 -5.173514277339301692e+00 -9.231179011907848064e+00
-4.576067620082874043e+00 -6.044278494673693380e+00 -8.815085470769529863e+00
-5.407843424109357144e+00 -6.759185553970234572e+00 -8.418693291798382106e+00
-6.113019647768835441e+00 -7.319198764459592610e+00 -8.041491811315715665e+00
-6.690427958661310903e+00 -7.725136886777813849e+00 -7.683205758711756594e+00
-7.139135313819495288e+00 -7.977668417267731016e+00 -7.343781044439580796e+00
-7.458445390413976028e+00 -8.077306243318085777e+00 -7.023370176669812004e+00
-7.647900653712452090e+00 -8.024402633819367026e+00 -6.722317306502684886e+00
-7.666189645848013434e+00 -7.820147320837157245e+00 -6.491687678533665462e+00
-7.472245297123729202e+00 -7.465788068458205196e+00 -6.382707089274285650e+00
-7.066437720856757920e+00 -6.961414630583032448e+00 -6.396271416165301815e+00
-6.449505515196898742e+00 -6.306805628529613017e+00 -6.533501256455189754e+00
-5.622555576544447931e+00 -5.501416978916471301e+00 -6.795721292743328590e+00
-4.587057262417232550e+00 -4.544351138715271077e+00 -7.184455707082658904e+00
-3.344763342804842665e+00 -3.434338583413341972e+00 -7.701420011802410315e+00
-1.897590172928836250e+00 -2.169904608982821781e+00 -8.348364815845934928e+00
-2.475376015335476465e-01 -7.494516901494219230e-01 -9.126983726060915458e+00
1.603387427654095809e+00 8.286884981741367007e-01 -1.003884493494919639e+01
3.385503704556819926e+00 2.348379003354980288e+00 -1.094269099687839741e+01
4.832072526551354663e+00 3.591578286208805260e+00 -1.169462215221789592e+01
5.945836618833410192e+00 4.556867738360251607e+00 -1.229202979271167884e+01
6.729825881347203165e+00 5.242551365355677895e+00 -1.273228265425045969e+01
7.187236283810232607e+00 5.646738691359563411e+00 -1.301283532629521389e+01
7.321306607055692695e+00 5.767425601518505474e+00 -1.313133575232479444e+01
7.135193097938050677e+00 5.602573149294301835e+00 -1.308573168518116425e+01
6.631842235541913766e+00 5.150184371599356936e+00 -1.287437621081878980e+01
5.813861973707614261e+00 4.408379434287982512e+00 -1.249613245775494441e+01
4.683391964362888515e+00 3.375469436783397725e+00 -1.195047775485979180e+01
3.444937563438593919e+00 2.238739981502922305e+00 -1.133821854063257462e+01
2.301078691583792413e+00 1.187060071827743535e+00 -1.076103975857634687e+01
1.250624559360284049e+00 2.213296071664270503e-01 -1.022022192892781511e+01
2.923888202782782830e-01 -6.575397354297567443e-01 -9.716968312338808644e+00
-5.747731791617489705e-01 -1.448644910397577812e+00 -9.252375960108084385e+00
-1.351926773021816075e+00 -2.151111605865324794e+00 -8.827406884183375269e+00
-2.040020142058497576e+00 -2.764114273134015143e+00 -8.442859209103019680e+00
-2.639846977852518872e+00 -3.286895945207404690e+00 -8.099338146385715476e+00
-3.152009574910723089e+00 -3.718788344667335100e+00 -7.797226570462394868e+00
-3.576882727039079946e+00 -4.059232551025267810e+00 -7.536654991300396844e+00
-3.847007899322968161e+00 -4.255936414161388903e+00 -7.359197074565599905e+00
-3.893521053731330728e+00 -4.257045694331271335e+00 -7.304644604654095374e+00
-3.713810557299173087e+00 -4.063130616825056052e+00 -7.369528900578998787e+00
-3.304308716212640107e+00 -3.675327412523446746e+00 -7.549344262899678526e+00
-2.660439550456102253e+00 -3.095414738293153167e+00 -7.838450981178796795e+00
-1.776665782743708011e+00 -2.325950085183257521e+00 -8.229938624495012789e+00
-6.468730144259824399e-01 -1.370424640894548629e+00 -8.715571266230007552e+00
7.355517364419756898e-01 -2.329661444219580380e-01 -9.286161056720979801e+00
2.377581172162019918e+00 1.081791391385027001e+00 -9.931768282343906407e+00
4.286354438880696449e+00 2.568775296531748076e+00 -1.064184670192064708e+01
6.130196841586736056e+00 3.944776536077826190e+00 -1.127447476274621074e+01
7.565170545390646595e+00 4.933457392960069576e+00 -1.170395318213088487e+01
8.579306904113492394e+00 5.540571684851554934e+00 -1.194494886341439432e+01
9.159953709048554771e+00 5.772844880844063553e+00 -1.201357210006750087e+01
9.294115822324441112e+00 5.637835776596386239e+00 -1.192709629217198497e+01
8.968773892486986199e+00 5.143782193674864445e+00 -1.170366431140294416e+01
8.171178099428475505e+00 4.299429841466468893e+00 -1.136198144394184695e+01
6.889114904134340911e+00 3.113844251404964680e+00 -1.092099492669838767e+01
5.111144813788473407e+00 1.596205799894995447e+00 -1.039956130459900407e+01
2.826810307581822279e+00 -2.444113667857178984e-01 -9.816102722658527568e+00
5.216764481490856475e-01 -2.004860371771641336e+00 -9.273409163727420079e+00
-1.303691395930671071e+00 -3.294675050751433520e+00 -8.848442832525353907e+00
-2.637079048584438645e+00 -4.124120282176889418e+00 -8.520455163618480654e+00
-3.467282597428025692e+00 -4.503342081576209743e+00 -8.269162018077194531e+00
-3.784290384063581758e+00 -4.442101311513341422e+00 -8.075137867661275948e+00
-3.579435749906715092e+00 -3.949496366592522456e+00 -7.920216439599530034e+00
-2.845523913002188543e+00 -3.033677677188639343e+00 -7.787896104656049978e+00
-1.576938089506718654e+00 -1.701556486292574721e+00 -7.663748385133077434e+00
2.302702044480202659e-01 4.148808908223244885e-02 -7.535828012874500992e+00
2.578299934519550529e+00 2.191900182431040456e+00 -7.395083251874475572e+00
5.029530053601460438e+00 4.331226824671066566e+00 -7.245183584324673021e+00
7.141071238470146021e+00 6.047167271984260850e+00 -7.103536132587158214e+00
8.906916405735053388e+00 7.346263449198650264e+00 -6.982890812646248335e+00
1.032251116173413763e+01 8.233982843525032180e+00 -6.894128953720352726e+00
1.138483300091647443e+01 8.714518221589385050e+00 -6.845963795967445975e+00
1.209270829024616134e+01 8.790466246489938129e+00 -6.844408675112750196e+00
1.244757209792757102e+01 8.462223152574045670e+00 -6.891746564055340585e+00
1.245272472308499445e+01 7.728300866941495428e+00 -6.987103371872117386e+00
1.211297610559028826e+01 6.585604434232141813e+00 -7.126835323870071903e+00
1.143453751778393901e+01 5.029614645977618537e+00 -7.304717657857210611e+00
1.058405760685311492e+01 3.363930747173502045e+00 -7.500853069844943377e+00
9.723517101555110287e+00 1.894340100130757154e+00 -7.699350930793814385e+00
8.852467425007485957e+00 6.187300995728628461e-01 -7.898559135774187112e+00
7.969648762304585077e+00 -4.649261072482906432e-01 -8.097310836241152998e+00
7.073070627583825321e+00 -1.358580293576398423e+00 -8.294890323058004000e+00
6.160089133404075490e+00 -2.064121442802831385e+00 -8.490997048483352572e+00
5.227481534996998747e+00 -2.583388599128064289e+00 -8.685708733179875907e+00
4.271518828277202751e+00 -2.918183536403440748e+00 -8.879444186761604740e+00
3.288036687567395866e+00 -3.070282228939337443e+00 -9.072926858154739094e+00
2.272505170830985133e+00 -3.041444425633377246e+00 -9.267149812929391217e+00
1.354174612823452639e+00 -2.910468279418763071e+00 -9.432816607515853491e+00
6.656527285334701283e-01 -2.750826017774405052e+00 -9.543399674013823386e+00
2.071546688762819777e-01 -2.556011356219772157e+00 -9.604770003146647639e+00
-2.122910918348264175e-02 -2.319237761868470304e+00 -9.623457565207846898e+00
-1.956605661834975862e-02 -2.033547711728006746e+00 -9.606563885261353519e+00
2.118939817528957548e-01 -1.691920370708607679e+00 -9.561671409397485277e+00
6.727036771431855744e-01 -1.287377057707665529e+00 -9.496749736786883389e+00
1.362214665699040816e+00 -8.130851036045403379e-01 -9.420058702025844610e+00
2.279584327104633878e+00 -2.624583035226646932e-01 -9.340048717942357470e+00
3.423793274863330183e+00 3.707463762602065671e-01 -9.265258550847583763e+00
4.508544727286052378e+00 9.516198981007801816e-01 -9.221662602621522709e+00
5.251611021041632021e+00 1.334687644308419685e+00 -9.219914131457528583e+00
5.658173655174857153e+00 1.510425682148298199e+00 -9.245416561602016969e+00
5.733628730443902199e+00 1.469939698919072946e+00 -9.283496515825419237e+00
5.483485557016412493e+00 1.205085859623724165e+00 -9.319569673506634899e+00
4.913168679241397996e+00 7.086195067831217997e-01 -9.339345691673015537e+00
4.027688256697959268e+00 -2.564724858067168878e-02 -9.329054322339073835e+00
2.831882143299781607e+00 -1.003030872292500320e+00 -9.275315793049557556e+00
1.330491351006571232e+00 -2.228077449027651369e+00 -9.165098540971865049e+00
-4.718464028930797749e-01 -3.704619885880487296e+00 -8.985723716895426705e+00
-2.259253182497968027e+00 -5.185629198661525052e+00 -8.760516027360734981e+00
-3.722920772248585308e+00 -6.417473576946324698e+00 -8.530735131267828564e+00
-4.868808357671271736e+00 -7.394212156239844624e+00 -8.310602926358784615e+00
-5.702722127259967522e+00 -8.110668959538983813e+00 -8.113980539399767267e+00
-6.230316922278799296e+00 -8.562373030789853345e+00 -7.954360995854485417e+00
-6.457101829662468262e+00 -8.745498269793236190e+00 -7.844861664691484826e+00
-6.388449397831450050e+00 -8.656803027165365094e+00 -7.798216551310801492e+00
-6.029608241742440811e+00 -8.293569346916369156e+00 -7.826768639771895408e+00
-5.385718737542085854e+00 -7.653542082441440186e+00 -7.942462132091795191e+00
-4.461831582169221377e+00 -6.734867854884877048e+00 -8.156834646142451462e+00
-3.420520297715323288e+00 -5.699157885617235131e+00 -8.428256258599784445e+00
-2.420213451102839031e+00 -4.709410944369142094e+00 -8.706052681291161832e+00
-1.459731399565413978e+00 -3.766028122803563694e+00 -8.987936862559974927e+00
-5.379536836218439255e-01 -2.869302212553304088e+00 -9.271690754752683006e+00
3.461846767566499339e-01 -2.019427016525658036e+00 -9.555168153409930198e+00
1.193697215530264977e+00 -1.216506817515296213e+00 -9.836297521411180966e+00
2.005550362723738100e+00 -4.605662293305010646e-01 -1.011308488435647668e+01
2.782668182310503724e+00 2.484410275829818104e-01 -1.038361689131913401e+01
3.525937255788961888e+00 9.106231405146107960e-01 -1.064606362813583651e+01
4.236211751151795823e+00 1.526141113786865233e+00 -1.089868138333810599e+01
4.855817802034123609e+00 2.052588104506158917e+00 -1.112673788240379658e+01
5.327968448572399929e+00 2.447101449686892138e+00 -1.131319948433805322e+01
5.654851213574407787e+00 2.709218211400849619e+00 -1.145309847149775884e+01
5.838700820646828049e+00 2.838487333944009983e+00 -1.154168608368604687e+01
5.881815607458458217e+00 2.834439988761329854e+00 -1.157443645806319665e+01
5.786665155444882913e+00 2.696483832870527841e+00 -1.154702352568728863e+01
5.556167013096277252e+00 2.423655926773861768e+00 -1.145524555195755845e+01
5.193384238520652119e+00 2.014863739379542551e+00 -1.129512564136055808e+01
4.701393416537354319e+00 1.468981065411905984e+00 -1.106296197893530930e+01
4.083241567432954078e+00 7.848676113276655819e-01 -1.075534900541488881e+01
3.381520732977019161e+00 3.477134203699083770e-02 -1.040891617303077155e+01
2.636716107337569781e+00 -7.087424346699482403e-01 -1.006203699008414887e+01
1.848621738825453775e+00 -1.446258001317349606e+00 -9.714193183598927916e+00
1.016969087101575964e+00 -2.178259866449907545e+00 -9.364924255968006150e+00
1.414268836422459819e-01 -2.905128341157560357e+00 -9.013843096007903455e+00
-7.783994453777427491e-01 -3.627134744213829087e+00 -8.660651566297953963e+00
-1.742968700113896485e+00 -4.344436175754768925e+00 -8.305156177930877348e+00
-2.752805061096160077e+00 -5.057070354326862471e+00 -7.947283661244181729e+00
-3.808499325264905089e+00 -5.764949908822297076e+00 -7.587096620042937722e+00
-4.910710085219285759e+00 -6.467856231180098447e+00 -7.224809356255949666e+00
-5.920135285363889110e+00 -7.080952657667168637e+00 -6.901204296918486136e+00
-6.698673428952686137e+00 -7.518721553394003720e+00 -6.660018667667207737e+00
-7.248581592739316015e+00 -7.779980985279144612e+00 -6.505588361094562622e+00
-7.571725212297090835e+00 -7.863793305882310847e+00 -6.441644336346373123e+00
-7.669511846231059415e+00 -7.769504417107954808e+00 -6.471280377297397024e+00
-7.542825969441455669e+00 -7.496784550026019289e+00 -6.596921139125658584e+00
-7.191965554032149655e+00 -7.045670586038198735e+00 -6.820289856113369353e+00
-6.616580285455773591e+00 -6.416611079135140727e+00 -7.142374857085722617e+00
-5.815613167738129974e+00 -5.610513007990078904e+00 -7.563394318700942698e+00
-4.787246246033010522e+00 -4.628790484345950418e+00 -8.082758393309013911e+00
-3.630119146990801404e+00 -3.579296226070243225e+00 -8.642216364097574655e+00
-2.442999349635438300e+00 -2.569796547934755537e+00 -9.183050665740431384e+00
-1.223691541587201836e+00 -1.602093353874342707e+00 -9.703195314850269426e+00
2.992769266405281847e-02 -6.781456672568846322e-01 -1.020036590373659813e+01
1.319885304320045805e+00 1.999274623004501095e-01 -1.067203651161628741e+01
2.647940219309352194e+00 1.029905396290247577e+00 -1.111544481105327975e+01
4.015040321656294431e+00 1.809731295973401988e+00 -1.152776467889958667e+01
5.421601772502922856e+00 2.537482825515120499e+00 -1.190620675025346920e+01
6.867642114420915433e+00 3.211343179385084845e+00 -1.224803182629583986e+01
8.352793790248679073e+00 3.829612747181375010e+00 -1.255056948368519087e+01
9.647269417714456452e+00 4.297896994651351221e+00 -1.276211597761243333e+01
1.051745451995162384e+01 4.527320380531474342e+00 -1.283730817506882360e+01
1.095649955767737715e+01 4.525234990520979217e+00 -1.278416996263991834e+01
1.095707418551924128e+01 4.299804785288442233e+00 -1.261210435825247700e+01
1.051154280653838313e+01 3.859891431817027652e+00 -1.233174992093886502e+01
9.612132953571435934e+00 3.214936036271659692e+00 -1.195483169621041597e+01
8.251094279898740780e+00 2.374836735545301725e+00 -1.149400575079905451e+01
6.420846100962539715e+00 1.349822104799468958e+00 -1.096269671828232006e+01
4.114111766690878191e+00 1.503207926478209444e-01 -1.037492784883330188e+01
1.324038372170857736e+00 -1.213172297700709779e+00 -9.745143427828649507e+00
-1.472655288352394010e+00 -2.537994763612235527e+00 -9.171992173918853908e+00
-3.790128334767707496e+00 -3.635379523161007320e+00 -8.735594104926988734e+00
-5.621272434468993495e+00 -4.515954095785597922e+00 -8.422206075813754467e+00
-6.959235782755126998e+00 -5.190567135626785955e+00 -8.217437966071768685e+00
-7.797533316965342465e+00 -5.670141269511713489e+00 -8.106453828567072861e+00
-8.130138608115332843e+00 -5.965524017987251959e+00 -8.074179768211219965e+00
-7.951557044726355272e+00 -6.087337491898824560e+00 -8.105517925455661299e+00
-7.256881356214336165e+00 -6.045826031967481029e+00 -8.185565831262852754e+00
-6.041829072656831556e+00 -5.850703644747047072e+00 -8.299840326078580688e+00
-4.302762902737473638e+00 -5.511001665827350848e+00 -8.434505180708017136e+00
-2.468128254652263376e+00 -5.172826383347926438e+00 -8.534424750308451380e+00
-9.713265186483950320e-01 -4.971860626652485848e+00 -8.560078105044265584e+00
1.837320924338027295e-01 -4.901199151170099633e+00 -8.521445790803991116e+00
9.936987062822552064e-01 -4.954406736987286841e+00 -8.428084813110988449e+00
1.455794220453124677e+00 -5.125622336075782215e+00 -8.288972505391315693e+00
1.567842761949573616e+00 -5.409690802333726012e+00 -8.112324619727273145e+00
1.328326007911151407e+00 -5.802332411315652472e+00 -7.905374155926320867e+00
7.361838777249121168e-01 -6.300055876933628340e+00 -7.674389530213224120e+00
-2.092889198526605155e-01 -6.900074305197295921e+00 -7.424716018362860659e+00
-1.508500227582086461e+00 -7.600245222202067552e+00 -7.160800662281666895e+00
-2.899983729404367772e+00 -8.223326755736316329e+00 -6.952544567949580312e+00
-4.119513440695540041e+00 -8.594783691697635675e+00 -6.864645589012167370e+00
-5.163755344823773186e+00 -8.716683829819260154e+00 -6.893386449021287277e+00
-6.030104243056426228e+00 -8.590721876589837436e+00 -7.035452993285455925e+00
-6.716614303238570116e+00 -8.218249288181679546e+00 -7.287938276304914531e+00
-7.221932293607288500e+00 -7.600305774151539850e+00 -7.648343608277518690e+00
-7.545233270349427812e+00 -6.737652124099943407e+00 -8.114576990517514687e+00
-7.686158383032402952e+00 -5.630804177712382064e+00 -8.684949330471376072e+00
-7.644754656704197515e+00 -4.280067601819502521e+00 -9.358168841813437666e+00
-7.421416514200004144e+00 -2.685573261614560892e+00 -1.013333395935084269e+01
-7.077971885187224643e+00 -1.106448096254510460e+00 -1.088554778312419025e+01
-6.676952839869500167e+00 1.982012263146959441e-01 -1.149064986680726363e+01
-6.219600458639145124e+00 1.228405931413825147e+00 -1.194923242866994784e+01
-5.706633037441855016e+00 1.984193173632583740e+00 -1.226199234068311483e+01
-5.138310345088691555e+00 2.465581711133346232e+00 -1.242971204009451291e+01
-4.514497984631916871e+00 2.672577885831806555e+00 -1.245324152927669736e+01
-3.834731784130231969e+00 2.605171724675733547e+00 -1.233348118618689782e+01
-3.098282213216300374e+00 2.263333052100341636e+00 -1.207136509606381125e+01
-2.304218723090855736e+00 1.647007484681994871e+00 -1.166784469040606531e+01
-1.451473963819941426e+00 7.561122276926255381e-01 -1.112387247018756042e+01
-6.425177136857304072e-01 -2.078673339541419196e-01 -1.054920103645864415e+01
1.933217669976006192e-02 -1.043410249212122665e+00 -1.005260876641589718e+01
5.338450137769655823e-01 -1.750574370883339892e+00 -9.633422893834037382e+00
9.006919102387809239e-01 -2.329397680907140611e+00 -9.290784460072467610e+00
1.119478170010883566e+00 -2.779875473449159973e+00 -9.023668669506193396e+00
1.189809358154556795e+00 -3.101926663677364360e+00 -8.830904662639655456e+00
1.111429292390143209e+00 -3.295341496869093501e+00 -8.711196554649655255e+00
8.841486151981043928e-01 -3.359811990381745606e+00 -8.663158417285343305e+00
5.078212137061847153e-01 -3.294954937987414123e+00 -8.685351954304927347e+00
-1.764870735163803772e-02 -3.100325386726163757e+00 -8.776323717942934977e+00
-5.619196428589984249e-01 -2.850876410131376382e+00 -8.896969548254068272e+00
-9.944274290528102300e-01 -2.622070718822848256e+00 -9.009912424371270490e+00
-1.314900146919355084e+00 -2.414244654263238310e+00 -9.116340343304500493e+00
-1.523081543496048518e+00 -2.227797303967552267e+00 -9.217473678863644437e+00
-1.618730719550861341e+00 -2.063180776466003064e+00 -9.314537617518443113e+00
-1.601621185595664132e+00 -1.920890406492162583e+00 -9.408734534705093466e+00
-1.471539288796984701e+00 -1.801454872710179789e+00 -9.501216327891695457e+00
-1.228282002143338048e+00 -1.705426218639648495e+00 -9.593056726257719546e+00
-8.716541426187300878e-01 -1.633369752370758210e+00 -9.685223587348522400e+00
-4.014650780364579785e-01 -1.585853809375168399e+00 -9.778551191661376762e+00
7.786441802371943388e-02 -1.560944648595012252e+00 -9.863351406400397536e+00
4.620436826344291870e-01 -1.555998046140249613e+00 -9.928712760395091763e+00
7.514394096630134801e-01 -1.570497867953736471e+00 -9.973574967224468679e+00
9.464023824567413534e-01 -1.603915257055861687e+00 -9.996973322236430093e+00
1.047262171737302960e+00 -1.655717132758980581e+00 -9.998061241516339237e+00
1.054321603864086798e+00 -1.725374835165295107e+00 -9.976132697213262901e+00
9.678511141894234893e-01 -1.812372971548020573e+00 -9.930644557767253744e+00
7.880831750730725727e-01 -1.916218177803644451e+00 -9.861238899952844861e+00
5.152069033673256637e-01 -2.036448145875531690e+00 -9.767765274207791393e+00
1.493630275258081563e-01 -2.172640913345613711e+00 -9.650302955180594111e+00
-1.992864070302095558e-01 -2.296497646309926921e+00 -9.539833334088852368e+00
-4.204237542397945004e-01 -2.380432580395603459e+00 -9.467443362875934909e+00
-5.136593550308665712e-01 -2.425091773089690594e+00 -9.433331631033782472e+00
-4.785263981824783852e-01 -2.431060802209337179e+00 -9.437372514684428282e+00
-3.144764754377992189e-01 -2.398851322350833648e+00 -9.479085134437671201e+00
-2.097662194802468738e-02 -2.328863864181164089e+00 -9.557607432831733973e+00
4.021874043022792278e-01 -2.221315762780578851e+00 -9.671710614159714225e+00
9.551981352901093292e-01 -2.076330216252772587e+00 -9.819833354528890723e+00
1.638294311458318830e+00 -1.893975412072903319e+00 -1.000011562513796370e+01
2.451759218746377922e+00 -1.674279194898086409e+00 -1.021043373837932933e+01
3.182221077109555818e+00 -1.487552363827534307e+00 -1.038565769253538207e+01
3.614981376921895695e+00 -1.403542614679124334e+00 -1.046442040764971182e+01
3.748279102012761044e+00 -1.421494776231986279e+00 -1.045059078105241035e+01
3.580243134035626440e+00 -1.540744564597705590e+00 -1.034866718854810941e+01
3.108918589067486415e+00 -1.760682681586266618e+00 -1.016369813158308233e+01
2.332291422320901475e+00 -2.080717202701893420e+00 -9.901202351644679212e+00
1.248310779270295656e+00 -2.500234140392135540e+00 -9.567088339448901024e+00
-1.450913253632055699e-01 -3.018556200151985891e+00 -9.167573153391552765e+00
-1.849983380590647375e+00 -3.634899512984483660e+00 -8.709100534920938941e+00
-3.868421054461682829e+00 -4.348328355014356106e+00 -8.198258279545198590e+00
-5.825520011581687641e+00 -5.032703181179755347e+00 -7.732794777913744255e+00
-7.343588319535538922e+00 -5.562877457083272859e+00 -7.400529439018952438e+00
-8.420450967239222706e+00 -5.939350251908972034e+00 -7.192916500789868550e+00
-9.053928768491722678e+00 -6.162784315609824759e+00 -7.101111424662953198e+00
-9.241852554197954817e+00 -6.234073297800281743e+00 -7.116090630780032456e+00
-8.982072322204736281e+00 -6.154411448525380912e+00 -7.228772296316166468e+00
-8.272461453168185486e+00 -5.925365596365402610e+00 -7.430138358468139081e+00
-7.110916870425228353e+00 -5.548949408531044014e+00 -7.711356853267698597e+00
-5.495355073756023501e+00 -5.027699456646852028e+00 -8.063905827165708473e+00
-3.423704756983018793e+00 -4.364752788160487285e+00 -8.479698994126394496e+00
-1.359899453380364998e+00 -3.730766440394839289e+00 -8.873636851983206952e+00
2.286978161070372106e-01 -3.292591440181502627e+00 -9.172148229885753068e+00
1.339010365903191335e+00 -3.047682050191377279e+00 -9.384634736024001000e+00
1.967875590952737008e+00 -2.992820247987292959e+00 -9.520104644560342777e+00
2.112025864206005465e+00 -3.124027780567625534e+00 -9.587040130268892568e+00
1.768162433567040281e+00 -3.436514991904600080e+00 -9.593230257170901609e+00
9.332433926006704628e-01 -3.924756176392041329e+00 -9.545563301166680503e+00
-3.957403403728829705e-01 -4.582472214029495561e+00 -9.450084447428126921e+00
-2.221811398948604133e+00 -5.402718212670968079e+00 -9.312027070572222343e+00
-4.547961867804517055e+00 -6.378010415246857967e+00 -9.135814420047504214e+00
-6.828162837038657784e+00 -7.286114693035807832e+00 -8.972572290865398870e+00
-8.511414807946751537e+00 -7.915403236782168506e+00 -8.865406605246468175e+00
-9.593149122101351622e+00 -8.274597142960987028e+00 -8.806787517351720496e+00
-1.006873819665629277e+01 -8.373099321338461465e+00 -8.790104875834853004e+00
-9.933565080870549124e+00 -8.220827645046860255e+00 -8.809673201731328618e+00
-9.183090761749337361e+00 -7.828043138169960891e+00 -8.860733948451319009e+00
-7.812918651223689004e+00 -7.205173474302494441e+00 -8.939454282908926075e+00
-5.818855353101064942e+00 -6.362632428916553451e+00 -9.042921959463130932e+00
-3.196967889415441633e+00 -5.310635330673346921e+00 -9.169135401783790940e+00
5.636287184817256879e-02 -4.059011045203094525e+00 -9.316988541434270132e+00
3.372275406021178590e+00 -2.815674631320487009e+00 -9.459969962014927347e+00
6.177445764988585886e+00 -1.776247625950308828e+00 -9.574275320201859785e+00
8.468653981441910616e+00 -9.317415370809993824e-01 -9.662931679921896944e+00
1.024287283679998417e+01 -2.733300722065692412e-01 -9.728195924376741743e+00
1.149730606348031969e+01 2.074916817155454396e-01 -9.771574644675824928e+00
1.222942335609878128e+01 5.187467669816019367e-01 -9.793848929655185387e+00
1.243699238596839507e+01 6.678151876552536059e-01 -9.795104242686093698e+00
1.211810948600895621e+01 6.612715618492006620e-01 -9.774763701879782829e+00
1.127122842087052668e+01 5.047230065273220490e-01 -9.731625991182410118e+00
9.895188105372557885e+00 2.026477426286419359e-01 -9.663907648865428968e+00
8.321793027813008337e+00 -1.484954224577590409e-01 -9.584687624558732466e+00
6.883973988973182578e+00 -4.564904904996187618e-01 -9.508310224968942848e+00
5.582524294813564936e+00 -7.240241299071024095e-01 -9.434626603728792915e+00
4.418154369113908686e+00 -9.535659566197014492e-01 -9.363671800251548660e+00
3.391487441514243528e+00 -1.147325667473591437e+00 -9.295652043311177337e+00
2.503046452074323192e+00 -1.307205791405062101e+00 -9.230934124865266099e+00
1.753211505861008046e+00 -1.434690141649197059e+00 -9.170045907472866631e+00
1.142228195085899900e+00 -1.530755838459940454e+00 -9.113657365456059978e+00
6.702237268011382865e-01 -1.595899146508892308e+00 -9.062553574220499897e+00
3.372166060489614203e-01 -1.630175169063307061e+00 -9.017609667981083987e+00
1.662080878988008159e-01 -1.627418341460193929e+00 -8.990704604090241858e+00
1.799070836879983482e-01 -1.580731329416840580e+00 -8.993976809525250360e+00
3.777370347984556620e-01 -1.488472881812747506e+00 -9.028755582713456462e+00
7.590207925552397983e-01 -1.348657989122154177e+00 -9.096362180503840378e+00
1.322993446728763400e+00 -1.159013945392518341e+00 -9.198082846870372364e+00
2.068815999394288063e+00 -9.170365056079436972e-01 -9.335142892487601429e+00
2.995590168289292698e+00 -6.200460018041238364e-01 -9.508681760672970995e+00
4.102374421973095764e+00 -2.652431270937813945e-01 -9.719729059590973108e+00
5.388201547778847633e+00 1.502354863249830697e-01 -9.969181457566339333e+00
6.852097846881009424e+00 6.292620319540491725e-01 -1.025778038048194674e+01
8.246960225827784541e+00 1.100548777905169029e+00 -1.054229057616907106e+01
9.327451717158449895e+00 1.487961892604991787e+00 -1.077755476577384286e+01
1.009535982224346284e+01 1.786912921717263014e+00 -1.096143788475889380e+01
1.055254741117599870e+01 1.992657925259710305e+00 -1.109201043014593502e+01
1.070091736842282160e+01 2.100391626256434385e+00 -1.116758595759780803e+01
1.054237445768070813e+01 2.105340564401136483e+00 -1.118675738086062310e+01
1.007878457549714923e+01 2.002855150280540286e+00 -1.114843220628731579e+01
9.311931271697876156e+00 1.788500798976746964e+00 -1.105186716481922282e+01
8.243470172371912597e+00 1.458147950158513284e+00 -1.089670212333404997e+01
6.874881647639422333e+00 1.008061060301171263e+00 -1.068299350308081230e+01
5.466706940362327849e+00 5.287413724266947224e-01 -1.045703058619806569e+01
4.277830739440474872e+00 1.151558992250123481e-01 -1.026545849814429801e+01
3.307124187125181969e+00 -2.295190682203891441e-01 -1.010900681143926505e+01
2.553552596004537989e+00 -5.023306201572346197e-01 -9.988132296262827836e+00
2.016208648865932762e+00 -7.006114443023119254e-01 -9.902995156545891575e+00
1.694293480308609823e+00 -8.220230277358526738e-01 -9.853445708600363062e+00
1.586996433725474942e+00 -8.645686668508553163e-01 -9.839026863699913861e+00
1.693668584831057089e+00 -8.266792673040197492e-01 -9.858942194104356460e+00
2.013860168761318015e+00 -7.072017521170747001e-01 -9.912088632840761804e+00
2.547300758020091926e+00 -5.053624455215748323e-01 -9.997103801808851387e+00
3.059988566406106614e+00 -3.081910532884766241e-01 -1.007349835371207725e+01
3.317934515991716626e+00 -2.036938725575925258e-01 -1.010288412990869666e+01
3.320870163670151420e+00 -1.925153662486192019e-01 -1.008707774230184384e+01
3.068363056054679294e+00 -2.749216086793847547e-01 -1.002810977534529613e+01
2.559843659643024072e+00 -4.508430220630150753e-01 -9.928169650554936609e+00
1.794632146638339698e+00 -7.199170361647351246e-01 -9.789550536544860293e+00
7.719647261251406656e-01 -1.081530731208400375e+00 -9.614594172752001455e+00
-5.089806454222129961e-01 -1.534863470562543686e+00 -9.405635491265316617e+00
-2.049059440541610932e+00 -2.078929638443028693e+00 -9.164946993203418657e+00
-3.849136750954505359e+00 -2.712621518686670896e+00 -8.894682825003147997e+00
-5.543058687634014881e+00 -3.305249112610642026e+00 -8.650820632307517855e+00
-6.763581086496551542e+00 -3.727460917243709648e+00 -8.485074930548769601e+00
-7.509845544775533455e+00 -3.980338561956165755e+00 -8.393139733861627150e+00
-7.780947173560051944e+00 -4.065239644086409143e+00 -8.370863804520185525e+00
-7.575975812506111851e+00 -3.983717799999081599e+00 -8.414354631607627866e+00
-6.894055375620968817e+00 -3.737442438249204191e+00 -8.520082832381907778e+00
-5.734381501354445909e+00 -3.328118086268039733e+00 -8.684986913170682499e+00
-4.096257756037626763e+00 -2.757403374863430123e+00 -8.906578286922970378e+00
-1.979130813846086800e+00 -2.026829527247042684e+00 -9.183046425647408029e+00
6.173748991284913057e-01 -1.137718316749991798e+00 -9.513363988105947300e+00
3.215832127311375466e+00 -2.521991960464969873e-01 -9.838719733667208089e+00
5.337812999272438574e+00 4.697030138988687042e-01 -1.010302228784642864e+01
6.982069385409385376e+00 1.029951502453683609e+00 -1.030950280803716623e+01
8.147493971344230701e+00 1.430363849256781172e+00 -1.046068808689502738e+01
8.833153534088109993e+00 1.672529609789505045e+00 -1.055829514298361005e+01
9.038420746041257559e+00 1.757674670938541350e+00 -1.060305209706617013e+01
8.763299666640548935e+00 1.686427998703297959e+00 -1.059438955245981617e+01
8.008139264755122610e+00 1.458963033525977782e+00 -1.053069558026029817e+01
6.773516174570334059e+00 1.075081596340460077e+00 -1.040951123449719518e+01
5.060213678833100914e+00 5.342496007943846603e-01 -1.022765924758011913e+01
3.175406503222202304e+00 -6.233870167304278453e-02 -1.001345148721635248e+01
1.426067625270173611e+00 -6.133813388401960776e-01 -9.797288834678615999e+00
-1.872654699893943064e-01 -1.119391224072237456e+00 -9.578930503585116440e+00
-1.664121468057641939e+00 -1.580753089508684095e+00 -9.358464198229700770e+00
-3.004093469399379046e+00 -1.997732588990802638e+00 -9.136269862261547914e+00
-4.206837312059636957e+00 -2.370485595948663260e+00 -8.912983250850867734e+00
-5.272069754601436564e+00 -2.699067731201193254e+00 -8.689459371556012002e+00
-6.199566346906134839e+00 -2.983444051490247162e+00 -8.466735861106592154e+00
-6.989158828858441197e+00 -3.223498992785955863e+00 -8.245996330029262467e+00
-7.640731931874134020e+00 -3.419046571636049414e+00 -8.028533716172784551e+00
-8.127855057554169704e+00 -3.562217372903438317e+00 -7.835025932172910323e+00
-8.424414806391052224e+00 -3.644893156808882928e+00 -7.686481584070356199e+00
-8.530827620557126068e+00 -3.666440090766775572e+00 -7.584721108409522294e+00
-8.447517476164966510e+00 -3.626200243896301245e+00 -7.531488559535675975e+00
-8.174896281837151335e+00 -3.523509133278822425e+00 -7.528402262597497341e+00
-7.713343370029928536e+00 -3.357713502131360883e+00 -7.576905867591685606e+00
-7.063184219264755370e+00 -3.128189305522454777e+00 -7.678219769321673382e+00
-6.224668615290038787e+00 -2.834359857661212789e+00 -7.833292817473646252e+00
-5.197948444706755211e+00 -2.475714145490270912e+00 -8.042754259148816587e+00
-3.983055387742695519e+00 -2.051825277369816014e+00 -8.306865813431601353e+00
-2.803827987256862997e+00 -1.669759244521082930e+00 -8.544639834357271369e+00
-1.883366606548065203e+00 -1.437532431594657378e+00 -8.674137449023438862e+00
-1.220678169244010292e+00 -1.356146842575165268e+00 -8.694172594951576016e+00
-8.150543557351107582e-01 -1.426488441713555488e+00 -8.603986431262971024e+00
-6.661169877046977383e-01 -1.649300194881414550e+00 -8.403309264866395623e+00
-7.739287120136441045e-01 -2.025145863405206637e+00 -8.092419086683053209e+00
-1.139198692692356962e+00 -2.554364711827302070e+00 -7.672173276203919201e+00
-1.763027760808266287e+00 -3.237103428719329656e+00 -7.143996539873995744e+00
-2.646803085302122938e+00 -4.073333093005747862e+00 -6.509830600068485573e+00
-3.792163681684353360e+00 -5.062856592071335982e+00 -5.772079263129967330e+00
-4.868420719298624633e+00 -5.981922359229953301e+00 -5.100779417429287754e+00
-5.543011577954625402e+00 -6.606700112642875489e+00 -4.662274589792898105e+00
-5.814471986480021393e+00 -6.936957257621771511e+00 -4.453233549647575451e+00
-5.680805387031651499e+00 -6.972739396569068937e+00 -4.469700342798325288e+00
-5.139553144847562649e+00 -6.714356368854968338e+00 -4.707177176280108455e+00
-4.187864126149076327e+00 -6.162368189535905039e+00 -5.160707418773511357e+00
-2.822563192633225082e+00 -5.317570892530925519e+00 -5.824959079831995012e+00
-1.040218236612696412e+00 -4.180982269627214976e+00 -6.694309077777621297e+00
1.162794594052436459e+00 -2.753827511112959314e+00 -7.762928569012395918e+00
3.790227761678055529e+00 -1.037524744120746467e+00 -9.024869550228633130e+00
6.320322368836023941e+00 6.082969168707920149e-01 -1.021587340551987388e+01
8.225433531459305669e+00 1.825876498748887133e+00 -1.108112078544452217e+01
9.500267762255059978e+00 2.616662296108045460e+00 -1.162903210764987172e+01
1.013931509378988594e+01 2.982406761007005080e+00 -1.186828739002080368e+01
1.013693652428377412e+01 2.925144542055702956e+00 -1.180768873525635776e+01
9.487447566403043098e+00 2.447170327681511992e+00 -1.145602041193843057e+01
8.185197837453156211e+00 1.551016476026439106e+00 -1.082190649863625787e+01
6.224646714120085633e+00 2.394305185872724340e-01 -9.913666098687201611e+00
3.600435193250075550e+00 -1.484647590327099920e+00 -8.739166233786585636e+00
3.074541890224355978e-01 -3.618108491681219174e+00 -7.305672546831693204e+00
-2.924045740074558086e+00 -5.669400329049766540e+00 -5.951830177357006590e+00
-5.355640944396107272e+00 -7.151194631896471421e+00 -5.004645544155906123e+00
-6.980247168476634734e+00 -8.066834928965677776e+00 -4.453791348323897559e+00
-7.791132818086444090e+00 -8.419873752211506357e+00 -4.289683295068676294e+00
-7.782008481895227980e+00 -8.214041966706213671e+00 -4.503668837309912298e+00
-6.947078438009548051e+00 -7.453220441789383699e+00 -5.088261937781663136e+00
-5.280957164377101165e+00 -6.141431980412102476e+00 -6.037378052774093895e+00
-2.778670350456283966e+00 -4.282848706694049490e+00 -7.346084093400235382e+00
5.644088916003844325e-01 -1.881807050294423078e+00 -9.010398972788296490e+00
4.752648976391409263e+00 1.057175471871285577e+00 -1.102714132956431037e+01
8.916371995736797729e+00 3.928473294279810180e+00 -1.297929520145381410e+01
1.217897764287497608e+01 6.132385531345906138e+00 -1.445575294866967297e+01
1.453469883022934361e+01 7.673303845662584166e+00 -1.546194234110382126e+01
1.597813444685052708e+01 8.555815036961593734e+00 -1.600237782683089449e+01
1.650414195296087527e+01 8.784722503661063442e+00 -1.608082820412074554e+01
1.610773230706011816e+01 8.365068250433568053e+00 -1.570048622524057436e+01
1.478396683374065645e+01 7.302155483134660230e+00 -1.486413996642958857e+01
1.252785562793956231e+01 5.601571854959656704e+00 -1.357434596914576552e+01
9.334257413375503631e+00 3.269213333364752394e+00 -1.183360403268200045e+01
5.197780763344407973e+00 3.113086760959229427e-01 -9.644533698871512684e+00
9.817318429751163977e-01 -2.645196140491108405e+00 -7.439025317344514221e+00
-2.443631387513328868e+00 -4.980718838894411249e+00 -5.645631512063996382e+00
-5.073430354955056565e+00 -6.700011429201850000e+00 -4.262218331260248405e+00
-6.902598343251034940e+00 -7.808109980743178191e+00 -3.286606070840302429e+00
-7.925793934887941816e+00 -8.310357105111574327e+00 -2.716416333321402199e+00
-8.137315987762139713e+00 -8.212424853422559679e+00 -2.548916997178172217e+00
-7.531020476606729908e+00 -7.520337939519693649e+00 -2.780864823991612056e+00
-6.100239615219861022e+00 -6.240497174167019878e+00 -3.408345470138964384e+00
-3.837703806839481757e+00 -4.379702966298401279e+00 -4.426610460704587524e+00
-7.354670278634323211e-01 -1.945178739734881423e+00 -5.829910699613171765e+00
2.604483426111562139e+00 6.002322982767638315e-01 -7.365487365029212974e+00
5.573351655621396006e+00 2.800276439538826434e+00 -8.785270962271836126e+00
8.169294048631435601e+00 4.657353013936775810e+00 -1.008988386743261323e+01
1.039032849965214567e+01 6.173994500055306034e+00 -1.128027871614253286e+01
1.223431606900680890e+01 7.352872999490006833e+00 -1.235781235050549753e+01
1.369880983251069750e+01 8.196857030130740185e+00 -1.332442860712923149e+01
1.478056740244243095e+01 8.709198821241434629e+00 -1.418312703607776548e+01
1.547586513253360962e+01 8.893415961418664750e+00 -1.493776352059673940e+01
1.578069193841244200e+01 8.753203548538971646e+00 -1.559287690055510645e+01
1.569082812342973554e+01 8.292386374181708319e+00 -1.615359541839669788e+01
1.526080303566023488e+01 7.609068202545403281e+00 -1.651043738298289654e+01
1.454336673299229865e+01 6.801542464187174453e+00 -1.655358550065826151e+01
1.353136619078765612e+01 5.874067109882261661e+00 -1.628824126121880056e+01
1.221753161616355676e+01 4.830948978358776458e+00 -1.571981848852048458e+01
1.059459505807348201e+01 3.676488190342450224e+00 -1.485386281369366301e+01
8.655404886949508381e+00 2.414921774630839568e+00 -1.369596598696126399e+01
6.393036006985537867e+00 1.050366644245057435e+00 -1.225167496710729154e+01
3.800895774695559837e+00 -4.132380796298067427e-01 -1.052639584716585297e+01
8.728255492228942369e-01 -1.972188942490332053e+00 -8.525292790793026043e+00
-2.396801949986543612e+00 -3.623076123131126813e+00 -6.253182269448519293e+00
-5.437651573495658752e+00 -5.102782704457853313e+00 -4.142683816833417687e+00
-7.666408286242848646e+00 -6.156777042260930699e+00 -2.614334330198892165e+00
-9.069415056996650293e+00 -6.794474621985609808e+00 -1.654664875872153829e+00
-9.633939914075396516e+00 -7.024734239013785242e+00 -1.250706416960615464e+00
-9.348366371663587415e+00 -6.855725548412983983e+00 -1.390264088695808864e+00
-8.202375750916322872e+00 -6.294797822533518605e+00 -2.062198309865556300e+00
-6.187122864718989312e+00 -5.348350218401510148e+00 -3.256711335067195456e+00
-3.295407005438682368e+00 -4.021703594931888226e+00 -4.965637768738284663e+00
4.781598364204837637e-01 -2.318974369676881864e+00 -7.182737221921094317e+00
5.136985080422890704e+00 -2.429505835555481053e-01 -9.903987227125890414e+00
9.760863627978638490e+00 1.796393675436173787e+00 -1.257897023211588561e+01
1.342097447990893144e+01 3.395474887183703050e+00 -1.466696690062077124e+01
1.610773363716377915e+01 4.561194289796370427e+00 -1.617880267693799468e+01
1.781365908059442660e+01 5.299024348249531613e+00 -1.712294688932282227e+01
1.853355830853592323e+01 5.612874246886599749e+00 -1.750518685653228346e+01
1.826496863412916483e+01 5.504844873290716478e+00 -1.732808811188358078e+01
1.700900464417540547e+01 4.974816739603818760e+00 -1.659014176808177865e+01
1.476945065259702616e+01 4.020907796628388375e+00 -1.528665188944368758e+01
1.155222521675662861e+01 2.639781315657222294e+00 -1.341036584480648131e+01
7.365093885228679582e+00 8.268412737120316436e-01 -1.095189720691218760e+01
3.021805472388788161e+00 -1.074523451578167421e+00 -8.392131496715588668e+00
-6.698295173030182070e-01 -2.717554804548961478e+00 -6.219428730143733652e+00
-3.710917435899153460e+00 -4.101837570773272823e+00 -4.435659362135626615e+00
-6.103980289770145617e+00 -5.226012231248397200e+00 -3.044323433589481098e+00
-7.852759844919430243e+00 -6.087902719241623295e+00 -2.050270658884919328e+00
-8.962020030501612666e+00 -6.684642579384528105e+00 -1.459420585512779089e+00
-9.437345658053475361e+00 -7.012799319737569093e+00 -1.278484399498440061e+00
-9.284935879316796203e+00 -7.068496804874706996e+00 -1.514689697750664754e+00
-8.511391214829201246e+00 -6.847535584143060738e+00 -2.175509325515249337e+00
-7.123493370957389104e+00 -6.345511133083693522e+00 -3.268395111665855612e+00
-5.552636828682044445e+00 -5.717350613752905097e+00 -4.454234554485141828e+00
-4.223319728127649775e+00 -5.121996490793802259e+00 -5.387175059151522838e+00
-3.131913581334082153e+00 -4.561102626060603349e+00 -6.064302821896495388e+00
-2.274764664483798882e+00 -4.036432608678804712e+00 -6.482699357468305834e+00
-1.648315024133955475e+00 -3.549814055400725366e+00 -6.639538083541484781e+00
-1.249226245232963217e+00 -3.103093873126573587e+00 -6.532178061399807056e+00
-1.074505665492223150e+00 -2.698094304299742507e+00 -6.158255193684812667e+00
-1.121634584093819109e+00 -2.336569655015523495e+00 -5.515771294586384599e+00
-1.388697911221233428e+00 -2.020163301421441293e+00 -4.603181725943273683e+00
-1.874514578488441163e+00 -1.750364644503805689e+00 -3.419482374754666765e+00
-2.376986972171380330e+00 -1.541466181768755828e+00 -2.316602074494426677e+00
-2.696112074223718569e+00 -1.405644762617227705e+00 -1.647848185921968911e+00
-2.833635236573484484e+00 -1.341156773982772554e+00 -1.414423582090548859e+00
-2.790062517336177272e+00 -1.346399382766919173e+00 -1.616993378169429452e+00
-2.564481501818732578e+00 -1.419954085770812613e+00 -2.255607012090715902e+00
-2.154425979945195468e+00 -1.560644671093686764e+00 -3.329581958824429311e+00
-1.555994836169217077e+00 -1.767607248923746877e+00 -4.837383377973149656e+00
-7.640154239526379953e-01 -2.040264916380117644e+00 -6.776813406759373493e+00
2.277793423223304359e-01 -2.378331929790573618e+00 -9.145109754479442188e+00
1.426555109379837205e+00 -2.781832365977628285e+00 -1.193900217176415168e+01
2.721080366867158151e+00 -3.162688588851924720e+00 -1.470513527831256440e+01
3.992777166843669345e+00 -3.434107562668907931e+00 -1.699163944034881979e+01
5.237299032418578193e+00 -3.598214102902145051e+00 -1.879744327185866481e+01
6.449043317571204526e+00 -3.656996168150016047e+00 -2.012183991920731430e+01
7.621352439225296038e+00 -3.612266875036898917e+00 -2.096449862176663714e+01
8.746716762549686663e+00 -3.465626891353438488e+00 -2.132547277238137795e+01
9.816978816390372842e+00 -3.218427794186344393e+00 -2.120520316676790173e+01
1.082353856716392215e+01 -2.871736967743018454e+00 -2.060451534230339732e+01
1.175755931627335471e+01 -2.426304523223095977e+00 -1.952461021555692255e+01
1.261017381363624601e+01 -1.882532649044637907e+00 -1.796704747912484379e+01
1.331464910787537548e+01 -1.329718294313797067e+00 -1.625059059760006264e+01
1.381144862432130793e+01 -8.555996363506879199e-01 -1.469587435682048593e+01
1.410277506209124709e+01 -4.578968532353711041e-01 -1.330748189003242743e+01
1.419100551145184497e+01 -1.342782923240948278e-01 -1.208989378607048337e+01
1.407862056124041317e+01 1.176034570508881494e-01 -1.104739674887712830e+01
1.376812952403301438e+01 3.000760486334344002e-01 -1.018399486095009010e+01
1.326199212998761645e+01 4.154125626103211122e-01 -9.503323369434980350e+00
1.256253696820712662e+01 4.657985312996999472e-01 -9.008565023929712368e+00
1.167187743877463824e+01 4.532999300572542190e-01 -8.702368418737949085e+00
1.059182584884479539e+01 3.798324699776756130e-01 -8.586767973810196963e+00
9.467344195074602453e+00 2.266436132226183897e-01 -8.558912782026013133e+00
8.441258674239623616e+00 -2.683676944051249791e-02 -8.513220800425081336e+00
7.511950487594049264e+00 -3.815522898276504371e-01 -8.447144258561245067e+00
6.677891595174007655e+00 -8.384396150265578385e-01 -8.358191735253779342e+00
5.937675050568341995e+00 -1.398415834000029889e+00 -8.243960573060231667e+00
5.290147690107622758e+00 -2.062350621186838762e+00 -8.102106908581285794e+00
4.734720513461126323e+00 -2.831006168442310234e+00 -7.930265439092175406e+00
4.271038661051587582e+00 -3.705076677902627402e+00 -7.726373106710635597e+00
3.898874739187064620e+00 -4.685205633422069305e+00 -7.488731441434207881e+00
3.618125895707188899e+00 -5.771988797919935799e+00 -7.215986426726768599e+00
3.430108924661863234e+00 -6.783678989884238675e+00 -6.957002383640045196e+00
3.337900206310642215e+00 -7.538934621951330683e+00 -6.762497730069950919e+00
3.343892336739184845e+00 -8.038939644907255655e+00 -6.634501239001082240e+00
3.450172016255943053e+00 -8.284902575064947428e+00 -6.575464863627176193e+00
3.658528693230857165e+00 -8.278046901837484484e+00 -6.588204528854092246e+00
3.970463632172299473e+00 -8.019601160736602452e+00 -6.675839706101008630e+00
4.387199851107171256e+00 -7.510788554153048580e+00 -6.841732001626095183e+00
4.909693214456607002e+00 -6.752816112598854836e+00 -7.089422937265442926e+00
5.538645124506459183e+00 -5.746863283104650222e+00 -7.422571162772189979e+00
6.274517087873789478e+00 -4.494069912661297295e+00 -7.844889300617195360e+00
7.000169150087645065e+00 -3.172063850355938630e+00 -8.305338978456715537e+00
7.597886625368936109e+00 -1.956819605083319757e+00 -8.748595896073075195e+00
8.067199327481485938e+00 -8.469982619539242474e-01 -9.171764597243187822e+00
8.407787572012207278e+00 1.587099826650639756e-01 -9.571758918007539307e+00
8.619478880488429695e+00 1.061579256862494436e+00 -9.945356125610912201e+00
8.702242754068219455e+00 1.862840908039361754e+00 -1.028925097357222285e+01
8.656183326212129714e+00 2.563675974608526253e+00 -1.060010957840770551e+01
8.481530293541254650e+00 3.165206451098853790e+00 -1.087462283175928235e+01
8.178627820584729591e+00 3.668486181040738092e+00 -1.110955952853138662e+01
7.747921444160857263e+00 4.074491370125680412e+00 -1.130181909249168015e+01
7.261491540842470727e+00 4.412430268735301198e+00 -1.146134307766560667e+01
6.791374460714771466e+00 4.710953684286789844e+00 -1.159996055252463876e+01
6.338023444480032076e+00 4.970130284860159620e+00 -1.171757979268498140e+01
5.901906651227702305e+00 5.190022113919814828e+00 -1.181417429063847280e+01
5.483501380508579715e+00 5.370683052143556679e+00 -1.188978134304257850e+01
5.083174701587756417e+00 5.512109179293544159e+00 -1.194457104038265172e+01
4.700834662298724709e+00 5.614095540687383590e+00 -1.197902855607003580e+01
4.336266752232798893e+00 5.676385636314267735e+00 -1.199369269219504908e+01
3.989250779852293149e+00 5.698721767424896889e+00 -1.198907866058353378e+01
3.659564824051783294e+00 5.680846538285410752e+00 -1.196567856083579784e+01
3.358654616851112440e+00 5.581977701933123370e+00 -1.191163122224471671e+01
3.098058597754755450e+00 5.361318912250881752e+00 -1.181518630770179001e+01
2.877717000217590915e+00 5.018595643234000647e+00 -1.167699477073666969e+01
2.697605670969276837e+00 4.553536677662858523e+00 -1.149771779721148235e+01
2.557742490631970345e+00 3.965877190939135932e+00 -1.127802462649725079e+01
2.458193666713475167e+00 3.255361780501376590e+00 -1.101859035373642470e+01
2.399079915223178538e+00 2.421747432359460994e+00 -1.072009372123912208e+01
2.380582193327097862e+00 1.464806478863040162e+00 -1.038321497164636220e+01
2.402947347450511195e+00 3.843294855887890993e-01 -1.000863373387656807e+01
2.466493621323261998e+00 -8.198719258373816654e-01 -9.597026985459349291e+00
2.541903141353262896e+00 -1.992416388023560359e+00 -9.201250198771917965e+00
2.599152559280021535e+00 -2.977821912391896308e+00 -8.873480768684348874e+00
2.637499981863314247e+00 -3.776101727398392782e+00 -8.613331789152935514e+00
2.656117016836356370e+00 -4.387265540208186820e+00 -8.420369505637264496e+00
2.654078488468710972e+00 -4.811326347568202877e+00 -8.294127094150713475e+00
2.630352082434850303e+00 -5.048307157517029964e+00 -8.234118005984093713e+00
2.583787804237020147e+00 -5.098247606331701043e+00 -8.239848839216675103e+00
2.513108021024337724e+00 -4.961210589336741528e+00 -8.310831300667974375e+00
2.416897226189176351e+00 -4.637288780305743430e+00 -8.446593513380376450e+00
2.293591628001184990e+00 -4.126611063883589559e+00 -8.646690528492797512e+00
2.175512630087518495e+00 -3.610971787370194530e+00 -8.843173342944592008e+00
2.096737548820507779e+00 -3.272120784118365933e+00 -8.968887019929049131e+00
2.058342100947744946e+00 -3.110128911109097061e+00 -9.024607888533569877e+00
2.061572449169459365e+00 -3.125018705119143370e+00 -9.011120591756677456e+00
2.107856058164151669e+00 -3.316758474492033759e+00 -8.929216091494254215e+00
2.198922371585475766e+00 -3.685230375573247841e+00 -8.779674407504202804e+00
2.337120247957462205e+00 -4.230151842634280790e+00 -8.563215052849267650e+00
2.525034296486721175e+00 -4.951163936955593314e+00 -8.280545811757367147e+00
2.765329570465247855e+00 -5.847865755911021424e+00 -7.932376591424782575e+00
3.060709913828312256e+00 -6.919822083237371579e+00 -7.519414670285545554e+00
3.362052200625254006e+00 -7.959500059607320210e+00 -7.106009938632283252e+00
3.617416415072157498e+00 -8.759786885211166663e+00 -6.755585282145112558e+00
3.825198632653657338e+00 -9.320867223045080863e+00 -6.467480717316883343e+00
3.983719262213928136e+00 -9.642966247539433766e+00 -6.241068121343195330e+00
4.091262983026708433e+00 -9.726342599306173398e+00 -6.075756165115372198e+00
4.146117185036213293e+00 -9.571281260996926221e+00 -5.970997977087366237e+00
4.146607950369647355e+00 -9.178086303881848096e+00 -5.926302388902044527e+00
4.091140272465224825e+00 -8.547074155293767461e+00 -5.941242617398773795e+00
3.978235346848173926e+00 -7.678566900371103010e+00 -6.015468057741568231e+00
3.806566360966839646e+00 -6.572885645495176732e+00 -6.148718633252429733e+00
3.619510498004433696e+00 -5.414706873443923207e+00 -6.259181952691013073e+00
3.463618552727955713e+00 -4.388042511001430057e+00 -6.265283575896230417e+00
3.342306311303429922e+00 -3.492179195295936012e+00 -6.167194177932631582e+00
3.258749597884135873e+00 -2.726395157929668578e+00 -5.965054276919632414e+00
3.215831324809386604e+00 -2.089969373397559504e+00 -5.658955879473867689e+00
3.216092668530235787e+00 -1.582190731669341766e+00 -5.248919462744558118e+00
3.261689341889160598e+00 -1.202367559661812857e+00 -4.734863976061976842e+00
3.354320360170769622e+00 -9.498354681235751107e-01 -4.116588976524338861e+00
3.495165643181814996e+00 -8.239652346392553062e-01 -3.393750773463416248e+00
3.684827535605895932e+00 -8.241703494365003602e-01 -2.565836098920256436e+00
3.856130022738099239e+00 -8.680180280455100927e-01 -1.791600675304414914e+00
3.938738288671528753e+00 -8.742764907505704564e-01 -1.229135648654936297e+00
3.928699826583917254e+00 -8.441408941460253335e-01 -8.770403243331938992e-01
3.823007160131103976e+00 -7.787132558725547993e-01 -7.343194432670920868e-01
3.619700085644123710e+00 -6.789886294732074834e-01 -8.004524227984470830e-01
3.317947497090697695e+00 -5.458358271958902996e-01 -1.075531769722523956e+00
2.917996898554044094e+00 -3.799803716007256194e-01 -1.560472694294522178e+00
2.421066538487351316e+00 -1.820574899488733855e-01 -2.256664887159807620e+00
1.829186801152173691e+00 4.735499087732486512e-02 -3.165804218250625190e+00
1.145027790812376711e+00 3.077139896496496885e-01 -4.289805123463378500e+00
3.717263463398858825e-01 5.984899062918012103e-01 -5.630711874278815365e+00
-4.872883859811398821e-01 9.191469957467908181e-01 -7.190610757994654989e+00
-1.428471475337996566e+00 1.269125575354673074e+00 -8.971544800492164740e+00
-2.448341255943755179e+00 1.647826209406180631e+00 -1.097543226692241092e+01
-3.543661114858447370e+00 2.054595963854424223e+00 -1.320398977488338588e+01
-4.711453200601117608e+00 2.488727542011635041e+00 -1.565871013347378415e+01
-5.948438587859748772e+00 2.949499395112536781e+00 -1.834104979579665340e+01
-7.251261918362105874e+00 3.436168022270615019e+00 -2.125242136626425449e+01
-8.616652934142216225e+00 3.947958948566379078e+00 -2.439415217485922938e+01
-1.004146890270681602e+01 4.484064858262951425e+00 -2.776746968767322699e+01
-1.152273752144936658e+01 5.043644198818366675e+00 -3.137348807831785180e+01
-1.305770026434273134e+01 5.625820250552829194e+00 -3.521319594374673301e+01
-1.464385612633528666e+01 6.229680654241388282e+00 -3.928744512584462001e+01
-1.627900571418890507e+01 6.854277386349441059e+00 -4.359694057760012242e+01
