-1.645101700880159834e+00 1.563988090046546819e+00 -2.376175178528438625e+00
-7.577327371457457383e-01 7.368112594256149839e-01 -1.149847934299437213e+00
1.033406643643384748e-01 -2.508014113605692291e-02 -3.375787531276226716e-02
9.329833587425072627e-01 -7.218605660819079617e-01 9.746096766147017698e-01
1.726375693510338039e+00 -1.353813880658638391e+00 1.877679643013156596e+00
2.478964732855448716e+00 -1.921321021478239244e+00 2.677806609186423881e+00
3.186417133857144535e+00 -2.424850643743450274e+00 3.377297354187178247e+00
3.844573777750543986e+00 -2.864952634624302164e+00 3.978436263981345533e+00
4.449406277425221212e+00 -3.242254408418306699e+00 4.483513446824372473e+00
4.996975507235942082e+00 -3.557459935083528091e+00 4.894855410760123426e+00
5.483392332494237742e+00 -3.811351489141008297e+00 5.214858199249219339e+00
5.904594181798040964e+00 -4.004821249146385931e+00 5.446205258804232230e+00
6.255707552305203478e+00 -4.138988896636734971e+00 5.592530367297585236e+00
6.531575308359743204e+00 -4.215175986257372998e+00 5.657983404046049714e+00
6.727056307371294785e+00 -4.234881233294688130e+00 5.646969030209346485e+00
6.837148433727993080e+00 -4.199765273761259188e+00 5.564032668772163071e+00
6.857101154781659602e+00 -4.111625266595368977e+00 5.413738216940338965e+00
6.782517175497741135e+00 -3.972359792559705394e+00 5.200538359090190355e+00
6.609443244062376266e+00 -3.783924860513681487e+00 4.928638603726640532e+00
6.334450687658279122e+00 -3.548282166790244219e+00 4.601856360907605747e+00
5.954706824901171203e+00 -3.267341065754250096e+00 4.223476512672046823e+00
5.468074627225933071e+00 -2.942885334052753432e+00 3.796061961900210502e+00
4.873243102815209227e+00 -2.576483867091999169e+00 3.321216173380761472e+00
4.169602835694567133e+00 -2.169478999548644094e+00 2.799655999789623984e+00
3.357233925363752647e+00 -1.722952979478518332e+00 2.231167691959813126e+00
2.436941807788342018e+00 -1.237686903420813778e+00 1.614516492712190221e+00
1.458934340571248489e+00 -7.376842943760399951e-01 9.765813069401823032e-01
4.747674051166815845e-01 -2.458581997346698245e-01 3.427614770632317898e-01
-5.120043750790413961e-01 2.389877123792345515e-01 -2.914714505642519438e-01
-1.497589778372839575e+00 7.181558579411309040e-01 -9.309721163466906368e-01
-2.477922707261500435e+00 1.193026309835510723e+00 -1.580897864262766905e+00
-3.448701812884461759e+00 1.664995514932010146e+00 -2.246568682530949879e+00
-4.405799173285554815e+00 2.135299574924788946e+00 -2.932849715713061745e+00
-5.345320734383076200e+00 2.604966006653845589e+00 -3.644023106359515207e+00
-6.263554429671991386e+00 3.074810398938025102e+00 -4.383823164213598744e+00
-7.156964915184665266e+00 3.545427679714174385e+00 -5.155427671484011043e+00
-7.852338181770158521e+00 3.931122958893586983e+00 -5.831548537642428975e+00
-8.184083901803456129e+00 4.146052910802173308e+00 -6.274715858771968691e+00
-8.162172438586448919e+00 4.190048878805797905e+00 -6.470572946297204808e+00
-7.799011368592094762e+00 4.062596646112017318e+00 -6.402705396090802914e+00
-7.109252369671230198e+00 3.763022225294743173e+00 -6.053136641418880970e+00
-6.109577159137680624e+00 3.290665603407715967e+00 -5.402812336886725575e+00
-4.818454669106249533e+00 2.645037533692701892e+00 -4.432070279626875831e+00
-3.255833660572808874e+00 1.825958287912849975e+00 -3.121121389213603159e+00
-1.442804942211032948e+00 8.336677828718959127e-01 -1.450494646504911112e+00
5.987723509815406908e-01 -3.310948641320249908e-01 5.985531601496784093e-01
2.541245087203749531e+00 -1.486295322627375626e+00 2.712711076895534923e+00
4.084136626504919043e+00 -2.450110185632652371e+00 4.552326440378644534e+00
5.247358856324895626e+00 -3.221972493102057467e+00 6.095682427995277486e+00
6.052287291752386444e+00 -3.801742397897673875e+00 7.321201296268750269e+00
6.521325745253154338e+00 -4.189775306295295820e+00 8.207874134216021744e+00
6.677430216199180535e+00 -4.386954197764585395e+00 8.735648289231457753e+00
6.543594490130178798e+00 -4.394686645670257796e+00 8.885771110887565882e+00
6.142316412699453387e+00 -4.214863003524941476e+00 8.641081389876870134e+00
5.495039048690765426e+00 -3.849782923848121818e+00 7.986256960220032397e+00
4.621572336129558423e+00 -3.302053444452858422e+00 6.908021469134211223e+00
3.688846312560741136e+00 -2.684528922776905802e+00 5.644483864074421930e+00
2.846992742533722254e+00 -2.107974367269136451e+00 4.445284532907450625e+00
2.088921612574293096e+00 -1.571903001843492964e+00 3.315903279531700498e+00
1.407480790198838427e+00 -1.075691487447863581e+00 2.261547185299019436e+00
7.955867932461703207e-01 -6.186082103783263619e-01 1.287117367444573501e+00
2.463459334151680835e-01 -1.998474232919078830e-01 3.971942583371372848e-01
-2.466466885332830039e-01 1.814207552855783834e-01 -4.040815786690324929e-01
-6.888568014351627022e-01 5.259888361768294551e-01 -1.113224579987411644e+00
-1.084776013274760365e+00 8.345793448180205409e-01 -1.727365303870790125e+00
-1.437965428214088126e+00 1.107824568273807486e+00 -2.244178364395431835e+00
-1.757860661912199918e+00 1.356983112397792901e+00 -2.725636023004566866e+00
-2.052996223220707073e+00 1.592853910194462319e+00 -3.234209680411584742e+00
-2.324905080211110864e+00 1.815391011599350346e+00 -3.768891028428622558e+00
-2.575095575744526855e+00 2.024651568990382788e+00 -4.328916776364189367e+00
-2.805035865090222291e+00 2.220780098545072523e+00 -4.913745523158434381e+00
-3.016140288355204646e+00 2.403993876104979943e+00 -5.523035577844173538e+00
-3.209757087505324069e+00 2.574569325844672463e+00 -6.156623928287399572e+00
-3.387157503310598727e+00 2.732829433468232594e+00 -6.814506138399314850e+00
-3.549525544336822769e+00 2.879131969720862827e+00 -7.496817502507587605e+00
-3.697948098975349041e+00 3.013858422056514996e+00 -8.203815487356767022e+00
-3.836292433614152397e+00 3.130188925700582825e+00 -8.813587969137561373e+00
-3.965147090201577740e+00 3.220790996461116773e+00 -9.204279946571729099e+00
-4.080130873810006165e+00 3.285133757567685997e+00 -9.376424454780957873e+00
-4.176341115958354777e+00 3.322516499499551301e+00 -9.330700934306205951e+00
-4.248487314281634397e+00 3.332113539344448760e+00 -9.067934484678538354e+00
-4.291024672034422061e+00 3.313017563892597384e+00 -8.589090077179768912e+00
-4.298287404613421181e+00 3.264281109086791588e+00 -7.895260958221861358e+00
-4.264621632172292287e+00 3.184955289399051814e+00 -6.987650973354184281e+00
-4.184517655224426314e+00 3.074126306051860436e+00 -5.867550315905361913e+00
-4.052741423768580376e+00 2.930949551600261493e+00 -4.536304707613732390e+00
-3.825614894195676019e+00 2.752142027684140402e+00 -3.287589533054456670e+00
-3.468223518068973998e+00 2.536712385921055191e+00 -2.416135724915837724e+00
-2.988648479258421808e+00 2.287244411441914149e+00 -1.924613933891850204e+00
-2.394640940360293957e+00 2.006135513050926189e+00 -1.815273914970748415e+00
-1.693398762070724262e+00 1.695499292620331167e+00 -2.089891687628384620e+00
-8.913842233182767139e-01 1.357079397909127794e+00 -2.749706251952065639e+00
5.680253116621606160e-03 9.922651877116683838e-01 -3.795433856011204643e+00
9.928734086699263495e-01 6.021815280508618917e-01 -5.227514106148115403e+00
2.066041609895845621e+00 1.877479420254618558e-01 -7.046195147434195505e+00
3.221729125972175201e+00 -2.502672644009854563e-01 -9.251572924504174011e+00
4.322102461522482564e+00 -6.989236412395862796e-01 -1.135017679866381535e+01
5.236918487239509368e+00 -1.147414950582875903e+00 -1.284649129667628031e+01
5.973700099114526374e+00 -1.597963970902239961e+00 -1.373781212399234342e+01
6.538877556265632052e+00 -2.052473722639837295e+00 -1.402187342505645340e+01
6.937902830048906289e+00 -2.512612857648684361e+00 -1.369679499206033313e+01
7.175366059382892736e+00 -2.979900070615532748e+00 -1.276103417164874898e+01
7.255113746354926896e+00 -3.455787693043970599e+00 -1.121334178234367940e+01
7.180368479078945931e+00 -3.941744430873639793e+00 -9.052721435304000863e+00
6.953849869687582341e+00 -4.439337528201741989e+00 -6.278391757796942585e+00
6.577896526856883419e+00 -4.950314434319062151e+00 -2.889751093225921164e+00
6.130949015332525676e+00 -5.405149509937375640e+00 5.070114819463272804e-01
5.687105716587275595e+00 -5.732372056199778854e+00 3.305333425255996715e+00
5.242426733178807474e+00 -5.930956249513780421e+00 5.505204790416283522e+00
4.793462238047830226e+00 -5.999772154760365517e+00 7.106703219062627142e+00
4.337119129611242130e+00 -5.937522997492056476e+00 8.110006835073104270e+00
3.870527432449064165e+00 -5.742683094453813197e+00 8.515408990436116099e+00
3.390906430603612964e+00 -5.413436483794444420e+00 8.323334776636070131e+00
2.895430300192774364e+00 -4.947616428483470052e+00 7.534359328309099268e+00
2.381093371326361563e+00 -4.342645847861045461e+00 6.149227977146620283e+00
1.844574976522974863e+00 -3.595478861143783345e+00 4.168878456848916336e+00
1.332028813532239120e+00 -2.820735229259367927e+00 2.120331593285693206e+00
8.933131454834526419e-01 -2.136318213716814185e+00 5.295759843842762216e-01
5.304785290941094189e-01 -1.543964430724482417e+00 -6.039143500899503136e-01
2.458348319240693525e-01 -1.045767725184864494e+00 -1.280773986672832265e+00
4.205398998897565133e-02 -6.442149290812834161e-01 -1.501778887469431112e+00
-7.772221731051670579e-02 -3.422254557474853076e-01 -1.267880480956039113e+00
-1.097845065863365110e-01 -1.431739556311163453e-01 -5.802487042737068945e-01
-4.986851886187391308e-02 -5.081231743200202017e-02 5.596927592560301257e-01
1.067963603256996130e-01 -6.918916128360363960e-02 2.150272365127742002e+00
3.654396207028260957e-01 -2.025765120570718336e-01 4.189583492857417824e+00
6.519388843111026954e-01 -3.772469414894316642e-01 6.275651205493040230e+00
8.865908113113859512e-01 -5.147017651984284736e-01 8.008448761736051580e+00
1.066295359491407968e+00 -6.119790672226103068e-01 9.388919151216461145e+00
1.187613643500540661e+00 -6.658944125853009099e-01 1.041812919536389614e+01
1.246800660309257403e+00 -6.730970623472523062e-01 1.109726445281017071e+01
1.239838685151708475e+00 -6.301253848646675149e-01 1.142762270399934721e+01
1.162471354075837793e+00 -5.334613355501870435e-01 1.141060586194708293e+01
1.010238474995554858e+00 -3.795838500040865093e-01 1.104771018681887007e+01
7.785115107196565187e-01 -1.650210812713165942e-01 1.034051471987632453e+01
4.625297011145357295e-01 1.135986085739284501e-01 9.290667882929373178e+00
1.484562391940370540e-01 3.710989997147622343e-01 8.015581268069215781e+00
-7.469703301702068643e-02 5.214955293481065013e-01 6.629929205507658629e+00
-2.075165087246657603e-01 5.667433096504059797e-01 5.131312904418631859e+00
-2.506218584954900130e-01 5.086427590009233723e-01 3.517370748385086010e+00
-2.046679085658609787e-01 3.488074320380534221e-01 1.785802435161549351e+00
-7.034560346437560008e-02 8.863128977307667411e-02 -6.560738785096570380e-02
1.516178466077664488e-01 -2.707445197995683728e-01 -2.038965915290847253e+00
4.604595502112425187e-01 -7.284653028846456158e-01 -4.136249309559146603e+00
8.553822292821067208e-01 -1.283996811240271985e+00 -6.359280031989826831e+00
1.335556077565629218e+00 -1.937159479790137251e+00 -8.709704245961244595e+00
1.806126927437271990e+00 -2.566582252932654296e+00 -1.083076902654659257e+01
2.177004669084799282e+00 -3.055093867826071730e+00 -1.236297763484451551e+01
2.454532851924893233e+00 -3.408489408934440856e+00 -1.330389477726878944e+01
2.645088036085777361e+00 -3.631661274539003337e+00 -1.365134299689493425e+01
2.755035598482379111e+00 -3.728489592229250693e+00 -1.340341994455710939e+01
2.790674843699246566e+00 -3.701648689556415128e+00 -1.255854278346842712e+01
2.758180300965000775e+00 -3.552314463825572144e+00 -1.111554035695187359e+01
2.663638901861770769e+00 -3.280537948315675134e+00 -9.073553735041569368e+00
2.513063609394523557e+00 -2.885459660668620252e+00 -6.431979232775048239e+00
2.312396325516613338e+00 -2.365433078225328334e+00 -3.190440292238475806e+00
2.165102813895482647e+00 -1.872554584552640788e+00 5.437994633049098026e-02
2.166559479834994750e+00 -1.559296196581866356e+00 2.704558243899226166e+00
2.310557465934822918e+00 -1.424811876755423867e+00 4.758698210591808753e+00
2.590936169310384507e+00 -1.469158386172705999e+00 6.215687865620754593e+00
3.001584440932935749e+00 -1.693166565363084519e+00 7.074660700708541583e+00
3.536440575780978701e+00 -2.098312870402216923e+00 7.334957516894550444e+00
4.189491376737291439e+00 -2.686591292244310925e+00 6.996088612293508646e+00
4.954770588821238775e+00 -3.460385725651442090e+00 6.057695947805332715e+00
5.826356871350991007e+00 -4.422342881012331084e+00 4.519515005388362816e+00
6.798371472981299846e+00 -5.575245800832783871e+00 2.381336111396827881e+00
7.660410414704187154e+00 -6.658395738999318247e+00 2.055251370534516564e-01
8.209532367416255028e+00 -7.407691718828028904e+00 -1.444420620005560263e+00
8.451108201898302141e+00 -7.820680401517482672e+00 -2.567117236393259283e+00
8.390525033709652192e+00 -7.894791775393348310e+00 -3.161266817899192283e+00
8.033172288796672333e+00 -7.627468432175481539e+00 -3.225582454643816543e+00
7.384428164984188747e+00 -7.016294302687371420e+00 -2.758712217739889727e+00
6.449646491504497092e+00 -6.059122884741646509e+00 -1.759162289827735259e+00
5.234144095421457976e+00 -4.754204905914897417e+00 -2.252195314194606057e-01
3.743188670814622920e+00 -3.100315736277954759e+00 1.845126467781271984e+00
1.981987274525351284e+00 -1.096882723450329111e+00 4.454261540924104423e+00
2.404871313480860806e-01 9.149542509287760250e-01 7.086882738989170427e+00
-1.198182330894883130e+00 2.592296549832530772e+00 9.225088598595871048e+00
-2.339072107065598427e+00 3.932846735350552958e+00 1.086752913741053383e+01
-3.187196102831427957e+00 4.934849238581481501e+00 1.201257117463758739e+01
-3.747519930683395284e+00 5.597212151871059582e+00 1.265822213595739854e+01
-4.024971926921548260e+00 5.919719502518738352e+00 1.280200652797489091e+01
-4.024491046149040407e+00 5.903405771517956424e+00 1.244074812998756663e+01
-3.750927168610676432e+00 5.550275686201872283e+00 1.157072145423120624e+01
-3.208974765690693509e+00 4.863118417340785982e+00 1.018779259250154112e+01
-2.403126396819568633e+00 3.845404958323364930e+00 8.287519859841646408e+00
-1.540970630458200485e+00 2.741783800768307522e+00 6.263665728772648933e+00
-8.253551445572349099e-01 1.794002950133567253e+00 4.514163968817619832e+00
-2.535249023049553907e-01 1.001295857604806328e+00 3.040807745960940167e+00
1.772007505040669728e-01 3.624856887877055955e-01 1.845539359971851034e+00
4.694001137879761365e-01 -1.239578902328186127e-01 9.304034772509406359e-01
6.255204298214186442e-01 -4.598615772264283974e-01 2.975011901041902940e-01
6.478484153643491172e-01 -6.472908825250713871e-01 -5.105497320509688741e-02
5.384800221711006918e-01 -6.884921356552394789e-01 -1.131849790861723520e-01
2.992894436269451508e-01 -5.858340484907430534e-01 1.131158824134383678e-01
-6.810261102657169663e-02 -3.417488183552310210e-01 6.297352619353492331e-01
-4.147051434498228439e-01 -8.343434597351621906e-02 1.221108680351838061e+00
-5.930591726956540022e-01 6.460288696317870172e-02 1.669146311952304451e+00
-6.039483119584234672e-01 1.039880286233155343e-01 1.971972079626834740e+00
-4.480065851484015260e-01 3.636315562846592631e-02 2.127925658955541088e+00
-1.257014163729052170e-01 -1.366471647708397130e-01 2.135601506236086244e+00
3.626835849159482650e-01 -4.134706017585643711e-01 1.993887461582497966e+00
1.017065914066807464e+00 -7.926219480854280741e-01 1.702003053602629379e+00
1.837581427483809371e+00 -1.272738030502929885e+00 1.259537645096231451e+00
2.824601348658088096e+00 -1.852612493354232504e+00 6.664885649843802495e-01
3.978748844235295845e+00 -2.531230276903344123e+00 -7.670058080836783532e-02
5.016929381343240735e+00 -3.163202575206280454e+00 -7.617043067516153787e-01
5.655320572340230001e+00 -3.605575160728398121e+00 -1.179556589940242928e+00
5.893308206886276324e+00 -3.860907747549017444e+00 -1.329163119867018850e+00
5.729806867438701268e+00 -3.931392550802361274e+00 -1.210394531305198029e+00
5.163232726213527357e+00 -3.818791049193196230e+00 -8.241705678173624205e-01
4.191484181273870568e+00 -3.524363870126256959e+00 -1.725985492101671515e-01
2.811980938337228064e+00 -3.048853354608631161e+00 7.408835731490308607e-01
1.021748100489087596e+00 -2.392640050308603605e+00 1.911863545919306739e+00
-1.182509455873762327e+00 -1.555854536531530385e+00 3.335173108434097422e+00
-3.804334331919998036e+00 -5.384709162215354228e-01 5.005040581942886035e+00
-6.395993307408018858e+00 5.344221242291409268e-01 6.577267757422500694e+00
-8.505078100615184766e+00 1.537977268621852467e+00 7.713680906940749260e+00
-1.012786555302996661e+01 2.472268791627095563e+00 8.417860378094232487e+00
-1.126021719221488659e+01 3.336979608819746090e+00 8.694171822024891583e+00
-1.189770754210801762e+01 4.131533581539707178e+00 8.547611413893736909e+00
-1.203575040221746484e+01 4.855226610852845681e+00 7.983648323763217647e+00
-1.166972266237402955e+01 5.507356079892621992e+00 7.008063977694039437e+00
-1.079508548697749326e+01 6.087348032087218641e+00 5.626787821843167059e+00
-9.407502705655021558e+00 6.594881977141071161e+00 3.845729491381879583e+00
-7.502956468917513000e+00 7.030013045116245252e+00 1.670607456535084134e+00
-5.573964229195830455e+00 7.402690020685599670e+00 -4.744726359707240881e-01
-4.118721571391859015e+00 7.723127917003363763e+00 -2.172043925184344637e+00
-3.141876826188365612e+00 7.991960477086321291e+00 -3.426437717652644821e+00
-2.647761136430275108e+00 8.209490166287272572e+00 -4.241662577735588968e+00
-2.640255870813765782e+00 8.375566721285760963e+00 -4.621258891912401801e+00
-3.122660389685284699e+00 8.489468251169238755e+00 -4.568151140865781556e+00
-4.097559374028685752e+00 8.549784825823341095e+00 -4.084498776546726440e+00
-5.566688518336874836e+00 8.554304759052174134e+00 -3.171546374247430133e+00
-7.530797644012417358e+00 8.499903249323413235e+00 -1.829474546306300908e+00
-9.989509896692178259e+00 8.382433264950295282e+00 -5.725291422102563033e-02
-1.230862451505241673e+01 8.131656769787246830e+00 1.736953354818574713e+00
-1.385161382611362058e+01 7.683648007723561157e+00 3.146669987301713878e+00
-1.461418737545789703e+01 7.043840426871794236e+00 4.174844745309138183e+00
-1.459281422524543714e+01 6.219022404536338477e+00 4.822041354319084761e+00
-1.378484987860194089e+01 5.217461175887234681e+00 5.086162885239375875e+00
-1.218871551626127747e+01 4.049094157859990162e+00 4.962037255446628770e+00
-9.804164431950757930e+00 2.725767416316907443e+00 4.440968220551940071e+00
-6.632244810023055770e+00 1.260893330225113518e+00 3.511584202836825597e+00
-2.675245106459084532e+00 -3.307639108179771248e-01 2.160301735853695781e+00
2.063332430015367702e+00 -2.033226859984974322e+00 3.716142750492037461e-01
6.664975186948677965e+00 -3.543325944540467010e+00 -1.494482770663737359e+00
1.021102580524413561e+01 -4.579502465559904145e+00 -3.060026791106421395e+00
1.269749747250511440e+01 -5.158605195788346975e+00 -4.312228303526170592e+00
1.412124609002621511e+01 -5.299000504130934708e+00 -5.235114778590968854e+00
1.448001935503416959e+01 -5.020421080436457295e+00 -5.809926469072551392e+00
1.377249706369015136e+01 -4.343814098884563712e+00 -6.015514492286580861e+00
1.199831947735605553e+01 -3.291187929385906763e+00 -5.828740101428278031e+00
9.158101317322115520e+00 -1.885456334273010182e+00 -5.224873541871028593e+00
5.253428640096353242e+00 -1.502800048771352204e-01 -4.177991978763278880e+00
2.868366267917960011e-01 1.890094968613754256e+00 -2.661375329968453052e+00
-4.690549884950057979e+00 3.816930926014123315e+00 -1.001793181022988311e+00
-8.626971516937491202e+00 5.242022183790266965e+00 4.399283960887689915e-01
-1.151883152203589589e+01 6.187085537102408495e+00 1.638803997883290897e+00
-1.336335589604679797e+01 6.674409461969334600e+00 2.568863365736458793e+00
-1.415858974609384724e+01 6.726703154599663392e+00 3.203540046361138316e+00
-1.390337157299878967e+01 6.366940739929408011e+00 3.516057274590454362e+00
-1.259728514754043793e+01 5.618200717738735861e+00 3.479810179817805604e+00
-1.024058984715087917e+01 4.503499668804632705e+00 3.068742444244060952e+00
-6.834129134067366884e+00 3.045621620900343718e+00 2.257717778451059587e+00
-2.379218056961342143e+00 1.266943317679046110e+00 1.022885585859423685e+00
2.235839759965525086e+00 -5.031773736646060202e-01 -3.574543693728066684e-01
6.123058255961837837e+00 -1.960882170923037737e+00 -1.576768230119351522e+00
9.281642501676152790e+00 -3.122367355724924298e+00 -2.615756400032592133e+00
1.171118310501633530e+01 -4.003621045510533882e+00 -3.455836812323825225e+00
1.341157289793397034e+01 -4.620300833810719432e+00 -4.079395647742671827e+00
1.438288984578516150e+01 -4.987582894806307898e+00 -4.470134075057838885e+00
1.462522017903926219e+01 -5.119952550202950370e+00 -4.613623934460528986e+00
1.413864060479583351e+01 -5.031180057041922282e+00 -4.497130998250656653e+00
1.292320681244830638e+01 -4.734289744014291479e+00 -4.109465159665548484e+00
1.097893086995775747e+01 -4.241508216966089151e+00 -3.440911144255518472e+00
8.746844143454595155e+00 -3.660323336531610572e+00 -2.659575414241835745e+00
6.667209425488465513e+00 -3.087836477539692925e+00 -1.941708332638533596e+00
4.738926704799972356e+00 -2.520173161075625057e+00 -1.290604141689290829e+00
2.961012038511465327e+00 -1.953611502359439145e+00 -7.092138318187913848e-01
1.332601189229217775e+00 -1.384593029879122694e+00 -2.001665829322073487e-01
-1.470478481066588849e-01 -8.097335717973591640e-01 2.342088798492653612e-01
-1.478553360357644619e+00 -2.258342083359988761e-01 5.918629954869072396e-01
-2.662409386047014159e+00 3.701077325261578066e-01 8.710041807769751676e-01
-3.698986044004580975e+00 9.808876680875122656e-01 1.070077816811165761e+00
-4.588530685117720331e+00 1.609082728761561887e+00 1.187745366951982184e+00
-5.337952906837855949e+00 2.229746315913964771e+00 1.311473085537038674e+00
-5.953489836356181897e+00 2.816864185971928780e+00 1.528689056463060636e+00
-6.434387637941121341e+00 3.371181626569832890e+00 1.838279001091167153e+00
-6.780014850819215511e+00 3.893364612901899058e+00 2.239297030681430822e+00
-6.989851399515744745e+00 4.384001701009403007e+00 2.730954000468573284e+00
-7.063478031404512691e+00 4.843606319008688210e+00 3.312605714687749892e+00
-7.000566122398333313e+00 5.272619440283402348e+00 3.983741032625937706e+00
-6.800867844157359343e+00 5.671412587617215451e+00 4.743969868335399021e+00
-6.464206620948566240e+00 6.040291178399623817e+00 5.593011157181837945e+00
-5.990467833671775821e+00 6.379498182093882974e+00 6.530680817512735103e+00
-5.423546336091270348e+00 6.623364605744079370e+00 7.382244243837581266e+00
-4.807256043193662620e+00 6.706474443565825005e+00 7.972888560462077834e+00
-4.141469972490363638e+00 6.629111893035624981e+00 8.302535696904435270e+00
-3.426178011019223035e+00 6.391148608391291397e+00 8.371317632441972023e+00
-2.661518222602078598e+00 5.992021267820154762e+00 8.179584622152109574e+00
-1.847831842832469373e+00 5.430673533133277608e+00 7.727934216180589289e+00
-9.857423171954486918e-01 4.705470895164937772e+00 7.017263112102919642e+00
-7.606248596462661382e-02 3.814399636422349804e+00 6.048669223413856599e+00
8.802400147798967733e-01 2.755161720001866321e+00 4.823403344455243769e+00
1.882051305239054839e+00 1.525225744521883309e+00 3.342843691903355730e+00
2.825358566104578806e+00 2.913356385165890572e-01 1.832517607905957968e+00
3.607150427523624803e+00 -7.773839757570529807e-01 5.166329760416061845e-01
4.227858544809095065e+00 -1.679695360428769879e+00 -6.055059993464475543e-01
4.688104461692802261e+00 -2.413958312116071703e+00 -1.534810303398208120e+00
4.988685518275896236e+00 -2.978189913794702992e+00 -2.272372564870169587e+00
5.130560154671393036e+00 -3.370123999305966844e+00 -2.819433321645148371e+00
5.114832448900034301e+00 -3.587270165586666337e+00 -3.177346959273980698e+00
4.942735740625660235e+00 -3.626972234987716703e+00 -3.347547189023396541e+00
4.615615262226970827e+00 -3.486466014627363386e+00 -3.331511982261806448e+00
4.134909720971187141e+00 -3.162936254975296180e+00 -3.130727889894350469e+00
3.615723729184475044e+00 -2.805989526738987827e+00 -2.890276346229621041e+00
3.171540092198817717e+00 -2.567989989455627509e+00 -2.753621731681906049e+00
2.801391651591185639e+00 -2.450270165316421611e+00 -2.719808771314430551e+00
2.504278877973406203e+00 -2.454158197356551607e+00 -2.787896522721726278e+00
2.279185340493496525e+00 -2.580949949336687421e+00 -2.956981567711497227e+00
2.125093641022707924e+00 -2.831881720363201183e+00 -3.226221531197237979e+00
2.041001741399897540e+00 -3.208103550733790943e+00 -3.594858913985252258e+00
2.025939629411874776e+00 -3.710653053663469425e+00 -4.062245219229870585e+00
2.078986203279647782e+00 -4.340429725233621028e+00 -4.627865351706091701e+00
2.199286263129815566e+00 -5.098169644576392656e+00 -5.291362252263471788e+00
2.318421354363315423e+00 -5.797893172278537399e+00 -5.888032114877757017e+00
2.369904378463495664e+00 -6.251881938326695476e+00 -6.254360312024266122e+00
2.355773851732151591e+00 -6.458330603160892913e+00 -6.391728913173454707e+00
2.277959542747264976e+00 -6.415739824661531365e+00 -6.301247612634711004e+00
2.138251777191200187e+00 -6.122958046686441058e+00 -5.983709877872568583e+00
1.938265227174817751e+00 -5.579252131683828608e+00 -5.439521581835554009e+00
1.679398688979186538e+00 -4.784403914668544644e+00 -4.668605457688164151e+00
1.362847608186077863e+00 -3.738579614277801166e+00 -3.670524550461709001e+00
9.896040989166228208e-01 -2.442272762337244441e+00 -2.444539424382130122e+00
5.604506277166179107e-01 -8.962816691276112024e-01 -9.896338167591359758e-01
1.391187710989839621e-01 6.289568967735014171e-01 4.488256293729564472e-01
-2.122651671778693627e-01 1.863163933970906072e+00 1.624880633586169854e+00
-4.953184865320683361e-01 2.805868212350516533e+00 2.538570699025283872e+00
-7.114261088921998155e-01 3.456980565239527792e+00 3.189578655672974605e+00
-8.617335417228007000e-01 3.816768785915941375e+00 3.577259921585572044e+00
-9.471401488452924067e-01 3.885833323483656621e+00 3.700671826587673241e+00
-9.682925433136495563e-01 3.665083667170992321e+00 3.558602970131124810e+00
-9.255778916900130326e-01 3.155715343376523929e+00 3.149602572133182399e+00
-8.191170123033585382e-01 2.359187401051912936e+00 2.472009822067644969e+00
-6.487571344563599629e-01 1.277200288738490341e+00 1.523983220307510988e+00
-4.525060139507889323e-01 1.994704879110362761e-01 5.543859684532692622e-01
-2.685369817915401192e-01 -5.860242257670151833e-01 -1.858817234717661526e-01
-9.693660301245871080e-02 -1.080168087133780874e+00 -6.955786266479915270e-01
6.193666355123395029e-02 -1.284015307301782149e+00 -9.732782326434472608e-01
2.074485770703315968e-01 -1.198775502087557232e+00 -1.017391070380890827e+00
3.386846854636836879e-01 -8.257992281421879799e-01 -8.261871594903726912e-01
4.544452999166218587e-01 -1.665635549123872794e-01 -3.978186334909566413e-01
5.532398302929185663e-01 7.773423910153437477e-01 2.696574327164039664e-01
6.332804501222113469e-01 2.004231981751086078e+00 1.178255936065501164e+00
6.924750714069884960e-01 3.512335807138340815e+00 2.330040347214263008e+00
7.375467087681941702e-01 4.986697846773487264e+00 3.459153403483326450e+00
7.777459116658962390e-01 6.114789132516545322e+00 4.296960083723627477e+00
8.148258674993853479e-01 6.898492551284336471e+00 4.841301925068560941e+00
8.509300761012927872e-01 7.339776036202019682e+00 5.089947955456377571e+00
8.886034237372779643e-01 7.440675552104941914e+00 5.040620980715431187e+00
9.308205431560203635e-01 7.203273916295360735e+00 4.691027111898129931e+00
9.810301189744963235e-01 6.629675723182245406e+00 4.038886093100944485e+00
1.043059373275037949e+00 5.722013728449095282e+00 3.081935574541478484e+00
1.121047374681425124e+00 4.482447310225973425e+00 1.817940221127838374e+00
1.219396299492413682e+00 2.913155723834819355e+00 2.447040138485797600e-01
1.320357431892244415e+00 1.318230958563496147e+00 -1.353714018137939901e+00
1.401407775072492479e+00 -1.086201573467060477e-03 -2.690589127288332438e+00
1.459731335956094389e+00 -1.046894011643748623e+00 -3.764113488431652055e+00
1.492245040928995348e+00 -1.821304543639943985e+00 -4.572533738042366735e+00
1.495639108852914401e+00 -2.326434628127640458e+00 -5.114159488797223041e+00
1.466417337509839047e+00 -2.564395903993565096e+00 -5.387371694303095815e+00
1.400937309186688129e+00 -2.537283989238421800e+00 -5.390630756679967384e+00
1.295450572092452957e+00 -2.247166717028552974e+00 -5.122484308765070438e+00
1.146142786738384212e+00 -1.696071528159703856e+00 -4.581574560251596040e+00
9.491738471415165357e-01 -8.859720624334143091e-01 -3.766645121744250702e+00
7.384778045488689102e-01 -6.259291614252739111e-03 -2.876648435407320292e+00
5.516977263394661213e-01 7.556975303780532061e-01 -2.111765713207636175e+00
3.905943850470540157e-01 1.400988307238884012e+00 -1.472622844343543624e+00
2.569577079996409608e-01 1.930673175112845641e+00 -9.597896420535101392e-01
1.525888716691707891e-01 2.345774710497461779e+00 -5.737778788379335193e-01
7.928238187408701010e-02 2.647269847697800493e+00 -3.150396349270070395e-01
3.880811588035993492e-02 2.836081543191597998e+00 -1.839659743799880454e-01
3.289335403249397938e-02 2.913070234198458230e+00 -1.808860128632653053e-01
6.320477032412757934e-02 2.879025153183593311e+00 -3.060663498385690073e-01
1.313303380386715846e-01 2.734655540030629162e+00 -5.597108758728488453e-01
2.115305448527406984e-01 2.529977458139214708e+00 -8.509971716694835209e-01
2.766014680610576759e-01 2.314330719789267743e+00 -1.089132339352773871e+00
3.258230719333528591e-01 2.087372242670350708e+00 -1.274326887295557542e+00
3.584210177479641990e-01 1.848799438120941607e+00 -1.406801393712387771e+00
3.735685545457597678e-01 1.598354207420166651e+00 -1.486785739190905398e+00
3.703810076698401677e-01 1.335829756360661591e+00 -1.514517776482713352e+00
3.479064031260363787e-01 1.061081774121408472e+00 -1.490242082211166608e+00
3.051715740054096737e-01 7.740196800776414365e-01 -1.414212304570437784e+00
2.411996982312154536e-01 4.746009878895022793e-01 -1.286690336990388150e+00
1.550179533151562206e-01 1.628279926440820147e-01 -1.107944510778293701e+00
7.614949187581160350e-02 -5.691007980945950173e-02 -9.244560543977158318e-01
3.606318844057820883e-02 -8.031023757244420969e-02 -7.817098094410155351e-01
3.686921526695111084e-02 9.247449878175180438e-02 -6.785093446764624003e-01
8.085380173177586505e-02 4.612230303669934139e-01 -6.136951453052987837e-01
1.704366434407013076e-01 1.025652315452481700e+00 -5.861455607634674658e-01
3.081284887991754262e-01 1.785424181691572576e+00 -5.947784955988110189e-01
4.964889425570023773e-01 2.740152912449780320e+00 -6.385538621820431304e-01
7.380845063904105663e-01 3.889413689400590624e+00 -7.164767743799412836e-01
1.035446876859432042e+00 5.232751938642142164e+00 -8.276014624581589096e-01
1.391031523744286069e+00 6.769693609347244845e+00 -9.710358847684471550e-01
1.723219682182850487e+00 8.126282751930689940e+00 -1.104486120082132761e+00
1.944413078650089499e+00 8.929634267687108107e+00 -1.188090625612482798e+00
2.048043341285471719e+00 9.180911445164737117e+00 -1.224546894593474100e+00
2.027670647446285113e+00 8.881322980994159622e+00 -1.216408207750822257e+00
1.877094358645247318e+00 8.032094885604767143e+00 -1.166070719250612786e+00
1.590462932852412248e+00 6.634440122561848341e+00 -1.075759061630379598e+00
1.162383144158645853e+00 4.689526164066080582e+00 -9.475106581427698016e-01
5.880286214680611190e-01 2.198440720545018934e+00 -7.831589433401290323e-01
-1.367521103786274450e-01 -8.378440781428865280e-01 -5.843157697183608557e-01
-1.015327975896875623e+00 -4.418508684811933485e+00 -3.523532679928004785e-01
-1.875551691775962482e+00 -7.845826739696313723e+00 -1.337789518549571399e-01
-2.537615283393359622e+00 -1.042384413079678396e+01 2.790384900543607660e-02
-2.993450295649569881e+00 -1.215435620941122075e+01 1.357663244556744364e-01
-3.236080309324885995e+00 -1.303895178397349852e+01 1.925243229393537869e-01
-3.259786141797888170e+00 -1.307895563357374513e+01 2.005105887608955861e-01
-3.060339230262009824e+00 -1.227535439044836352e+01 1.616415810528621377e-01
-2.635296802163262342e+00 -1.062870880943604135e+01 7.738027579026557357e-02
-1.983704643466608131e+00 -8.139217812608878333e+00 -5.124571925024523633e-02
-1.105905517605851207e+00 -4.806761388690682146e+00 -2.236315125120394987e-01
-3.421328249065241911e-03 -6.309286675954994816e-01 -4.395862455682635894e-01
1.110190076263611214e+00 3.580435389041912497e+00 -6.572050758554328631e-01
2.021292652381531774e+00 7.019460088492593286e+00 -8.354972884656823862e-01
2.728348694087955106e+00 9.686492549497463855e+00 -9.756562111868184450e-01
3.230956046576452856e+00 1.158160067739093613e+01 -1.078493335047131740e+00
3.529742017225919071e+00 1.270460095511815268e+01 -1.144447703143494754e+00
3.626258015475761098e+00 1.305508761723956113e+01 -1.173596152529310377e+00
3.522874708192280213e+00 1.263246279463297483e+01 -1.165664050745928826e+00
3.222677597384119075e+00 1.143596721885292489e+01 -1.120036295704854634e+00
2.729362753716364054e+00 9.464711177478919879e+00 -1.035768237262406410e+00
2.047132539597284140e+00 6.717705419441967862e+00 -9.115962869651887956e-01
1.325004376061763578e+00 3.788068140646382975e+00 -7.728201806020056353e-01
7.081693773856795326e-01 1.269852596249013255e+00 -6.457705587914535084e-01
1.951324047203213397e-01 -8.365791870255885332e-01 -5.306265205692336506e-01
-2.159080676756361949e-01 -2.530803052237593054e+00 -4.277388954789749231e-01
-5.270050797858321090e-01 -3.812348025963090858e+00 -3.376257107705246674e-01
-7.404081410373961614e-01 -4.680711278510091056e+00 -2.609680445205743715e-01
-8.585079715803829448e-01 -5.135372650316909926e+00 -1.986063037280565435e-01
-8.837809219325752919e-01 -5.175808697384399082e+00 -1.515369456462629105e-01
-8.187330689311491660e-01 -4.801506212834412146e+00 -1.209096417672944068e-01
-6.658439684946010351e-01 -4.011975203113734345e+00 -1.080248613892694498e-01
-4.620023931885931523e-01 -3.017094889417321735e+00 -1.184413369549784656e-01
-2.424205074390655690e-01 -2.027065022090320578e+00 -1.568980638823986307e-01
-6.956365243831107159e-03 -1.041917498693476718e+00 -2.235649902063478744e-01
2.446034595681049195e-01 -6.171587440536633468e-02 -3.185931860880805711e-01
5.125469429805652455e-01 9.134420300417889216e-01 -4.421122027860983073e-01
7.972366544812394817e-01 1.883423508624370690e+00 -5.942249150430005677e-01
1.099092709513206589e+00 2.848069823116123445e+00 -7.749866293690945707e-01
1.418584606028443718e+00 3.807198900715623946e+00 -9.843911588982205974e-01
1.756232577154213104e+00 4.760605985450801825e+00 -1.222369329062979126e+00
2.112608484144926635e+00 5.708065127721837939e+00 -1.488787835162926010e+00
2.429122766697916713e+00 6.509585136309191000e+00 -1.736812470482480109e+00
2.647453847386308290e+00 7.025299194222333732e+00 -1.918853453933476283e+00
2.768396789614480547e+00 7.255222955139358554e+00 -2.033614267316602220e+00
2.792441249604196152e+00 7.199469684940416947e+00 -2.079850549025713757e+00
2.719750384317849434e+00 6.858248790880668189e+00 -2.056401880692196649e+00
2.550140101305127249e+00 6.231864348709782675e+00 -1.962224130078719320e+00
2.283058735961678742e+00 5.320713702307911852e+00 -1.796422406347235157e+00
1.917567141997297941e+00 4.125286261599963922e+00 -1.558284697806322061e+00
1.452319414872994097e+00 2.646162550014393489e+00 -1.247316250348335043e+00
8.855443409378597197e-01 8.840136128154294504e-01 -8.632747495351626998e-01
3.172164010093577735e-01 -8.559890500675746416e-01 -4.780074295971749043e-01
-1.511772561688012884e-01 -2.269397236228011483e+00 -1.642369523627381367e-01
-5.191304551837371273e-01 -3.356602079722514453e+00 7.690161795307122461e-02
-7.856810715786703980e-01 -4.118089167570996523e+00 2.445086188246028969e-01
-9.493908445013271580e-01 -4.554438547315994512e+00 3.379602668308355762e-01
-1.008326275637330127e+00 -4.666325484945297752e+00 3.569502492238934566e-01
-9.600407600812472797e-01 -4.454522137966177908e+00 3.015325157555048818e-01
-8.015582640192032704e-01 -3.919900302591448948e+00 1.721651362536261998e-01
-5.293585912878903121e-01 -3.063435429119908626e+00 -3.024450815330251285e-02
-1.393644302775938204e-01 -1.886212097470809201e+00 -3.042931297058953377e-01
2.727083664623559667e-01 -6.721702095511836728e-01 -5.840368759561597178e-01
6.067962513761420151e-01 2.959582639639492530e-01 -8.048287713332696880e-01
8.605663397866580855e-01 1.018874660486715600e+00 -9.670756572600240908e-01
1.031261418734299884e+00 1.497364531600190451e+00 -1.071567356388349435e+00
1.115693141382650300e+00 1.732304207556629283e+00 -1.119513985433442826e+00
1.110226381038207588e+00 1.724668849003126336e+00 -1.112595428710584144e+00
1.010753087390792171e+00 1.475540872300560746e+00 -1.053023562748744313e+00
8.127674215677995750e-01 9.861163964953514327e-01 -9.434971249478562028e-01
5.114373965918791454e-01 2.577092931117664909e-01 -7.871554195473604576e-01
1.016659126047394640e-01 -7.082457211927010166e-01 -5.875402598095327278e-01
-3.671551599518557696e-01 -1.768439769554310370e+00 -3.668997170095791294e-01
-8.422053604678692018e-01 -2.780498625195209517e+00 -1.452537339054500720e-01
-1.323513130315179476e+00 -3.744325000492092048e+00 7.701205085337653466e-02
-1.810989227483752240e+00 -4.659842478237279373e+00 2.996300664835306882e-01
-2.304434912034591498e+00 -5.526996299601383278e+00 5.224475054836028587e-01
-2.803550178427683726e+00 -6.345754227415942417e+00 7.454228955025319348e-01
-3.307941961573189094e+00 -7.116107437473598196e+00 9.686224690551752392e-01
-3.817132315949750332e+00 -7.838071331238453787e+00 1.192216488524456164e+00
-4.330566479662786072e+00 -8.511686237540127209e+00 1.416475343786808505e+00
-4.847620764866389820e+00 -9.137017963498044182e+00 1.641765390471464636e+00
-5.290966634351001119e+00 -9.604629656794628545e+00 1.823413315994664163e+00
-5.578869181071627104e+00 -9.806682532347377190e+00 1.920496992533154756e+00
-5.704132260759726236e+00 -9.745759559670267080e+00 1.939185746172182201e+00
-5.659714068811132037e+00 -9.424562010566694070e+00 1.885733156854297432e+00
-5.438780018609802980e+00 -8.845892176802340856e+00 1.766404289543071160e+00
-5.034751526474702921e+00 -8.012633128482299583e+00 1.587400395479620752e+00
-4.441350681097079978e+00 -6.927725649472227687e+00 1.354781309921910371e+00
-3.652640724149697427e+00 -5.594142520970556198e+00 1.074386218502834556e+00
-2.663062602221533126e+00 -4.014860401543300483e+00 7.517524701919331420e-01
-1.467467742304938039e+00 -2.192829560521380561e+00 3.920327816309078228e-01
-2.183822328873223639e-01 -3.636394390733395654e-01 3.363342390975299079e-02
9.250975031281998273e-01 1.240514387018278430e+00 -2.916325312419913440e-01
1.958070037116907303e+00 2.621833467307262744e+00 -5.887835234096525650e-01
2.875833800917772187e+00 3.782539444179452648e+00 -8.627145158758793286e-01
3.673908413029749909e+00 4.724849949338103094e+00 -1.118135908670513157e+00
4.348069860736869963e+00 5.450949269508851280e+00 -1.359474829065023371e+00
4.894432060835537612e+00 5.962947925258407444e+00 -1.590669467923066405e+00
5.309427781224325571e+00 6.262870045882492853e+00 -1.815192839223694676e+00
5.589785930926762347e+00 6.352643369914469318e+00 -2.036089924754529434e+00
5.732521505319955857e+00 6.234087548792833999e+00 -2.255990655232872566e+00
5.735726870432079849e+00 5.949337321990257443e+00 -2.438199196645632671e+00
5.597571533455593773e+00 5.540463164121323558e+00 -2.545700063929341006e+00
5.315631870837474793e+00 5.009042830137119928e+00 -2.580106178910809955e+00
4.887791866435640564e+00 4.356560911945224213e+00 -2.542729575047931956e+00
4.312234501316114077e+00 3.584395354513429055e+00 -2.434590867908197342e+00
3.587434024668428645e+00 2.693804699153159454e+00 -2.256429359177432037e+00
2.712149087464072572e+00 1.685915997689095835e+00 -2.008713710289561583e+00
1.685416741996043744e+00 5.617133581222991667e-01 -1.691653088722754550e+00
5.065472396664245647e-01 -6.779729395914826373e-01 -1.305208854098497184e+00
-8.248803901194098342e-01 -2.032476798566215770e+00 -8.491067219278694012e-01
-2.172300645473643321e+00 -3.363723337532266822e+00 -3.698474003360484597e-01
-3.397510807041200565e+00 -4.535016466582963091e+00 8.678877624113984224e-02
-4.498455833169606954e+00 -5.547796342703438022e+00 5.221095433286934151e-01
-5.473317714157937885e+00 -6.403376029195580799e+00 9.371445936507409868e-01
-6.320513903977857062e+00 -7.102934717505684503e+00 1.332658876375286017e+00
-7.038696540096442966e+00 -7.647511356046205577e+00 1.709166275870831697e+00
-7.626752410701739038e+00 -8.037998652299439328e+00 2.066943677896171838e+00
-8.083803639103839700e+00 -8.275137441780087144e+00 2.406045309637715235e+00
-8.409209041478478142e+00 -8.359511396648700909e+00 2.726317445569589104e+00
-8.602566121149433087e+00 -8.291542055725207305e+00 3.027413478218869969e+00
-8.622618284942680233e+00 -8.072486946536733043e+00 3.258264576304372717e+00
-8.428353083074954455e+00 -7.703660195168534841e+00 3.367640327765671682e+00
-8.020194933336810550e+00 -7.185216525515278008e+00 3.354639304965674640e+00
-7.398936352782399695e+00 -6.516998178628883309e+00 3.218134512815755244e+00
-6.565737701348025368e+00 -5.698523382469503851e+00 2.956794103047103661e+00
-5.522161594519323202e+00 -4.728946806374491274e+00 2.569082334446955329e+00
-4.270214604535078173e+00 -3.607015069627904413e+00 2.053256958414007904e+00
-2.812106232779040482e+00 -2.331261151990909219e+00 1.407537215350596949e+00
-1.150128556872437313e+00 -9.000961625058881976e-01 6.302000792329508494e-01
7.134200714786482767e-01 6.881382379426165263e-01 -2.803510076420230868e-01
2.508567767622018607e+00 2.217293438785345572e+00 -1.182885674164537049e+00
3.968285808167566042e+00 3.469314330740796759e+00 -1.933529793760410787e+00
5.095027478252315944e+00 4.442766662462761751e+00 -2.529698885045070345e+00
5.891533750192342822e+00 5.135936641871492014e+00 -2.968784326111093996e+00
6.360712113236309584e+00 5.546913837528062885e+00 -3.248261971866734044e+00
6.505513254484683650e+00 5.673672082884811729e+00 -3.365799848768618041e+00
6.328805659614585188e+00 5.514148398959176411e+00 -3.319364890776893784e+00
5.833248300822922339e+00 5.066320080550552163e+00 -3.107328831589130314e+00
5.021161806656158078e+00 4.328280162273606457e+00 -2.728573369027641693e+00
3.894398612992585385e+00 3.298311607887414620e+00 -2.182594864441134597e+00
2.657176893183341271e+00 2.163671342016447507e+00 -1.570219880427676795e+00
1.511789340407697191e+00 1.113199688383018859e+00 -9.931552914116464903e-01
4.567578136610146444e-01 1.477684836499782162e-01 -4.527061571883151947e-01
-5.093915864959785988e-01 -7.317373429299048881e-01 4.989622518572065651e-02
-1.388091339335015828e+00 -1.524439400418531321e+00 5.135222968683211819e-01
-2.180694979024036417e+00 -2.229485049880612024e+00 9.371720040223541215e-01
-2.888439422174110760e+00 -2.846066405425475399e+00 1.320002490887461910e+00
-3.512407515534681224e+00 -3.373439214610273407e+00 1.661355905299382041e+00
-4.053491063157741436e+00 -3.810941883712319012e+00 1.960787512925138198e+00
-4.512354652214657591e+00 -4.158014945661309802e+00 2.218094329708228507e+00
-4.821829693037527953e+00 -4.362357184393288456e+00 2.391618126747691697e+00
-4.913342035680395625e+00 -4.372095394149209113e+00 2.441468914659550293e+00
-4.784569574027464078e+00 -4.187769459917446646e+00 2.371001900506106708e+00
-4.432233360518581300e+00 -3.810472328566231415e+00 2.184592343039109430e+00
-3.852044823457284828e+00 -3.241924763242313823e+00 1.887730781771409072e+00
-3.038613038603542815e+00 -2.484589106018990190e+00 1.487176316911006158e+00
-1.985411224985774492e+00 -1.541766119287546255e+00 9.910737544068097815e-01
-6.852718887029929373e-01 -4.173721207981572756e-01 4.085413452151748226e-01
8.693355111143612479e-01 8.841661636794828638e-01 -2.505421567281373441e-01
2.686111272870487454e+00 2.357976561366220025e+00 -9.756796382448796878e-01
4.433944947877839660e+00 3.721041321806027646e+00 -1.624983995509646784e+00
5.769465621446532744e+00 4.697202615367584322e+00 -2.072773217755407682e+00
6.681273634058307209e+00 5.292380811461525170e+00 -2.333712158591775943e+00
7.157287055203435777e+00 5.513452910329915468e+00 -2.423887950982631878e+00
7.185081399540311331e+00 5.368112795577903995e+00 -2.360528291210398422e+00
6.752207370773739115e+00 4.864715769774667464e+00 -2.161706714249639560e+00
5.846483658736040034e+00 4.012106509786844022e+00 -1.846034772144748315e+00
4.456262341666813676e+00 2.819430452451328062e+00 -1.432341232718353785e+00
2.570665436095874945e+00 1.295928532814425660e+00 -9.393394206053041762e-01
1.797917048116521865e-01 -5.492838909050944407e-01 -3.852838154466142195e-01
-2.230243774215483477e+00 -2.313037775652830419e+00 1.272270794998437982e-01
-4.158332814326177740e+00 -3.604863232869542689e+00 5.214454092870959290e-01
-5.591726397752731614e+00 -4.435038951620168923e+00 8.183557148094782185e-01
-6.518694342449864010e+00 -4.813741083658732656e+00 1.038498204655956769e+00
-6.928707674506550340e+00 -4.750775444446085238e+00 1.201572766136759896e+00
-6.812591603954297526e+00 -4.255298304202999482e+00 1.326036228286609830e+00
-6.162652536354553234e+00 -3.335528534197286010e+00 1.428694574996571154e+00
-4.972783520649359801e+00 -1.998454281890326589e+00 1.524291966691508016e+00
-3.238553778462729849e+00 -2.495374674697923290e-01 1.625097939288673521e+00
-9.572889547498122376e-01 1.907580270182542170e+00 1.740494091324694903e+00
1.433859632570288811e+00 4.054360418974184199e+00 1.867143188608680449e+00
3.492468236381514046e+00 5.778420384014482991e+00 1.987969311691934582e+00
5.212992941465250496e+00 7.086227653088759126e+00 2.090549043596722445e+00
6.591342063681987717e+00 7.983186668204394820e+00 2.164318950870437686e+00
7.624957457485183276e+00 8.473442772969097092e+00 2.200870928176675179e+00
8.312990060928880709e+00 8.559568857710907253e+00 2.194419595344749396e+00
8.656632202125779330e+00 8.241975673253287837e+00 2.142646927168689430e+00
8.658807844074138060e+00 7.519217090664384706e+00 2.046305657373386211e+00
8.323959813702227706e+00 6.388260711400924663e+00 1.908894364144394062e+00
7.657940089613753720e+00 4.844667136091886483e+00 1.736471770759216104e+00
6.827044386587092006e+00 3.192129464255074822e+00 1.548751119396370113e+00
5.992905396713680943e+00 1.736539904146437330e+00 1.361423616994440700e+00
5.154729968859656175e+00 4.758987861235365879e-01 1.175929109923181226e+00
4.310915809375573282e+00 -5.917024667696533236e-01 9.932117523572540074e-01
3.459130777435645676e+00 -1.468094608551548275e+00 8.137564136601611597e-01
2.596389030868250458e+00 -2.155045328486903777e+00 6.376268580098017891e-01
1.719124643469699398e+00 -2.654274461029054510e+00 4.645047679497807946e-01
8.232632483558439684e-01 -2.967468692354323867e+00 2.937288972341462467e-01
-9.570776279448683921e-02 -3.096294962833363584e+00 1.243334313184532858e-01
-1.042670075056301604e+00 -3.042411834523129244e+00 -4.491515135326262786e-02
-1.888728925823109250e+00 -2.884525744867338037e+00 -1.849571998510343152e-01
-2.501636199036919805e+00 -2.696028128270592905e+00 -2.694966100069551285e-01
-2.881540400117931444e+00 -2.470344103525167423e+00 -3.046289347226542876e-01
-3.028718656374428608e+00 -2.200631830549860446e+00 -2.971003311859158336e-01
-2.943609651091397605e+00 -1.879892678032752507e+00 -2.542187682203186361e-01
-2.626837512668492636e+00 -1.501079749280884945e+00 -1.837620816318766837e-01
-2.079225832187633127e+00 -1.057204230246311383e+00 -9.388291622770722489e-02
-1.301801112402185101e+00 -5.414391737156692974e-01 6.989002467991889400e-03
-2.957854352293014522e-01 5.278001648736985185e-02 1.102473297406637437e-01
9.374218336810239416e-01 7.316588993788781803e-01 2.072120459465359721e-01
2.111144273450443087e+00 1.360235298991131270e+00 2.717827423575101542e-01
2.942775811539183994e+00 1.792966175604454149e+00 2.931958102552739143e-01
3.437121670308610710e+00 2.020244442943382346e+00 2.859533772715713851e-01
3.599204701717353405e+00 2.033078621372076622e+00 2.646503525262187129e-01
3.434164864099343628e+00 1.823214572243370135e+00 2.438084740005078133e-01
2.947134593281407255e+00 1.383270968484380914e+00 2.376870104778845971e-01
2.143127011877585364e+00 7.068603842610764465e-01 2.600990022433259941e-01
1.027059698729336779e+00 -2.115437124190392704e-01 3.244844142115393959e-01
-3.962429341807970906e-01 -1.376692509314489943e+00 4.439353538995700621e-01
-2.122056547055073850e+00 -2.792619169182241734e+00 6.311916499385121782e-01
-3.834413776168904331e+00 -4.212490235816908069e+00 8.629900729719259811e-01
-5.224414555948571071e+00 -5.382864821813726053e+00 1.098132981927683938e+00
-6.297924150124791787e+00 -6.297988505503156809e+00 1.322461059690801966e+00
-7.060653072591406954e+00 -6.952867398591760839e+00 1.522176323851236912e+00
-7.518159025981280941e+00 -7.343208406402657040e+00 1.683849436304277969e+00
-7.675852792447033224e+00 -7.465359135058345252e+00 1.794427203603307541e+00
-7.539007789380901770e+00 -7.316247477284672840e+00 1.841240186769372844e+00
-7.112772753904146761e+00 -6.893321192292987121e+00 1.812010315317139852e+00
-6.402187577186759349e+00 -6.194487204062254726e+00 1.694858551579019323e+00
-5.412202019217811966e+00 -5.218050679662597169e+00 1.478312560275036880e+00
-4.305288345090831470e+00 -4.125777981299737718e+00 1.204067509787220658e+00
-3.239773654293252481e+00 -3.080819733473538324e+00 9.228627166724154840e-01
-2.214376714405789315e+00 -2.083725714869909318e+00 6.370498416931869023e-01
-1.227875421825497249e+00 -1.134934353821424269e+00 3.489108961708129453e-01
-2.791031461415202086e-01 -2.347821559026007920e-01 6.065515299431083890e-02
6.330552943083527229e-01 6.164868826613699726e-01 -2.255839822778220038e-01
1.509668020637184860e+00 1.418711800966824921e+00 -5.077522619196810361e-01
2.351760765432833633e+00 2.171805241450640800e+00 -7.838778897163805048e-01
3.160321751431812043e+00 2.875744180360048752e+00 -1.052074645354457383e+00
3.936306791209754241e+00 3.530560731267291530e+00 -1.310545015301728400e+00
4.622143710036365150e+00 4.093721378900584185e+00 -1.544505815975382390e+00
5.161147342225070211e+00 4.522238909154084219e+00 -1.736875803363548965e+00
5.555607173296293055e+00 4.815527863026558997e+00 -1.882643400189095040e+00
5.807860133229836741e+00 4.973016609745933181e+00 -1.977020191834718332e+00
5.920307092513485081e+00 4.994117616264987625e+00 -2.015445352782343491e+00
5.895461845580647342e+00 4.878166738968178429e+00 -1.993572684370481074e+00
5.736051333861963641e+00 4.624309473952513905e+00 -1.907221379573371900e+00
5.444888676686353790e+00 4.231603345186008447e+00 -1.752442002172263535e+00
5.024799688883210713e+00 3.699068332570856210e+00 -1.525555666742098193e+00
4.478579679959405091e+00 3.025706568915631056e+00 -1.223174618479863529e+00
3.848567963797851377e+00 2.283904820567441707e+00 -8.819404997157567205e-01
3.174995941949572131e+00 1.546363728629700063e+00 -5.402330112207941459e-01
2.457402781688974081e+00 8.126310558586434807e-01 -1.975337975947939473e-01
1.695263968614928007e+00 8.235125510784500891e-02 1.466241674382543492e-01
8.879911767491484031e-01 -6.447298779356800402e-01 4.926410355584013856e-01
3.493170764865883432e-02 -1.368760226484992071e+00 8.408344739585822403e-01
-8.646324183585256673e-01 -2.089776037724998758e+00 1.191423892712013100e+00
-1.811485587754972482e+00 -2.807696191822052878e+00 1.544514562810332947e+00
-2.806479805383534920e+00 -3.522316072147004817e+00 1.900081588274634914e+00
-3.850535857925593053e+00 -4.233301041592071101e+00 2.257953622563435570e+00
-4.804614863530509261e+00 -4.855699213294344396e+00 2.577395879097988285e+00
-5.530879483483484904e+00 -5.303878088608676933e+00 2.814722791994014095e+00
-6.031851953680740230e+00 -5.576540745784112296e+00 2.965653378846956567e+00
-6.309663899101617623e+00 -5.672633900096701431e+00 3.026513969267898396e+00
-6.365990138587664049e+00 -5.591386602908341885e+00 2.994269471769415603e+00
-6.201983471335113407e+00 -5.332350486554428670e+00 2.866554257374079206e+00
-5.818211152346257187e+00 -4.895441640437270259e+00 2.641703291492928596e+00
-5.214593352737093568e+00 -4.280984703396607749e+00 2.318784301481267462e+00
-4.390344879743726558e+00 -3.489758800934557925e+00 1.897631624635952363e+00
-3.343920943018584779e+00 -2.523045468699668170e+00 1.378882584806738532e+00
-2.174235717020412739e+00 -1.488559296351073646e+00 8.208287340220615791e-01
-9.803326010212971564e-01 -4.939220458256578516e-01 2.822201192921784396e-01
2.397064815025171380e-01 4.592162706135645700e-01 -2.348549714737889760e-01
1.487726512470993079e+00 1.369056813625274316e+00 -7.281019397605368315e-01
2.765475007873516855e+00 2.233649999520248564e+00 -1.194998838873580382e+00
4.074535226149576417e+00 3.050926794718931134e+00 -1.632813362264818213e+00
5.416097241648532901e+00 3.818878119799657966e+00 -2.038804327667701699e+00
6.790924730745071969e+00 4.535605471029585445e+00 -2.410288651959166639e+00
8.199384112981938699e+00 5.199318056375513919e+00 -2.744641950166186284e+00
9.641458486511909953e+00 5.808342986240722539e+00 -3.039314574808186009e+00
1.088771326179618626e+01 6.268311768393397543e+00 -3.242727095488810996e+00
1.170488917989757205e+01 6.490372929666810009e+00 -3.309641954126134600e+00
1.208649455109929605e+01 6.481899448632789884e+00 -3.248207739916750825e+00
1.202555962978420467e+01 6.251071898934493554e+00 -3.067949314111724668e+00
1.151481219632709596e+01 5.806763275227599053e+00 -2.779622380079281641e+00
1.054684585014104847e+01 5.158419844661589870e+00 -2.395062740450417671e+00
9.114278781767122695e+00 4.315937997363235468e+00 -1.927029300158910052e+00
7.209901164024718589e+00 3.289536876386423447e+00 -1.389040221815398102e+00
4.826809239384736827e+00 2.089627397252418639e+00 -7.952017459766701490e-01
1.958524652005089628e+00 7.266779466259563058e-01 -1.600295427311996255e-01
-9.178580337305604075e-01 -5.966847456001815875e-01 4.177687939171098042e-01
-3.316121426247394588e+00 -1.691738689364318704e+00 8.580276178570174217e-01
-5.228780450448999417e+00 -2.569166068630827304e+00 1.174458262372034989e+00
-6.648606854348188655e+00 -3.239879819843462183e+00 1.381433252195451100e+00
-7.568739950137494787e+00 -3.714876408084921255e+00 1.493785382877881762e+00
-7.982779100198168720e+00 -4.005086488194769423e+00 1.526599880713527035e+00
-7.884857619890370373e+00 -4.121224063169356633e+00 1.495000246606523753e+00
-7.269698473283731310e+00 -4.073634052122063309e+00 1.413928661477033888e+00
-6.132652023739954217e+00 -3.872139355212132816e+00 1.297921628863508481e+00
-4.469716713353198756e+00 -3.525887955959088327e+00 1.160881730928949640e+00
-2.708976798645153838e+00 -3.181109893136271793e+00 1.058023185514578524e+00
-1.283475749811087585e+00 -2.973618110410903626e+00 1.028956763166878563e+00
-1.967691001555973707e-01 -2.896643017984757762e+00 1.063801913420824530e+00
5.481458237902959718e-01 -2.943889686557357610e+00 1.153110509959806240e+00
9.488385597396221671e-01 -3.109641010977867825e+00 1.288021556156758285e+00
1.003408814512574576e+00 -3.388864406504412230e+00 1.460432297530169787e+00
7.103306249331637900e-01 -3.777305715127299734e+00 1.663186268000696799e+00
6.846644078536598399e-02 -4.271469227057257179e+00 1.890075411870585143e+00
-9.229654917859383412e-01 -4.868557365033078455e+00 2.135807224247839198e+00
-2.264448409783397675e+00 -5.566411179600963877e+00 2.395980251445682718e+00
-3.694590293338875675e+00 -6.187766979565927805e+00 2.600732189592269705e+00
-4.949238353487987574e+00 -6.558062819532845644e+00 2.685397586700700501e+00
-6.025130689268777040e+00 -6.679335269791159213e+00 2.653720094897328075e+00
-6.919733177313926120e+00 -6.553243707184120304e+00 2.509034581672511255e+00
-7.631170075770326910e+00 -6.181100540524432141e+00 2.254263394108854346e+00
-8.158157317612019455e+00 -5.563903089434513838e+00 1.891915654976527694e+00
-8.499938250321468658e+00 -4.702366785444527686e+00 1.424089163168277938e+00
-8.656221547861223442e+00 -3.596959458133615950e+00 8.524744890348096016e-01
-8.627121088584907227e+00 -2.247936432935851325e+00 1.783608784760930543e-01
-8.413097566950799688e+00 -6.553762185660522155e-01 -5.973563662557190845e-01
-8.076044691247760809e+00 9.216483130433797966e-01 -1.349790045618719514e+00
-7.678559903366686257e+00 2.224085979037437877e+00 -1.954792576608438637e+00
-7.221949330220500229e+00 3.252024625912557365e+00 -2.412971939415534450e+00
-6.706996065081453295e+00 4.005548894533326632e+00 -2.725043412303890911e+00
-6.134024493757894270e+00 4.484735633998959692e+00 -2.891810238863993021e+00
-5.502964717413398432e+00 4.689649638851048685e+00 -2.914145394875065520e+00
-4.813416997351911419e+00 4.620339531805318423e+00 -2.792974178562520837e+00
-4.064716210677040031e+00 4.276833624940506340e+00 -2.529257322006528863e+00
-3.255996220024255372e+00 3.659135687211601873e+00 -2.123974422379776961e+00
-2.386254110088769753e+00 2.767220530958170777e+00 -1.578107468330559371e+00
-1.558024124515479558e+00 1.802630402769980211e+00 -1.001439683012654847e+00
-8.746886055872509225e-01 9.669421798495619891e-01 -5.027810218016169896e-01
-3.365427482965944184e-01 2.601528198495658972e-01 -8.149108356236238471e-02
5.602007756762641955e-02 -3.177221346567367655e-01 2.632560983357981055e-01
3.025407532262777144e-01 -7.666258995748528315e-01 5.324518514140117453e-01
4.025300313313184830e-01 -1.086436268754448875e+00 7.272326940596216538e-01
3.555149820396875104e-01 -1.276940905958726002e+00 8.488584980171511862e-01
1.610589138056431335e-01 -1.337838560682529376e+00 8.986805655322701591e-01
-1.812317557296119208e-01 -1.268752355422974709e+00 8.781050095612717987e-01
-6.717004467342687635e-01 -1.069243068224950965e+00 7.885558389402745894e-01
-1.180253443729762264e+00 -8.142687330075734087e-01 6.691107608475173052e-01
-1.576574537118066610e+00 -5.792960986080679664e-01 5.571235113602173161e-01
-1.860639918135719606e+00 -3.646644923194207188e-01 4.513860983261892557e-01
-2.032441584915963162e+00 -1.707748262301737041e-01 3.506615038293714459e-01
-2.091987009662934938e+00 1.920215278384651558e-03 2.537112493205536667e-01
-2.039298167066515788e+00 1.529260334515355479e-01 1.593229605919460057e-01
-1.874409925308927027e+00 2.817160331733027379e-01 6.633791690446982914e-02
-1.597367819703491509e+00 3.877416328694257563e-01 -2.632144170610295486e-02
-1.208225248527313944e+00 4.704423675831870266e-01 -1.196240528393340968e-01
-7.070401561754172670e-01 5.292561038004952589e-01 -2.144028277553469697e-01
-1.984818677745797677e-01 5.661240984652553543e-01 -3.009661769921530006e-01
2.129104432953947967e-01 5.836993375491439373e-01 -3.683975074712018127e-01
5.272550127078059479e-01 5.825078724693090182e-01 -4.156302280105372282e-01
7.446542238301868677e-01 5.630895183504439627e-01 -4.416926887931056367e-01
8.651893064219210450e-01 5.259892163016851585e-01 -4.457313226858431454e-01
8.889148086933496007e-01 4.717482602386943169e-01 -4.270337504144733343e-01
8.158529648189951633e-01 4.008953618040923539e-01 -3.850518654736649338e-01
6.459880877274584154e-01 3.139375650150156849e-01 -3.194249031844518250e-01
3.792611581362021478e-01 2.113509417554287340e-01 -2.300025378005253751e-01
1.556478340888763599e-02 9.357103309980185912e-02 -1.168680315206391401e-01
-3.351870998850287053e-01 -1.109023059414166248e-02 -1.101158395243421323e-02
-5.629249357476847626e-01 -7.503479654468712956e-02 5.646520826669822191e-02
-6.675071158253862436e-01 -9.889759745488746479e-02 8.534220116265853195e-02
-6.487148002801643720e-01 -8.325463628812601602e-02 7.571542325947351604e-02
-5.062474072208147380e-01 -2.860996079051201374e-02 2.802692957376183222e-02
-2.397198357311137451e-01 6.461907936422413290e-02 -5.690267974203661039e-02
1.513336053358774747e-01 1.961080076766406610e-01 -1.778634126521751180e-01
6.674472252061107724e-01 3.656032901872288132e-01 -3.333081654055559673e-01
1.309212217737480310e+00 5.729059684911059769e-01 -5.213920175091990572e-01
2.077265034263616528e+00 8.178575977877103886e-01 -7.400056428637771244e-01
2.758587772885721545e+00 1.030017503104239562e+00 -9.240311522057762517e-01
3.138836477730325036e+00 1.139509337433592950e+00 -1.012109959731196440e+00
3.216605285632655686e+00 1.146961291723039178e+00 -1.008114602636030810e+00
2.990378715095215689e+00 1.052912731079109099e+00 -9.165411397799647641e-01
2.458557849864133615e+00 8.578504295592799256e-01 -7.424288299052365092e-01
1.619484755526148012e+00 5.622464485027156567e-01 -4.912794085922685405e-01
4.714646143853158944e-01 1.665977635213811148e-01 -1.689758889420164001e-01
-9.872148351321640147e-01 -3.285323193687862964e-01 2.182991830037425973e-01
-2.758266937439165734e+00 -9.224708043472026331e-01 6.641460467560258429e-01
-4.843393078142606001e+00 -1.614389709468777134e+00 1.162030660195493059e+00
-6.867355794803821745e+00 -2.278254155174453288e+00 1.614268331102714393e+00
-8.452111480555991818e+00 -2.789019323792097271e+00 1.933113336331710563e+00
-9.595135197286207784e+00 -3.147283254834289501e+00 2.127195024483062191e+00
-1.029389986542566682e+01 -3.353805200974021350e+00 2.205451206744431403e+00
-1.054589072782927239e+01 -3.409573203545529729e+00 2.177008080589989181e+00
-1.034861484758732431e+01 -3.315874250483729746e+00 2.051058957626702206e+00
-9.699605827166989158e+00 -3.074366833860540993e+00 1.836741644637508442e+00
-8.596423852037984759e+00 -2.687155738502341684e+00 1.543015410574045898e+00
-7.036651785000267445e+00 -2.156868760062714330e+00 1.178536250524468088e+00
-5.017887908095747029e+00 -1.486735030370856192e+00 7.515302775662898727e-01
-3.003738655183032513e+00 -8.475053644951392462e-01 3.472415360456975186e-01
-1.461243309962324322e+00 -4.061271711046448019e-01 3.938926467844267032e-02
-3.931581965451469984e-01 -1.601546853493666656e-01 -1.812778599404551161e-01
1.976710856144472395e-01 -1.064745078047001775e-01 -3.236170390986904954e-01
3.082906083439594935e-01 -2.412187891327643996e-01 -3.959601368370790908e-01
-6.437408761622730180e-02 -5.596802833841025837e-01 -4.059764804223040535e-01
-9.234871177144704513e-01 -1.056283196483168041e+00 -3.605529813250304416e-01
-2.272265129706488196e+00 -1.724669442534835007e+00 -2.657707531854315297e-01
-4.113936828619370267e+00 -2.557819993854652196e+00 -1.269078289418202610e-01
-6.451698584919596691e+00 -3.548180658530124987e+00 5.156007215147317968e-02
-8.739723732369775178e+00 -4.473449507827512051e+00 2.184477558627154758e-01
-1.042721274614257432e+01 -5.121932567742823572e+00 3.305838189123961879e-01
-1.150979446837250109e+01 -5.502285474003111077e+00 3.954273587950629665e-01
-1.198303616033954633e+01 -5.623845518209297012e+00 4.195132938949839296e-01
-1.184251289342580726e+01 -5.496464007452670941e+00 4.084481371909951530e-01
-1.108387465927556903e+01 -5.130333744778508454e+00 3.669084700493319140e-01
-9.702910598309179235e+00 -4.535811912057610584e+00 2.986428853374425429e-01
-7.695609806026819655e+00 -3.723238905305721769e+00 2.064777265134962736e-01
-5.058218502943850226e+00 -2.702753269122564195e+00 9.232762015188000770e-02
-1.787293370652997648e+00 -1.484103246837531476e+00 -4.278876520545057960e-02
1.548131714907095224e+00 -2.751190727826703930e-01 -1.724472972699714890e-01
4.374563978674007814e+00 7.286670382516762245e-01 -2.729302674881928237e-01
6.688618195626283125e+00 1.536337626538323953e+00 -3.473502249978943635e-01
8.487105484697968549e+00 2.156817922159809164e+00 -3.980479228298341443e-01
9.767071516090556571e+00 2.598716764862354811e+00 -4.266117762237231492e-01
1.052583163029539470e+01 2.870166088887143196e+00 -4.339022201731526085e-01
1.076100317521818184e+01 2.978659551373206149e+00 -4.200811231347647556e-01
1.047053572139466304e+01 2.930890303279907183e+00 -3.846448816144505400e-01
9.652739601449182416e+00 2.732588810928520129e+00 -3.264620958009030183e-01
8.306313494860001256e+00 2.388361283067116592e+00 -2.438156221805254376e-01
6.762924683782903124e+00 1.994798925800687073e+00 -1.498469357763201337e-01
5.355369588900045663e+00 1.644254272084324286e+00 -5.895892286606985166e-02
4.084309721648029523e+00 1.334181003950953182e+00 2.894273979666023289e-02
2.950326017698815750e+00 1.062253307701378047e+00 1.137726139549581489e-01
1.953914206074865989e+00 8.264083344516656160e-01 1.952782210197360480e-01
1.095485971817492743e+00 6.248767703487081437e-01 2.730561144492800185e-01
3.753683070867883664e-01 4.562438471216120894e-01 3.465667656216364634e-01
-2.062349635395712144e-01 3.195833019443131140e-01 4.151354319195811327e-01
-6.492420752748522261e-01 2.144473156200857877e-01 4.779734386970255211e-01
-9.536836187424551081e-01 1.408267356324620911e-01 5.342031894401414460e-01
-1.096611048432949875e+00 1.049305088630413385e-01 5.719443641453968441e-01
-1.055371719569901945e+00 1.136967198425014869e-01 5.790582297976956117e-01
-8.306019410281541004e-01 1.688046863354764338e-01 5.542161892167447590e-01
-4.230420067754706581e-01 2.722747625288574613e-01 4.960986379234901822e-01
1.664767355164181450e-01 4.264122533736542375e-01 4.034218719199321734e-01
9.370456567372402734e-01 6.337512752472894695e-01 2.749639305519867016e-01
1.887693726051426379e+00 8.969987229473735946e-01 1.095894341094015845e-01
3.017403740472946350e+00 1.218978429299766741e+00 -9.372651482599483885e-02
4.325130061223838140e+00 1.602575605461396879e+00 -3.358753172622456207e-01
5.809817967301937891e+00 2.050681672341427841e+00 -6.175926821772282915e-01
7.224280911973417041e+00 2.492025599411100689e+00 -8.956373080026350797e-01
8.323096213572709345e+00 2.850487844633113443e+00 -1.124845661461889357e+00
9.107963572570925592e+00 3.121491970896686396e+00 -1.303076356651554857e+00
9.580656148649540071e+00 3.300303948798017473e+00 -1.428393651167725320e+00
9.742985385505074092e+00 3.382126497864569981e+00 -1.499105103037096764e+00
9.596763010792095372e+00 3.362192507744547143e+00 -1.513798051677689216e+00
9.143760337699523788e+00 3.235857477982190034e+00 -1.471375064024835533e+00
8.385665107392011208e+00 2.998690777999741819e+00 -1.371088724655724622e+00
7.324036139889083863e+00 2.646565925277688969e+00 -1.212575741655315564e+00
5.960256183459687662e+00 2.175749913986478656e+00 -9.958905821217732823e-01
4.554768224742082872e+00 1.676746350920692574e+00 -7.673220070763022704e-01
3.366358243765922964e+00 1.244524834601683949e+00 -5.735162935376811877e-01
2.393798404175035088e+00 8.822648896735190149e-01 -4.152060890616739997e-01
1.635954955532929356e+00 5.929237623369211230e-01 -2.928534241607838595e-01
1.091821622532633596e+00 3.791746885537449208e-01 -2.066262210712074276e-01
7.605504298898109194e-01 2.433514374729447149e-01 -1.563790817963741087e-01
6.414807893635515734e-01 1.873975375402472665e-01 -1.416371493960773553e-01
7.341652435450922720e-01 2.128188532247116127e-01 -1.615818834075145594e-01
1.038357240508793078e+00 3.207075117581051904e-01 -2.150892731310614647e-01
1.553991074061630950e+00 5.117780612198475909e-01 -3.007766073862047640e-01
2.047270968375587863e+00 6.989430595438973493e-01 -3.781343097264855957e-01
2.284414942076741450e+00 7.941394625585845857e-01 -4.087536415324687367e-01
2.265362546825634205e+00 7.966666769212339405e-01 -3.944298813582964303e-01
1.989890048160899871e+00 7.062027721019584758e-01 -3.371711768048557545e-01
1.457637194932865476e+00 5.227614323781728523e-01 -2.391431114518747236e-01
6.681338673210007739e-01 2.466490226196959012e-01 -1.026133693747860315e-01
-3.791736965624092903e-01 -1.215782873191520314e-01 7.010363550631698581e-02
-1.684897340263369125e+00 -5.811573904345453956e-01 2.767022760056013775e-01
-3.249682282691447988e+00 -1.131161170825760065e+00 5.149414215820771190e-01
-5.074183400667447330e+00 -1.770541534721203680e+00 7.827003961904164253e-01
-6.792036705127401319e+00 -2.368669348017399479e+00 1.024037105994000108e+00
-8.035788105658358660e+00 -2.796255301622990519e+00 1.187274597969724343e+00
-8.804369487334369637e+00 -3.054444602681588350e+00 1.276758307913208990e+00
-9.096666484255257146e+00 -3.144659832345610084e+00 1.296680635805860238e+00
-8.911559694774599194e+00 -3.068521006622881853e+00 1.250976739991514375e+00
-8.247964006683391247e+00 -2.827765264450567084e+00 1.143219856564787751e+00
-7.104866205420051983e+00 -2.424166132229822690e+00 9.765162069816231138e-01
-5.481361111526770635e+00 -1.859452409583243870e+00 7.533995991058105579e-01
-3.376686671722077815e+00 -1.135226521284155243e+00 4.757258412545533055e-01
-7.902584911979181337e-01 -2.528823027235925225e-01 1.445671292048416878e-01
1.800705223336989347e+00 6.253780757188956985e-01 -1.812214045071814938e-01
3.917986033817015379e+00 1.339456657464408895e+00 -4.455060446465158863e-01
5.560545805858740032e+00 1.891243349378003868e+00 -6.514777994133416072e-01
6.727487978658841072e+00 2.282482606552139970e+00 -8.016261964108885030e-01
7.418091054584640354e+00 2.514691357239744463e+00 -8.976346184525321181e-01
7.631861664961919978e+00 2.589044469317100194e+00 -9.402152563771333238e-01
7.368623092169642952e+00 2.506204140815051495e+00 -9.288401976923120751e-01
6.628465171748540996e+00 2.266399245185520162e+00 -8.619549093565944675e-01
5.411705729694403111e+00 1.869488283413050400e+00 -7.371593835893099911e-01
3.718869352160547592e+00 1.314994852218824839e+00 -5.513359659983401162e-01
1.856871986489091020e+00 7.041716603295881116e-01 -3.328560203493514669e-01
1.324275786630049467e-01 1.383796976460663908e-01 -1.121790896196920434e-01
-1.454185819616906183e+00 -3.828345700386616701e-01 1.108784276115424294e-01
-2.902756854181298252e+00 -8.597963181717651615e-01 3.361736864004338798e-01
-4.213139214732188442e+00 -1.292711635168767303e+00 5.632741394101032917e-01
-5.385250036902521131e+00 -1.681676965490619846e+00 7.914943816925207321e-01
-6.419068143814564031e+00 -2.026688751483049611e+00 1.019933050360802174e+00
-7.314631953106140116e+00 -2.327653269780494583e+00 1.247509716625853748e+00
-8.072036892621174076e+00 -2.584396687990871744e+00 1.473001732684153131e+00
-8.691432201660399315e+00 -2.796675353577802170e+00 1.695080992874657522e+00
-9.146652593689813315e+00 -2.956562851109765688e+00 1.893038324429984431e+00
-9.411850755344300268e+00 -3.055884660188064927e+00 2.045837730338892158e+00
-9.487709947682720468e+00 -3.093951418934518305e+00 2.151635136750084776e+00
-9.374921646962750543e+00 -3.070050430325800495e+00 2.208666412991834083e+00
-9.074165883537636645e+00 -2.983463199874925031e+00 2.215296448532242835e+00
-8.586090668596623843e+00 -2.833483188216697535e+00 2.170067751476822515e+00
-7.911290650097292598e+00 -2.619433757715589728e+00 2.071748603681198286e+00
-7.050285193315911414e+00 -2.340686234921981246e+00 1.919380847747621965e+00
-6.003496093360777053e+00 -1.996678124368580942e+00 1.712327364098417348e+00
-4.771225185141640068e+00 -1.586931438738151456e+00 1.450319338510040135e+00
-3.577581325957424951e+00 -1.218461319040202495e+00 1.214337363756598176e+00
-2.645935262429427670e+00 -9.992333811014011413e-01 1.086312488730662995e+00
-1.975564273575582064e+00 -9.301987546395642514e-01 1.067421291083182178e+00
-1.566030262310668997e+00 -1.012192214800906376e+00 1.158410499005180450e+00
-1.417225023981768528e+00 -1.245904991886538582e+00 1.359534021187147834e+00
-1.529397193797689569e+00 -1.631862154083352223e+00 1.670500317727340533e+00
-1.903106923214962665e+00 -2.170418633385060136e+00 2.090461082625086675e+00
-2.539221756104895533e+00 -2.861749627104291704e+00 2.618002866255803696e+00
-3.438894979524676820e+00 -3.705853841678818483e+00 3.251191345965193324e+00
-4.603531208260104535e+00 -4.702561036341229794e+00 3.987627179655056420e+00
-5.702206761534892365e+00 -5.628145884382427688e+00 4.657275872515347359e+00
-6.402123785455440697e+00 -6.258803833454851251e+00 5.093795028339710207e+00
-6.701582455938855709e+00 -6.594327626292076694e+00 5.300516495884219026e+00
-6.598350407630916514e+00 -6.634787925617011695e+00 5.281397028187917897e+00
-6.089733009669219932e+00 -6.380519465129890655e+00 5.040936033269663774e+00
-5.172643016691444551e+00 -5.832107092201788134e+00 4.584093150983155063e+00
-3.843669148438511929e+00 -4.990371705253428658e+00 3.916205291990498161e+00
-2.099143182320673873e+00 -3.856356100691509692e+00 3.042902833739943080e+00
6.479475172958257256e-02 -2.431310710220055959e+00 1.970024696024936794e+00
2.652132960768510461e+00 -7.166792277569500325e-01 7.035320851260626895e-01
5.141348142456575232e+00 9.278832566253240044e-01 -4.922997648785233382e-01
7.005030682637224615e+00 2.144589307131823830e+00 -1.362631240645927555e+00
8.238121965532698709e+00 2.934860195452037690e+00 -1.915858677474278737e+00
8.835346427433341532e+00 3.300420722478515589e+00 -2.160634077429262057e+00
8.791298938530564655e+00 3.243277194370969507e+00 -2.105727536439949255e+00
8.100528293011540981e+00 2.765695219908650859e+00 -1.759887325902179223e+00
6.757616746136747565e+00 1.870177322513836504e+00 -1.131697595739204587e+00
4.757255637782436430e+00 5.594403565509090681e-01 -2.294337009857115861e-01
2.094317229722043816e+00 -1.163607299980502496e+00 9.390847348498624347e-01
-1.236077009012228833e+00 -3.295888803461473060e+00 2.366642890188404014e+00
-4.503446671906254473e+00 -5.345885787746387230e+00 3.714649587174364775e+00
-6.969138948576141246e+00 -6.826304279200279268e+00 4.656155170548439415e+00
-8.625841073242650481e+00 -7.740523338020875777e+00 5.201546110626564356e+00
-9.466593536821660493e+00 -8.092132086426952142e+00 5.360467832270422228e+00
-9.484879535013703844e+00 -7.884899059291575973e+00 5.141635467010911675e+00
-8.674749701723202477e+00 -7.122731756455859653e+00 4.552584976955891705e+00
-7.030958163362549307e+00 -5.809631645634080854e+00 3.599395527703511899e+00
-4.548742944877205652e+00 -3.949737030852404907e+00 2.286977705524238402e+00
-1.223688806934311701e+00 -1.547350011853936724e+00 6.192866456487137183e-01
2.948361648802243273e+00 1.393046768439115235e+00 -1.400525220482000455e+00
7.097520077630424140e+00 4.265863196382142064e+00 -3.355473416219002303e+00
1.034697626722134700e+01 6.471434449388889121e+00 -4.834483968395967501e+00
1.269075371159753018e+01 8.014188896730738421e+00 -5.843020167521576269e+00
1.412324233083819713e+01 8.898750720297005756e+00 -6.385633556806316058e+00
1.463909103480419382e+01 9.129961407114119964e+00 -6.466131372071097339e+00
1.423310262189270503e+01 8.712901786138953497e+00 -6.087745961667035743e+00
1.290013061566140351e+01 7.652914650052699663e+00 -5.253306021850383978e+00
1.063497767693671747e+01 5.955628032719994636e+00 -3.965409644786184629e+00
7.432295469956798684e+00 3.626979104260680931e+00 -2.226599066566795848e+00
3.286485895346467956e+00 6.732386731895138032e-01 -3.953715515695499505e-02
-9.393511456541043803e-01 -2.278604360353571057e+00 2.163841474272195420e+00
-4.375163515806439030e+00 -4.608923898467259583e+00 3.954938895971367163e+00
-7.016277981338816971e+00 -6.322427212073519875e+00 5.335842580175484962e+00
-8.857832628259302510e+00 -7.424104692037873043e+00 6.308684379634585504e+00
-9.894690238584452402e+00 -7.919252313489483441e+00 6.875793234200590298e+00
-1.012135317441833848e+01 -7.813494522456125857e+00 7.039849922139472582e+00
-9.531880084570758527e+00 -7.112807462749170639e+00 6.804044134351248552e+00
-8.119804970022444834e+00 -5.823542380636157034e+00 6.172234077979862121e+00
-5.878059029806987468e+00 -3.952449111922917258e+00 5.149109079258482602e+00
-2.798895907893347523e+00 -1.506699494261447558e+00 3.740355608507388130e+00
5.154987161635263826e-01 1.050915864382245379e+00 2.198665875318090102e+00
3.456132018502523717e+00 3.264196863252388781e+00 7.720382222559777352e-01
6.020965121079947302e+00 5.135597437087151107e+00 -5.402260154061306885e-01
8.207822535142671683e+00 6.667705649302174464e+00 -1.739161537531324297e+00
1.001437407339258456e+01 7.863250141193788956e+00 -2.826213706556277572e+00
1.143806972350605555e+01 8.725133283485055458e+00 -3.803400387463059307e+00
1.247590843016578610e+01 9.256546592177283372e+00 -4.673712888026563483e+00
1.312449297399959391e+01 9.460921319145333186e+00 -5.440975292936682806e+00
1.338013746372620361e+01 9.341863840920593631e+00 -6.109690870837191312e+00
1.323894583587473051e+01 8.903107763664069196e+00 -6.684947540668707333e+00
1.275576919545207843e+01 8.242663155768193306e+00 -7.057217672499984218e+00
1.198367717677254873e+01 7.458727227755676203e+00 -7.116631672101455308e+00
1.091583386198656669e+01 6.555459203838370108e+00 -6.868331736637876439e+00
9.545283825052500504e+00 5.537064737711726359e+00 -6.317664890684747903e+00
7.865070494536201551e+00 4.407740383623794500e+00 -5.470102059770537650e+00
5.868350409940918055e+00 3.171617322482367385e+00 -4.331152097190251737e+00
3.548503237677897104e+00 1.832704455225445228e+00 -2.906270702237558012e+00
8.992375543535143789e-01 3.948308942528996890e-01 -1.200764281112557175e+00
-2.085307705473081974e+00 -1.138411731232039648e+00 7.803110697550996733e-01
-5.410465950541959224e+00 -2.763727046221103212e+00 3.032255170746219086e+00
-8.505611869471913167e+00 -4.218112987203018527e+00 5.122572742684269542e+00
-1.078714392407669997e+01 -5.247153941475423800e+00 6.630858739351957354e+00
-1.224112212614528339e+01 -5.860382360361025889e+00 7.570721073468158480e+00
-1.285453491501050394e+01 -6.066774683574751137e+00 7.955274320043717040e+00
-1.261548933693011065e+01 -5.874618622257104406e+00 7.796864773428476170e+00
-1.151339305416947489e+01 -5.291381630693805960e+00 7.106788567838660420e+00
-9.539129655905592031e+00 -4.323580861378581552e+00 5.895004254741404104e+00
-6.685229158574953701e+00 -2.976654721939785198e+00 4.169841344212746215e+00
-2.946035676972992512e+00 -1.254836443511519573e+00 1.937706602814216694e+00
1.682125298853156092e+00 8.389701599612133798e-01 -7.972100038465095295e-01
6.279315662516280483e+00 2.894676580861838211e+00 -3.484323541681195735e+00
9.916982065282375913e+00 4.508586553976217992e+00 -5.582748740785003605e+00
1.258580963832952904e+01 5.687490577560477156e+00 -7.103147988784409783e+00
1.427858785365619099e+01 6.436752724195232034e+00 -8.053831962107413034e+00
1.499039899543466348e+01 6.760176489428266322e+00 -8.440435362627846771e+00
1.471894973649156313e+01 6.659793206037877944e+00 -8.265426012572937964e+00
1.346509046383468444e+01 6.135548998304433788e+00 -7.527395335239704721e+00
1.123223672158284003e+01 5.185662412397586074e+00 -6.221804163679976796e+00
8.025942360135415399e+00 3.806898493498606317e+00 -4.341564010590072797e+00
3.853611203884121039e+00 1.994763558660561653e+00 -1.877458000275896266e+00
-4.713676764826777443e-01 9.274884146158283993e-02 6.894551898665030043e-01
-4.141542455876112250e+00 -1.552285722013707625e+00 2.870640424567443283e+00
-7.158377925447960699e+00 -2.939823947757759459e+00 4.664051650469458465e+00
-9.524755018348585622e+00 -4.068406639170758510e+00 6.066014076596937699e+00
-1.124477554479812724e+01 -4.935759672239105278e+00 7.071505258721268561e+00
-1.232356512416738603e+01 -5.538920436220308829e+00 7.674435957805316733e+00
-1.276707233084385607e+01 -5.874362424880387401e+00 7.867929199335598867e+00
-1.258186249905008403e+01 -5.938117783993854815e+00 7.644596198717821700e+00
-1.177490499981978544e+01 -5.725897753766903797e+00 6.996808067196666592e+00
-1.035335321532758179e+01 -5.233210977152126908e+00 5.916962461604747148e+00
-8.748976201209739401e+00 -4.614900273322664503e+00 4.744027121642285572e+00
-7.386649565833849351e+00 -4.029826212031362154e+00 3.823715691479799617e+00
-6.263125104132758914e+00 -3.479563110416261651e+00 3.158808728745870820e+00
-5.375132042263741639e+00 -2.965797207828060333e+00 2.752096902398128542e+00
-4.719497832389872194e+00 -2.490280752212307824e+00 2.606283964157031896e+00
-4.293271646985705736e+00 -2.054787009538283193e+00 2.723892395971486025e+00
-4.093850258211329418e+00 -1.661066034664417490e+00 3.107171434290557865e+00
-4.119105873310060950e+00 -1.310800934860353095e+00 3.758007029434279556e+00
-4.367515352664782746e+00 -1.005564392352592318e+00 4.677833073326686630e+00
-4.838290133185411790e+00 -7.467750923522632478e-01 5.867543116337349929e+00
-5.329725119547287449e+00 -5.486542031343075720e-01 6.975096468189310173e+00
-5.642209224274308710e+00 -4.233059746396395928e-01 7.647070968546160863e+00
-5.777878475976304884e+00 -3.689122021464238399e-01 7.882144184551371779e+00
-5.737627615760844790e+00 -3.837926818789163530e-01 7.679524697430395008e+00
-5.520930093428476404e+00 -4.664479100030137770e-01 7.039027875732551287e+00
-5.125570885538087929e+00 -6.156245338957729851e-01 5.961232585135633144e+00
-4.547372138739490310e+00 -8.304104000382684925e-01 4.447729647731304858e+00
-3.780750103705567078e+00 -1.110185213655203285e+00 2.500808250678223210e+00
-2.819023896670619589e+00 -1.454617261679842066e+00 1.233173631484026922e-01
-1.654612011018492534e+00 -1.863682885678402235e+00 -2.681388510133926317e+00
-3.983286344929639622e-01 -2.249255714657539151e+00 -5.459870118968869868e+00
8.316664979489778453e-01 -2.524493697601605913e+00 -7.760172495411116422e+00
2.031445461939366481e+00 -2.691473025132890662e+00 -9.581135795296722435e+00
3.195823971495274307e+00 -2.752134042123357105e+00 -1.092196011460118221e+01
4.318562097420504564e+00 -2.708243831632496601e+00 -1.178221577407158094e+01
5.392566663490683254e+00 -2.561359124916212426e+00 -1.216185029436728904e+01
6.410095006697043019e+00 -2.312790124654549917e+00 -1.206119074777073408e+01
7.362959796641885823e+00 -1.963565807105504435e+00 -1.148094040064821009e+01
8.242734519261901482e+00 -1.514401190919394624e+00 -1.042216884201066129e+01
9.040959221604961016e+00 -9.656669788360452422e-01 -8.886295057721433466e+00
9.691305041500001494e+00 -4.066324733878774467e-01 -7.191932289447141358e+00
1.013463602131279373e+01 7.498778313492548975e-02 -5.659555629758401096e+00
1.037355180529057996e+01 4.814931237726585156e-01 -4.293579273960187237e+00
1.041082262989026930e+01 8.152305360690451641e-01 -3.098306030465119321e+00
1.024931838475866286e+01 1.078558596782867252e+00 -2.077836555611531022e+00
9.891933866929029762e+00 1.273812080335756436e+00 -1.235981373677463413e+00
9.341510577694336348e+00 1.403267435075949532e+00 -5.761756083035409759e-01
8.600755445046830872e+00 1.469109813008353749e+00 -1.013963584815331664e-01
7.672157129227312744e+00 1.473401234502758061e+00 1.859177363126010007e-01
6.557900566037113244e+00 1.418050164823095427e+00 2.839451221497228950e-01
5.403318305200514260e+00 1.284293863807158376e+00 2.957509334332972806e-01
4.351605685175605309e+00 1.051549425766936441e+00 3.271310954569943696e-01
3.401512407489207135e+00 7.188583158901206138e-01 3.808450531930407390e-01
2.551879162068712237e+00 2.852672673399587744e-01 4.595916735390814800e-01
1.801668926911828450e+00 -2.501585766281608225e-01 5.659746489472901043e-01
1.149989265636289781e+00 -8.883265565553637444e-01 7.024802887803954787e-01
5.960695697940713300e-01 -1.630112568926908478e+00 8.714061594808298894e-01
1.392658291807825077e-01 -2.476340592042913791e+00 1.074687107668109487e+00
-2.209352074226180740e-01 -3.427780641268755701e+00 1.313884555695520095e+00
-4.849196769426711295e-01 -4.485152035846969198e+00 1.590208448276623887e+00
-6.516521921269737838e-01 -5.466828429203228978e+00 1.854645066542286891e+00
-7.183365619059672857e-01 -6.191586584332200438e+00 2.056322856929854836e+00
-6.828597803558265067e-01 -6.660726536782830998e+00 2.193057654377361665e+00
-5.434147091752044023e-01 -6.875570822827722139e+00 2.262241234597414330e+00
-2.984919524145790426e-01 -6.837455069675884012e+00 2.260901797947791447e+00
5.312875614214240816e-02 -6.547718242389839460e+00 2.185765574191991689e+00
5.123881027649833664e-01 -6.007692439129324491e+00 2.033319321262691659e+00
1.079957910155881162e+00 -5.218692154105115222e+00 1.799873501653002306e+00
1.756253534323965138e+00 -4.182002969546922522e+00 1.481625940704842215e+00
2.541448203902194614e+00 -2.898869638824285389e+00 1.074725757997914144e+00
3.318111284905048031e+00 -1.547023777085879015e+00 6.300790105191456103e-01
3.968234895884695579e+00 -3.025425980205432852e-01 2.028841997856809520e-01
4.491053076623898299e+00 8.358110983292987850e-01 -2.040820287408651179e-01
4.885947777473686138e+00 1.869246324904386691e+00 -5.878449667564817904e-01
5.152445596071325795e+00 2.798937281623103512e+00 -9.452857204116349443e-01
5.290212646172928856e+00 3.626016133547113718e+00 -1.273195091593023243e+00
5.299047382246793170e+00 4.351565257214604188e+00 -1.568327353017284764e+00
5.178871607652964393e+00 4.976608625300814381e+00 -1.827453784602977027e+00
4.929719531429735291e+00 5.502102694597503785e+00 -2.047415995687081214e+00
4.551724870588986782e+00 5.928926851111144813e+00 -2.225178937128597489e+00
4.116654535553317729e+00 6.286193018335358040e+00 -2.370742802195608512e+00
3.696229998081096646e+00 6.602456088091994246e+00 -2.495988924063397008e+00
3.290588455263184109e+00 6.877689134599080489e+00 -2.600872096302492054e+00
2.899881113938858945e+00 7.111858831047837448e+00 -2.685407325370695375e+00
2.524267676806401184e+00 7.304923804479992455e+00 -2.749669275957511871e+00
2.163891224282419756e+00 7.456820733153241676e+00 -2.793839870065349729e+00
1.818812581399688710e+00 7.567428294314892945e+00 -2.818327716133368632e+00
1.489066366369968808e+00 7.636608591128538848e+00 -2.823579501499872357e+00
1.174683790237967651e+00 7.664221641288719411e+00 -2.810025174149615168e+00
8.756963211727972762e-01 7.650126962094450533e+00 -2.778077635072814466e+00
6.038048176772881082e-01 7.553658503285742398e+00 -2.715801874025525198e+00
3.708043676240110331e-01 7.334135488171141581e+00 -2.611378447799007851e+00
1.768931904227138419e-01 6.991398422416875924e+00 -2.465393392968882935e+00
2.230630036730660293e-02 6.525290671461265291e+00 -2.278446705330259725e+00
-9.267820273581570123e-02 5.935661631287575624e+00 -2.051149781419474571e+00
-1.677329742238392318e-01 5.222369848981005980e+00 -1.784122933524702415e+00
-2.024754099905724525e-01 4.385286090960615724e+00 -1.477992995428414336e+00
-1.964618946836140800e-01 3.424296357448175510e+00 -1.133391017420452007e+00
-1.491821700241023063e-01 2.339304834986698722e+00 -7.509500976054868104e-01
-6.005385307809103790e-02 1.130236787160922018e+00 -3.313033835443694453e-01
4.187003899941373064e-02 -4.741269258001946929e-02 7.273465736441019069e-02
1.268317361894646389e-01 -1.038047747463944015e+00 4.090246009230890101e-01
1.943556629047219209e-01 -1.841567542926694889e+00 6.779879947018198072e-01
2.438805127215626922e-01 -2.457867481267865362e+00 8.800895248823225048e-01
2.747490017539136464e-01 -2.886845971557210344e+00 1.015822770161022071e+00
2.861976830355472678e-01 -3.128411132562806340e+00 1.085696337936170375e+00
2.773468297222043688e-01 -3.182487425798278480e+00 1.090220451081318265e+00
2.471901519600421260e-01 -3.049022212848045310e+00 1.029894143508010673e+00
1.945844812477547925e-01 -2.727992245649948799e+00 9.051930970177847202e-01
1.182393954066396219e-01 -2.219410095977023989e+00 7.165582203209479584e-01
5.075072185591802260e-02 -1.704953415385977111e+00 5.319256324788995682e-01
2.647125823413236032e-02 -1.366254979535343139e+00 4.184274533898680870e-01
4.675323684764209897e-02 -1.203268261383304338e+00 3.752534245048174122e-01
1.131203128929373219e-01 -1.215898139951244739e+00 4.015725903401674568e-01
2.272783202208534803e-01 -1.403995064287634653e+00 4.965339321449963039e-01
3.911171244878838271e-01 -1.767351443323907256e+00 6.592651828205813302e-01
6.066707216466552532e-01 -2.305708306545103614e+00 8.888779171386661515e-01
8.760872671383840293e-01 -3.018759980832849799e+00 1.184483963407871654e+00
1.201591928860570091e+00 -3.906160568169046332e+00 1.545202506220593630e+00
1.585445156304737147e+00 -4.967531722808655736e+00 1.970166787491506311e+00
1.978076957031674743e+00 -5.995399407341865050e+00 2.394880606621382135e+00
2.327097120872182234e+00 -6.782711639051567154e+00 2.755789465494596691e+00
2.630448442878916993e+00 -7.329715895461949238e+00 3.053437745452199703e+00
2.885995293649797677e+00 -7.636702124380122747e+00 3.288355069855928292e+00
3.091563958109085242e+00 -7.703995620316911541e+00 3.461052240014293790e+00
3.244983424501381108e+00 -7.531949701844152578e+00 3.572014374233777101e+00
3.344127541597669673e+00 -7.120938046909398800e+00 3.621690397143220164e+00
3.386950114096675346e+00 -6.471348001002942496e+00 3.610483779083167200e+00
3.371520838883535376e+00 -5.583573747931870557e+00 3.538740501686992168e+00
3.296061621895492788e+00 -4.458009436315143681e+00 3.406734445028577696e+00
3.203499090180994102e+00 -3.279405272998082488e+00 3.296309744950413734e+00
3.139934682658088061e+00 -2.231847306974504619e+00 3.289089820323318314e+00
3.108336457815664478e+00 -1.314696392996531182e+00 3.384969281375907801e+00
3.111434508645042563e+00 -5.273047568459093837e-01 3.583888055733956524e+00
3.151668310575856946e+00 1.309751883785186255e-01 3.885848380495101839e+00
3.231131092584348163e+00 6.607817845409221791e-01 4.290936308561808410e+00
3.351505195149255378e+00 1.062734250203660302e+00 4.799350564394272212e+00
3.514011999262705466e+00 1.337425848685121377e+00 5.411418908077489931e+00
3.719356516024031389e+00 1.485416624830651955e+00 6.127619604779708240e+00
3.967668758224093928e+00 1.507226264083987743e+00 6.948605065607120324e+00
4.191302703711998312e+00 1.485223488091638178e+00 7.715760348694691295e+00
4.319455505042521182e+00 1.500579185520982906e+00 8.271133553743466038e+00
4.347708166920538631e+00 1.552040891868004424e+00 8.616259674039493888e+00
4.272587767099713218e+00 1.638453276764112232e+00 8.752259667842400503e+00
4.091669152210097415e+00 1.758772381944168961e+00 8.679767324202051881e+00
3.803861563101319287e+00 1.912101062059215595e+00 8.398772097522391178e+00
3.409973048561302900e+00 2.097752030955680524e+00 7.908360476120195770e+00
2.911985350454577404e+00 2.315144505334176372e+00 7.207107136447431728e+00
2.312690140589853449e+00 2.563754310605861786e+00 6.293263335394520652e+00
1.615517002497048438e+00 2.843090429324627522e+00 5.164850143167410756e+00
8.243608218924380893e-01 3.152673046942164437e+00 3.819752162770304160e+00
-5.659231623242449993e-02 3.492013338523614507e+00 2.255809711035360099e+00
-1.023041396622136334e+00 3.860595187648847126e+00 4.709078310982297566e-01
-2.070749349161974173e+00 4.257858977737051909e+00 -1.536939097980030144e+00
-3.195724743531204837e+00 4.683187545726592127e+00 -3.769507988520214070e+00
-4.394332783473692494e+00 5.135902008275147423e+00 -6.228338879583329657e+00
-5.663027250348985575e+00 5.615293603704791359e+00 -8.914911583047157251e+00
-6.998282924549267037e+00 6.120627252148396202e+00 -1.183065506308025761e+01
-8.396659777788920920e+00 6.651135905833612583e+00 -1.497691068125521596e+01
-9.854845422449944436e+00 7.206018674975180005e+00 -1.835491747818708319e+01
-1.136969804410048113e+01 7.784439428882787837e+00 -2.196579864757934786e+01
-1.293828977936143509e+01 8.385525867018326807e+00 -2.581054918623609495e+01
-1.455795049364697213e+01 9.008369052144757916e+00 -2.989002468140192548e+01
-1.622631190659264533e+01 9.652023395150949980e+00 -3.420493117423620077e+01
