-5.036080807179218466e-01 2.213322672608278197e+00 -2.376175178528438625e+00
-2.055570201540292685e-01 1.024420666937176927e+00 -1.160822386753810553e+00
7.113255958244751875e-02 -8.003777905235248680e-02 -3.133709348225763996e-02
3.264606584915084597e-01 -1.100052665360311099e+00 1.012280701286220719e+00
5.604272765731538319e-01 -2.035623991986698744e+00 1.970030997551625251e+00
7.730324138273834134e-01 -2.886751758931516143e+00 2.841913795313955493e+00
9.642760702541971485e-01 -3.653435966194760631e+00 3.627929094573209667e+00
1.134158245853595037e+00 -4.335676613776435318e+00 4.328076895329389551e+00
1.282678940625577191e+00 -4.933473701676540202e+00 4.942357197582495587e+00
1.409838154570143942e+00 -5.446827229895072620e+00 5.470770001332526888e+00
1.515635887687294625e+00 -5.875737198432033459e+00 5.913315306579484343e+00
1.600072139977029462e+00 -6.220203607287423608e+00 6.269993113323365286e+00
1.663146911439348674e+00 -6.480226456461243956e+00 6.540803421564175046e+00
1.704860202074252262e+00 -6.655805745953491837e+00 6.725746231301907407e+00
1.725212011881739782e+00 -6.746941475764169027e+00 6.824821542536565921e+00
1.724202340861811678e+00 -6.753633645893274640e+00 6.838029355268149700e+00
1.701831189014467505e+00 -6.675882256340809562e+00 6.765369669496658744e+00
1.658098556339707930e+00 -6.513687307106772906e+00 6.606842485222092165e+00
1.593004442837532952e+00 -6.267048798191167336e+00 6.362447802444455291e+00
1.506548848507941241e+00 -5.935966729593987523e+00 6.032185621163739242e+00
1.398731773350934571e+00 -5.520441101315240573e+00 5.616055941379952010e+00
1.269553217366511833e+00 -5.020471913354920268e+00 5.114058763093088267e+00
1.119013180554673248e+00 -4.436059165713029273e+00 4.526194086303151565e+00
9.471116629154188171e-01 -3.767202858389565812e+00 3.852461911010136575e+00
7.538486644487492061e-01 -3.013902991384532548e+00 3.092862237214049959e+00
5.392241851546633047e-01 -2.176159564697928150e+00 2.247395064914888163e+00
3.149256531368715417e-01 -1.297266397986323705e+00 1.358050184265676252e+00
9.264053133036639909e-02 -4.205174399320487644e-01 4.668175105588818763e-01
-1.276311802648456561e-01 4.540873094648724129e-01 -4.263029562054717614e-01
-3.458894816487634305e-01 1.326547850204434997e+00 -1.321311216027379221e+00
-5.621343728213894497e-01 2.196864182286649481e+00 -2.218207268906851048e+00
-7.763658537827220485e-01 3.065036305711509090e+00 -3.116991114843880695e+00
-9.885839245327618929e-01 3.931064220479016491e+00 -4.017662753838471268e+00
-1.198788585071508317e+00 4.794947926589168574e+00 -4.920222185890619215e+00
-1.406979835398961987e+00 5.656687424041968448e+00 -5.824669411000327202e+00
-1.613157675515121348e+00 6.516282712837409008e+00 -6.731004429167589009e+00
-1.780004915926651332e+00 7.217558106059494882e+00 -7.473843620964859547e+00
-1.870204233683394834e+00 7.604337358263808078e+00 -7.887802775506002284e+00
-1.883755628785322100e+00 7.676620469450224249e+00 -7.972881892790885772e+00
-1.820659101232432686e+00 7.434407439618741620e+00 -7.729080972819509121e+00
-1.680914651024727480e+00 6.877698268769365519e+00 -7.156400015591874109e+00
-1.464522278162206925e+00 6.006492956902092395e+00 -6.254839021107985175e+00
-1.171481982644869468e+00 4.820791504016922246e+00 -5.024397989367834327e+00
-8.017937644727153312e-01 3.320593910113852409e+00 -3.465076920371421565e+00
-3.554576236457449578e-01 1.505900175192888213e+00 -1.576875814118752217e+00
1.675264398360416518e-01 -6.232897007459747840e-01 6.402053293901781572e-01
6.863851837061182293e-01 -2.736648372677803476e+00 2.839970568495663983e+00
1.120345269408711264e+00 -4.503848101796624981e+00 4.676223548840113153e+00
1.469406696943818869e+00 -5.924888888102430862e+00 6.148964270423515011e+00
1.733569466311438712e+00 -6.999770731595215345e+00 7.258192733245862449e+00
1.912833577511571237e+00 -7.728493632274973990e+00 8.003908937307153693e+00
2.007199030544214668e+00 -8.111057590141705020e+00 8.386112882607386965e+00
2.016665825409369894e+00 -8.147462605195407548e+00 8.404804569146563153e+00
1.941233962107037803e+00 -7.837708677436090454e+00 8.059983996924687588e+00
1.780903440637217505e+00 -7.181795806863744858e+00 7.351651165941750499e+00
1.535674260999909002e+00 -6.179723993478374311e+00 6.279806076197757214e+00
1.255701641828637083e+00 -5.039030296667561970e+00 5.070095443153960879e+00
9.911410409160040791e-01 -3.967252765434188255e+00 3.948167058240610761e+00
7.419924582620756048e-01 -2.964391399778525393e+00 2.914020921458004842e+00
5.082558938668543247e-01 -2.030446199700585375e+00 1.967657032806153117e+00
2.899313477303406272e-01 -1.165417165200368199e+00 1.109075392285057582e+00
8.701881985253420715e-02 -3.693042962778735339e-01 3.382759998947173496e-01
-1.004816897665649078e-01 3.578924070668985102e-01 -3.447411443648679130e-01
-2.725701811269566344e-01 1.016172944833947378e+00 -9.399760404936969849e-01
-4.292466542286410003e-01 1.605537317023274069e+00 -1.447428688491771087e+00
-5.705111090716178390e-01 2.125985523634877250e+00 -1.867099088359089443e+00
-6.976375651377624276e-01 2.601775293843902492e+00 -2.259344186259251153e+00
-8.119000449464502944e-01 3.057164414660467955e+00 -2.684521072258133412e+00
-9.132985484976823276e-01 3.492152886084582519e+00 -3.142629746355757980e+00
-1.001833075791457750e+00 3.906740708116242633e+00 -3.633670208552119973e+00
-1.077503626827778449e+00 4.300927880755456734e+00 -4.157642458847230493e+00
-1.140310201606642648e+00 4.674714404002220824e+00 -4.714546497241082434e+00
-1.190252800128051458e+00 5.028100277856535349e+00 -5.304382323733678462e+00
-1.227331422392004434e+00 5.361085502318399421e+00 -5.927149938325015910e+00
-1.251546068398501577e+00 5.673670077387812150e+00 -6.582849341015096556e+00
-1.262896738147542219e+00 5.965854003064773536e+00 -7.271480531803919511e+00
-1.267074735152556419e+00 6.213116865012792367e+00 -7.873135060047031786e+00
-1.269771362926972014e+00 6.390938248895373874e+00 -8.267904475099976835e+00
-1.270986621470789224e+00 6.499318154712518947e+00 -8.455788776962757325e+00
-1.270720510784008273e+00 6.538256582464224920e+00 -8.436787965635369702e+00
-1.268973030866629159e+00 6.507753532150495346e+00 -8.210902041117819294e+00
-1.265744181718651662e+00 6.407809003771329337e+00 -7.778131003410100774e+00
-1.261033963340076225e+00 6.238422997326728670e+00 -7.138474852512227464e+00
-1.254842375730902404e+00 5.999595512816689791e+00 -6.291933588424182489e+00
-1.247169418891130421e+00 5.691326550241212701e+00 -5.238507211145969400e+00
-1.238015092820745178e+00 5.313616109600300064e+00 -3.978195720677693892e+00
-1.186526844719524520e+00 4.873750489737518343e+00 -2.802957403820048654e+00
-1.051852219187161541e+00 4.379015972124567391e+00 -2.004749851292068286e+00
-8.339912162236564619e-01 3.829412556761448982e+00 -1.583573063093753008e+00
-5.329438358290089495e-01 3.224940243648160454e+00 -1.539427039225101712e+00
-1.487100780032188929e-01 2.565599032784703581e+00 -1.872311779686115951e+00
3.187100572537131526e-01 1.851388924171078143e+00 -2.582227284476794615e+00
8.693165699417876313e-01 1.082309917807284139e+00 -3.669173553597139037e+00
1.503109460061004654e+00 2.583620136933211242e-01 -5.133150587047148328e+00
2.220088727611355228e+00 -6.204547881707997981e-01 -6.974158384826798951e+00
3.020254372592665160e+00 -1.554140487785013347e+00 -9.192196946935435875e+00
3.769303124085156220e+00 -2.482225966272341378e+00 -1.129718927504686654e+01
4.332932351574855012e+00 -3.344242393094097210e+00 -1.279906070769647286e+01
4.711142055061762868e+00 -4.140189768250282398e+00 -1.369781124488425661e+01
4.903932234545881563e+00 -4.870068091740897387e+00 -1.399344088661022312e+01
4.911302890027207546e+00 -5.533877363565940399e+00 -1.368594963287436528e+01
4.733254021505743481e+00 -6.131617583725411436e+00 -1.277533748367668665e+01
4.369785628981487591e+00 -6.663288752219310496e+00 -1.126160443901718011e+01
3.820897712454440764e+00 -7.128890869047641132e+00 -9.144750498895856339e+00
3.086590271924603890e+00 -7.528423934210398016e+00 -6.424775663312714435e+00
2.166863307391975191e+00 -7.861887947707582924e+00 -3.101679932267746409e+00
1.220968397043474818e+00 -8.094266411192592159e+00 2.309223554986535865e-01
4.081578784378498970e-01 -8.190542659346888854e+00 2.979414030668142033e+00
-2.715682484246728090e-01 -8.150716692170430377e+00 5.143795093239873495e+00
-8.182099835440944657e-01 -7.974788509663211400e+00 6.724065543213857410e+00
-1.231767326920413463e+00 -7.662758111825232810e+00 7.720225380590079567e+00
-1.512240278553631301e+00 -7.214625498656495495e+00 8.132274605368547071e+00
-1.659628838443746757e+00 -6.630390670156999455e+00 7.960213217549264364e+00
-1.673933006590761163e+00 -5.910053626326760678e+00 7.204041217132244768e+00
-1.555152782994675853e+00 -5.053614367165751631e+00 5.863758604117465190e+00
-1.303288167655488383e+00 -4.061072892673982082e+00 3.939365378504929183e+00
-1.006245997638326006e+00 -3.069730076922088990e+00 1.947018311733920148e+00
-7.519343675313305830e-01 -2.216888758094251344e+00 4.028815589585872936e-01
-5.403532773356266583e-01 -1.502548936192225293e+00 -6.930448798144681621e-01
-3.715027270512138990e-01 -9.267106112160106157e-01 -1.340761004585246940e+00
-2.453827166780928604e-01 -4.893737831656077564e-01 -1.540266815353748209e+00
-1.619932462162632092e-01 -1.905384520410163818e-01 -1.291562312119970635e+00
-1.213343156657250010e-01 -3.020461784223649193e-02 -5.946474948839157726e-01
-1.234059250264782359e-01 -8.372280569268086836e-03 5.504776363544161555e-01
-1.682080742985229416e-01 -1.250414402221114996e-01 2.143813081595026482e+00
-2.557407634818590347e-01 -3.802120968007663970e-01 4.185358840837913874e+00
-3.558755566568944650e-01 -6.656411204482644006e-01 6.275461106858104543e+00
-4.384840179040370711e-01 -8.730853813076367986e-01 8.014466072430620258e+00
-5.035661472232866309e-01 -1.002544879378883369e+00 9.402373737555461020e+00
-5.511219446146435885e-01 -1.054019614662004667e+00 1.043918410223262860e+01
-5.811514100781074443e-01 -1.027509587157000137e+00 1.112489716646212479e+01
-5.936545436136784204e-01 -9.230147968638702238e-01 1.145951293024394246e+01
-5.886313452213566277e-01 -7.405352437826148160e-01 1.144303139357809052e+01
-5.660818149011419553e-01 -4.800709279132340246e-01 1.107545255646456717e+01
-5.260059526530345142e-01 -1.416218492557277386e-01 1.035677641890336531e+01
-4.684037584771144624e-01 2.748119921883749872e-01 9.287002980896064130e+00
-3.995705414527404575e-01 6.496568824430390965e-01 7.989216864315588751e+00
-3.258015206050371426e-01 8.633408180311107349e-01 6.586500930312531032e+00
-2.470966959340065161e-01 9.158637989525906242e-01 5.078855178886929167e+00
-1.634560674396450253e-01 8.072258252074812068e-01 3.466279610038713876e+00
-7.487963512195427995e-02 5.374268967957789300e-01 1.748774223767918468e+00
1.863260101906560884e-02 1.064670137174847930e-01 -7.366097992545661555e-02
1.170806409834147521e-01 -4.856538240274024254e-01 -2.001026001041413149e+00
2.204644847710930666e-01 -1.238935616438881615e+00 -4.033320839579948469e+00
3.287841323821005801e-01 -2.153378363516953442e+00 -6.170545495541065684e+00
4.420395838164147273e-01 -3.228982065261346346e+00 -8.412699968924279403e+00
5.443911743159909333e-01 -4.274508118467895024e+00 -1.042051895252644123e+01
6.199993146519442444e-01 -5.098718831826170472e+00 -1.185473875688214029e+01
6.688640048242743275e-01 -5.701614205336167807e+00 -1.271535938199137128e+01
6.909852448329815156e-01 -6.083194238997887915e+00 -1.300238082785413951e+01
6.863630346780655866e-01 -6.243458932811331685e+00 -1.271580309447044677e+01
6.549973743595265407e-01 -6.182408286776499118e+00 -1.185562618184028416e+01
5.968882638773644889e-01 -5.900042300893389324e+00 -1.042185008996366236e+01
5.120357032315793200e-01 -5.396360975162004081e+00 -8.414474818840574244e+00
4.004396924221710341e-01 -4.671364309582339835e+00 -5.833500368471021602e+00
2.621002314491397422e-01 -3.725052304154401028e+00 -2.678926738855007095e+00
1.254596405634460787e-01 -2.819176970038077545e+00 4.833105995390233334e-01
1.896037563980383645e-02 -2.215491566525972011e+00 3.087273477647991093e+00
-5.739756332174644066e-02 -1.913996093618455241e+00 5.132961895471090052e+00
-1.036141763212050232e-01 -1.914690551315526790e+00 6.620375853008328981e+00
-1.196894633585715573e-01 -2.217574939617187546e+00 7.549515350259693669e+00
-1.056234244338462303e-01 -2.822649258523437954e+00 7.920380387225194774e+00
-6.141605954702900050e-02 -3.729913508034276681e+00 7.732970963904827855e+00
1.293263130187816135e-02 -4.939367688149674862e+00 6.987287080298615116e+00
1.174226481128785582e-01 -6.451011798869684455e+00 5.683328736406529025e+00
2.520539908859705802e-01 -8.264845840194283255e+00 3.821095932228574021e+00
3.818679631907014871e-01 -9.964372009834571386e+00 1.903635844668668309e+00
4.719053685062170045e-01 -1.113308654742615111e+01 4.340028468105025516e-01
5.221662068320702677e-01 -1.177098945296368626e+01 -5.878030613394908954e-01
5.326504781682611656e-01 -1.187808072644718749e+01 -1.161781879781310423e+00
5.033581825147896982e-01 -1.145436036787664946e+01 -1.287933608514956862e+00
4.342893198716558101e-01 -1.049982837725207219e+01 -9.662582475404288829e-01
3.254438902388596122e-01 -9.014484754573455660e+00 -1.967557968577278160e-01
1.768218936164011046e-01 -6.998329499840805212e+00 1.020573743533147670e+00
-1.157666999571993482e-02 -4.451362613054110184e+00 2.685730373632196244e+00
-2.397518005975032285e-01 -1.373584094213378570e+00 4.798714093439416573e+00
-4.654101320814802989e-01 1.708800777737477627e+00 6.926923964414435808e+00
-6.462582983401825576e-01 4.269586723854543742e+00 8.637759048016873109e+00
-7.822962993736094495e-01 6.308773744137820216e+00 9.931219344246724035e+00
-8.735241351817617517e-01 7.826361838587306607e+00 1.080730485310399658e+01
-9.199418057646391311e-01 8.822351007203005580e+00 1.126601557458868719e+01
-9.215493111222414768e-01 9.296741249984910027e+00 1.130735150870079231e+01
-8.783466512545688998e-01 9.249532566933028832e+00 1.093131265544032082e+01
-7.903338261616216220e-01 8.680724958047360218e+00 1.013789901480726385e+01
-6.575108358433994216e-01 7.590318423327897079e+00 8.927110586801626724e+00
-4.798776803004365932e-01 5.978312962779607886e+00 7.298947371427566111e+00
-2.992411160654720459e-01 4.232594067555824680e+00 5.578627023707388943e+00
-1.574073016266739899e-01 2.741041680117977997e+00 4.091362546433266800e+00
-5.437623698404463884e-02 1.503655800466094927e+00 2.837153939605227215e+00
9.852077862420774435e-03 5.204364286001184059e-01 1.816001203223213345e+00
3.527764291271934249e-02 -2.086164354799199261e-01 1.027904337287256276e+00
2.190045816685123881e-02 -6.835027917740202907e-01 4.728633417973555630e-01
-3.027947637518374480e-02 -9.042226402821830211e-01 1.508782167535114294e-01
-1.212621607133854140e-01 -8.707759810044077842e-01 6.194896215572376352e-02
-2.510475948477537966e-01 -5.831628139406950240e-01 2.060755780039924545e-01
-4.196357787782186710e-01 -4.138313909138275487e-02 5.832580642980922381e-01
-5.775136215350318292e-01 5.161470783532607909e-01 1.034465207617567994e+00
-6.751682682444858363e-01 8.510130100551512866e-01 1.400666552859396230e+00
-7.125997189065809145e-01 9.632146560142889058e-01 1.681862100023576501e+00
-6.898079735213175079e-01 8.527520162306737594e-01 1.878051849110109250e+00
-6.067930320886949502e-01 5.196250907043054035e-01 1.989235800118994479e+00
-4.635548946087173494e-01 -3.616612056480139614e-02 2.015413953050232188e+00
-2.600935610813731591e-01 -8.146216175766913814e-01 1.956586307903821709e+00
3.590968493319413035e-03 -1.815741400331293942e+00 1.812752864679767928e+00
3.274986941153840148e-01 -3.039525468828699672e+00 1.583913623378057967e+00
7.116296157821467849e-01 -4.485973823060898980e+00 1.270068584001021073e+00
1.039659318070919047e+00 -5.807623747022929273e+00 9.727483310005471395e-01
1.195265604242004454e+00 -6.657019151948051494e+00 7.934815123117580082e-01
1.178448474295415771e+00 -7.034160037836339363e+00 7.322681279346372474e-01
9.892079282311554422e-01 -6.939046404687757352e+00 7.891081778691906301e-01
6.275439660492065919e-01 -6.371678252502301021e+00 9.640016621154232634e-01
9.345658774960186044e-02 -5.332055581280019219e+00 1.256948580673319382e+00
-6.130542066677080459e-01 -3.820178391020818687e+00 1.667948933542905410e+00
-1.491988417202659178e+00 -1.836046681724833540e+00 2.197002720724144265e+00
-2.543346043855328809e+00 6.203395466081094156e-01 2.844109942217083464e+00
-3.767127086624161958e+00 3.548980293975044553e+00 3.609270598020630327e+00
-4.905969516456184287e+00 6.465816828580885911e+00 4.310390282903188819e+00
-5.702513758677709710e+00 8.886795034943601124e+00 4.765376328209234735e+00
-6.156759813288803507e+00 1.081191491306339714e+01 4.974228733938804048e+00
-6.268707680289429263e+00 1.224117646294010697e+01 4.936947500091880769e+00
-6.038357359679598524e+00 1.317457968457385853e+01 4.653532626668464012e+00
-5.465708851459327278e+00 1.361212457796456654e+01 4.123984113668575091e+00
-4.550762155628565786e+00 1.355381114311226654e+01 3.348301961092166490e+00
-3.293517272187397982e+00 1.299963938001697628e+01 2.326486168939311927e+00
-1.693974201135709734e+00 1.194960928867863181e+01 1.058536737209915923e+00
2.478670575263564047e-01 1.040372086909733440e+01 -4.555463340959073903e-01
2.149872642893255303e+00 8.813471448716173384e+00 -1.948021995512843718e+00
3.629908694059435170e+00 7.630358354978229229e+00 -3.151149197575575212e+00
4.687975211024761890e+00 6.854381587883608518e+00 -4.064927940283993735e+00
5.324072193789336715e+00 6.485541147432241971e+00 -4.689358223638183887e+00
5.538199642353094809e+00 6.523837033624161563e+00 -5.024440047638087492e+00
5.330357556716059264e+00 6.969269246459371736e+00 -5.070173412283733860e+00
4.700545936878249620e+00 7.821837785937833409e+00 -4.826558317575121215e+00
3.648764782839608589e+00 9.081542652059621190e+00 -4.293594763512226464e+00
2.175014094600227210e+00 1.074838384482462317e+01 -3.471282750095095793e+00
2.792938721599789176e-01 1.282236136423298767e+01 -2.359622277323659922e+00
-1.624462772413631573e+00 1.471636142927322588e+01 -1.197043530968278757e+00
-3.122318779467864402e+00 1.584326465976414511e+01 -2.219789706533531470e-01
-4.214274149000233116e+00 1.620307105570230277e+01 5.655714036196772820e-01
-4.900328881010841187e+00 1.579578061708773262e+01 1.165607591850883473e+00
-5.180482975499622000e+00 1.462139334392048085e+01 1.578129594040209804e+00
-5.054736432466601315e+00 1.267990923620043375e+01 1.803137410187694689e+00
-4.523089251911791564e+00 9.971328293927761877e+00 1.840631040293316811e+00
-3.585541433835144343e+00 6.495650517102227184e+00 1.690610484357079946e+00
-2.242092978236743139e+00 2.252875905724144090e+00 1.353075742378997859e+00
-4.927438851164689382e-01 -2.756995540206871098e+00 8.280268143590407970e-01
1.292129839706267935e+00 -7.581794695754975777e+00 2.394189058288911653e-01
2.742145126008573630e+00 -1.126933427469214344e+01 -2.887904134078532747e-01
3.857301973781898319e+00 -1.381961427699640232e+01 -7.566011433483273985e-01
4.637600383026344808e+00 -1.523263470266797981e+01 -1.164013283992573200e+00
5.083040353741838047e+00 -1.550839555170674444e+01 -1.511026835340553376e+00
5.193621885928422444e+00 -1.464689682411279392e+01 -1.797641797392288243e+00
4.969344979586080235e+00 -1.264813851988599502e+01 -2.023858170147785795e+00
4.410209634714832738e+00 -9.512120639026546698e+00 -2.189675953607026493e+00
3.516215851314629770e+00 -5.238843181534162952e+00 -2.295095147770025434e+00
2.287363629391966580e+00 1.716938525648727953e-01 -2.340115752636877655e+00
1.005880355982223140e+00 5.579973020149597396e+00 -2.329359418072669996e+00
-4.601196486862232926e-02 9.846498612383477678e+00 -2.267447705792666746e+00
-8.683133331606646133e-01 1.297127062926689689e+01 -2.154380615796861242e+00
-1.461023748893829577e+00 1.495428907079957170e+01 -1.990158148085264589e+00
-1.824143212068170428e+00 1.579555393698169041e+01 -1.774780302657861686e+00
-1.957671722683655524e+00 1.549506522781316065e+01 -1.508247079514671629e+00
-1.861609280740295524e+00 1.405282294329397175e+01 -1.190558478655671104e+00
-1.535955886238100421e+00 1.146882708342424628e+01 -8.217145000808885325e-01
-9.807115391770402368e-01 7.743077648203753327e+00 -4.017151437902906075e-01
-1.958762395582471783e-01 2.875574637638302899e+00 6.943959021574057366e-02
6.279641285069472723e-01 -2.168778433567453146e+00 5.310383104782854247e-01
1.300225498463791762e+00 -6.425087252684730466e+00 9.223702045234983826e-01
1.820907870312343801e+00 -9.893351819713892326e+00 1.243435272351413046e+00
2.190011244052558315e+00 -1.257357213465463630e+01 1.494233513962001991e+00
2.407535619684470163e+00 -1.446574819750720486e+01 1.674764929355286869e+00
2.473480997208056920e+00 -1.556988000827142926e+01 1.785029518531252135e+00
2.387847376623325690e+00 -1.588596756694739653e+01 1.825027281489906450e+00
2.150634757930284913e+00 -1.541401087353509425e+01 1.794758218231247815e+00
1.761843141128911716e+00 -1.415400992803446911e+01 1.694222328755272677e+00
1.221472526219241850e+00 -1.210596473044563659e+01 1.523419613061989475e+00
6.508257092111445763e-01 -9.738127122493885679e+00 1.312972514663693024e+00
1.712054861144841067e-01 -7.518748945904442316e+00 1.093503477072669483e+00
-2.173881430706965656e-01 -5.447830200677507229e+00 8.650125002889389458e-01
-5.149551783444326070e-01 -3.525370886812895233e+00 6.274995843124806516e-01
-7.214956197066971777e-01 -1.751371004310776858e+00 3.809647291433160277e-01
-8.370094671575082357e-01 -1.258305531709944525e-01 1.254079347814225365e-01
-8.614967206968567881e-01 1.351250466606307876e+00 -1.391707987731763962e-01
-7.949573803247438342e-01 2.679872055021260913e+00 -4.127714715205046958e-01
-6.373914460411755911e-01 3.860034212073745419e+00 -6.953940834605378818e-01
-3.887989178461382922e-01 4.891736937763868198e+00 -9.870386345933011008e-01
-9.397114763866366849e-02 5.805773435154429229e+00 -1.212285348465983459e+00
2.023000855173699430e-01 6.632937200976143366e+00 -1.295713729364635025e+00
5.000147816216813368e-01 7.373228235229114524e+00 -1.237323777288819038e+00
7.991729406742975605e-01 8.026646537913409318e+00 -1.037115492238531056e+00
1.099774562675191802e+00 8.593192109028967351e+00 -6.950888742137888432e-01
1.401819647624390264e+00 9.072864948575841026e+00 -2.112439232145615353e-01
1.705308195521866743e+00 9.465665056553985934e+00 4.144193607591080131e-01
2.010240206367647886e+00 9.771592432963437602e+00 1.181900977707274425e+00
2.316615680161707047e+00 9.990647077804171161e+00 2.091200927629870421e+00
2.624434616904070872e+00 1.012282899107620260e+01 3.142319210526976825e+00
2.890214937711355514e+00 1.010589969893928064e+01 4.159181713370388778e+00
3.070473734340447791e+00 9.877619540441404666e+00 4.965710964764876501e+00
3.165211006790341841e+00 9.437988515581180238e+00 5.561906964706365919e+00
3.174426755061047434e+00 8.787006624358568274e+00 5.947769713194912100e+00
3.098120979152562349e+00 7.924673866773626507e+00 6.123299210230475964e+00
2.936293679064890139e+00 6.850990242826332732e+00 6.088495455813083268e+00
2.688944854798016593e+00 5.565955752516622113e+00 5.843358449942715360e+00
2.356074506351964803e+00 4.069570395844610999e+00 5.387888192619397110e+00
1.937682633726704573e+00 2.361834172810165722e+00 4.722084683843086772e+00
1.433769236924013590e+00 4.427470834189888849e-01 3.845947923617365927e+00
9.208539672295161793e-01 -1.443540240767817950e+00 2.914424095586881869e+00
4.754550164515414235e-01 -3.052881824931486854e+00 2.082456428071278065e+00
9.757238459005014575e-02 -4.385277669072162432e+00 1.350044921070480575e+00
-2.127939283549242500e-01 -5.440727773189724559e+00 7.171895745845536796e-01
-4.556439223834093943e-01 -6.219232137284268269e+00 1.838903886134417298e-01
-6.309775974953835131e-01 -6.720790761355723397e+00 -2.498526368428079514e-01
-7.387949536908622328e-01 -6.945403645404134352e+00 -5.840395017842340275e-01
-7.790959909698362829e-01 -6.893070789429484257e+00 -8.186702062108068834e-01
-7.518807093323087720e-01 -6.563792193431765121e+00 -9.537447501225471136e-01
-6.571491087786494045e-01 -5.957567857412228385e+00 -9.892631335198966980e-01
-5.594635986819432860e-01 -5.289383595831681717e+00 -1.005064338949298808e+00
-5.233859727042098342e-01 -4.774223172899980661e+00 -1.080986587558309342e+00
-5.489162308454457184e-01 -4.412086588617077254e+00 -1.217029879346934962e+00
-6.360543731056489403e-01 -4.202973842983005248e+00 -1.413194214315163455e+00
-7.848003994848269382e-01 -4.146884935997746879e+00 -1.669479592463012585e+00
-9.951543099829668337e-01 -4.243819867661304812e+00 -1.985886013790459259e+00
-1.267116104600086945e+00 -4.493778637973688816e+00 -2.362413478297531455e+00
-1.600685783336163404e+00 -4.896761246934877576e+00 -2.799061985984196088e+00
-1.995863346191225851e+00 -5.452767694544904842e+00 -3.295831536850492238e+00
-2.452648793165238761e+00 -6.161797980803722652e+00 -3.852722130896374608e+00
-2.870225766543417656e+00 -6.819727177593122747e+00 -4.348872298840444905e+00
-3.147777908610971398e+00 -7.222430356794886208e+00 -4.663420571401293735e+00
-3.285305219367873342e+00 -7.369907518408979286e+00 -4.796366948578891787e+00
-3.282807698814138142e+00 -7.262158662435415302e+00 -4.747711430373253272e+00
-3.140285346949764911e+00 -6.899183788874201362e+00 -4.517454016784379078e+00
-2.857738163774739881e+00 -6.280982897725305492e+00 -4.105594707812249666e+00
-2.435166149289090143e+00 -5.407555988988785423e+00 -3.512133503456904560e+00
-1.872569303492777504e+00 -4.278903062664562995e+00 -2.737070403718288691e+00
-1.169947626385850148e+00 -2.895024118752734577e+00 -1.780405408596470895e+00
-3.273011179682492333e-01 -1.255919157253181151e+00 -6.421385180913672386e-01
5.025288301395687274e-01 3.639903067073905762e-01 4.810000910131834173e-01
1.166699368703839834e+00 1.690280140907240769e+00 1.392278365762768866e+00
1.665210497723637051e+00 2.722950345344691936e+00 2.091696306156189955e+00
1.998062217199005453e+00 3.462000920019836503e+00 2.579253912193510079e+00
2.165254527129915729e+00 3.907431864932607635e+00 2.854951183874685050e+00
2.166787427516380760e+00 4.059243180083044855e+00 2.918788121199739294e+00
2.002660918358402320e+00 3.917434865471135730e+00 2.770764724168667481e+00
1.672874999655964645e+00 3.482006921096864716e+00 2.410880992781455845e+00
1.177429671409097933e+00 2.752959346960275333e+00 1.839136927038137470e+00
5.163249336177579973e-01 1.730292143061299637e+00 1.055532526938660620e+00
-1.296243135385877487e-01 6.802350759904955968e-01 2.690199787354510264e-01
-5.795997210895005303e-01 -1.309770097016763613e-01 -3.114445458487816731e-01
-8.336012890308296397e-01 -7.033441140090910260e-01 -6.858610468092335433e-01
-8.916290173625976978e-01 -1.036866236931800467e+00 -8.542295241459385569e-01
-7.536829060847987094e-01 -1.131543378469773264e+00 -8.165499778588807267e-01
-4.197629551974408901e-01 -9.873755386230309572e-01 -5.728224079480728204e-01
1.101308352995054030e-01 -6.043627173915493422e-01 -1.230468144134895248e-01
8.359984654059910980e-01 1.749508522463516513e-02 5.327768027448285260e-01
1.757839935122081476e+00 8.781978692255787422e-01 1.394648443526939730e+00
2.875655244442736347e+00 1.977745634605329261e+00 2.462568107927406214e+00
3.971368180136954695e+00 3.057690678480799562e+00 3.500804953719608203e+00
4.826906688392671896e+00 3.859590227402804885e+00 4.273632634826777910e+00
5.442270769209962111e+00 4.383444281371414952e+00 4.781051151248981945e+00
5.817460422588772495e+00 4.629252840386582690e+00 5.023060502986179010e+00
5.952475648529135910e+00 4.597015904448332080e+00 4.999660690038386868e+00
5.847316447031038145e+00 4.286733473556663121e+00 4.710851712405609071e+00
5.501982818094472982e+00 3.698405547711550057e+00 4.156633570087819862e+00
4.916474761719471509e+00 2.832032126913047065e+00 3.337006263085070312e+00
4.090792277905979546e+00 1.687613211161073767e+00 2.251969791397285814e+00
3.024935366655262747e+00 2.651488004572367108e-01 9.015241550259458503e-01
1.929099509492725906e+00 -1.170733634992272121e+00 -4.707186944919299898e-01
1.013478183376765207e+00 -2.355409148648696771e+00 -1.621149128868481171e+00
2.780713883073017145e-01 -3.288877740512138992e+00 -2.549767148103806669e+00
-2.771208757156004565e-01 -3.971139410582517737e+00 -3.256572752197826048e+00
-6.520986086919906555e-01 -4.402194158859893847e+00 -3.741565941150602814e+00
-8.468618106218346320e-01 -4.582041985344227797e+00 -4.004746714962091225e+00
-8.614104815051500941e-01 -4.510682890035536019e+00 -4.046115073632315706e+00
-6.957446213419364867e-01 -4.188116872933825618e+00 -3.865671017161274037e+00
-3.498642301321781556e-01 -3.614343934039067285e+00 -3.463414545548948897e+00
1.762306921240937019e-01 -2.789364073351311646e+00 -2.839345658795376259e+00
7.560966228238367171e-01 -1.900240469967761081e+00 -2.153578166848211239e+00
1.263290039364017403e+00 -1.134036302985603761e+00 -1.566225879655097630e+00
1.697810941744590574e+00 -4.907515724049094086e-01 -1.077288797216088723e+00
2.059659329965596086e+00 2.961372177437983366e-02 -6.867669195311398855e-01
2.348835204027000412e+00 4.270595795522179605e-01 -3.946602466002867571e-01
2.565338563928829529e+00 7.015860009286395416e-01 -2.009687784235029695e-01
2.709169409671064788e+00 8.531929859036209152e-01 -1.056925150008056202e-01
2.780327741253718621e+00 8.818805344771754040e-01 -1.088314563321862716e-01
2.778813558676784368e+00 7.876486466493000105e-01 -2.103856024176449790e-01
2.704626861940262472e+00 5.704973224199870740e-01 -4.103549532571904579e-01
2.581643137330125182e+00 3.088282920637084317e-01 -6.398992840947703709e-01
2.433738098827388008e+00 8.104403355429226630e-02 -8.301777136608673446e-01
2.260911746432199720e+00 -1.128554531077957668e-01 -9.811902419550727616e-01
2.063164080144546109e+00 -2.728701679225730703e-01 -1.092936868977400611e+00
1.840495099964443160e+00 -3.990001108900251281e-01 -1.165417594727841122e+00
1.592904805891872222e+00 -4.912452820101632645e-01 -1.198632419206399735e+00
1.320393197926854834e+00 -5.496056812829792637e-01 -1.192581342413074674e+00
1.022960276069366792e+00 -5.740813087084781774e-01 -1.147264364347864385e+00
7.006060403194344088e-01 -5.646721642866580071e-01 -1.062681485010773974e+00
3.533304906770292630e-01 -5.213782480175178646e-01 -9.388327044017948930e-01
9.498685365506341627e-02 -4.527918318968175426e-01 -8.059860751959003755e-01
3.943052735730090408e-02 -3.675053518058661317e-01 -6.944102273887701182e-01
1.866615117863348328e-01 -2.655188077448666917e-01 -6.041051609811026735e-01
5.366798069421783168e-01 -1.468321997138100909e-01 -5.350708759728898256e-01
1.089485412824800825e+00 -1.144552771270684888e-02 -4.873073723641376809e-01
1.845078329434212572e+00 1.406412082584478640e-01 -4.608146501548428531e-01
2.803458556770414667e+00 3.094280081996541032e-01 -4.555927093450051757e-01
3.964626094833517467e+00 4.949148721109288829e-01 -4.716415499346272022e-01
5.328580943623316912e+00 6.971017999922395347e-01 -5.089611719237059351e-01
6.895323103131235420e+00 9.159887918424653996e-01 -5.675515753118214324e-01
8.283525803868286630e+00 1.101594667290748175e+00 -6.289169042787432495e-01
9.111869549481060204e+00 1.203939199269092875e+00 -6.745616557800703239e-01
9.380354339969409594e+00 1.223022387777480180e+00 -7.044858298157946619e-01
9.088980175333428946e+00 1.158844232815922970e+00 -7.186894263859208154e-01
8.237747055573127142e+00 1.011404734384422133e+00 -7.171724454904491175e-01
6.826654980688343421e+00 7.807038924829524662e-01 -6.999348871293770147e-01
4.855703950679332692e+00 4.667417071115554927e-01 -6.669767513027076156e-01
2.324893965545996366e+00 6.951817827021455898e-02 -6.182980380104402540e-01
-7.657749747116664452e-01 -4.109666940410707792e-01 -5.538987472525749300e-01
-4.416302869948359522e+00 -9.747129098002643710e-01 -4.737788790323149701e-01
-7.914931356902678239e+00 -1.513771126863009853e+00 -3.936327943799720064e-01
-1.054994279785239897e+01 -1.920198179753033196e+00 -3.291539563226192899e-01
-1.232133719279751460e+01 -2.193994068470333847e+00 -2.803423648602567653e-01
-1.322911454173807755e+01 -2.335158793014919354e+00 -2.471980199928821842e-01
-1.327327484467392082e+01 -2.343692353386764182e+00 -2.297209217205015142e-01
-1.245381810160516523e+01 -2.219594749585886539e+00 -2.279110700431110081e-01
-1.077074431253180720e+01 -1.962865981612286426e+00 -2.417684649607106939e-01
-8.224053477453583838e+00 -1.573506049465923651e+00 -2.712931064733039577e-01
-4.813745596370953450e+00 -1.051514953146867937e+00 -3.164849945808854703e-01
-5.398206692837206333e-01 -3.968926926550893075e-01 -3.773441292834572303e-01
3.771139020380632090e+00 2.616598362491702190e-01 -4.404573887729943404e-01
7.292551189194619532e+00 7.954417378056690691e-01 -4.924116512414721258e-01
1.002441583715845574e+01 1.204453012014438995e+00 -5.332069166888936396e-01
1.196673296427164779e+01 1.488693658875406278e+00 -5.628431851152515542e-01
1.311950257053447899e+01 1.648163678388613329e+00 -5.813204565205501995e-01
1.348272465594694935e+01 1.682863070554059925e+00 -5.886387309047894645e-01
1.305639922050898427e+01 1.592791835371732301e+00 -5.847980082679684610e-01
1.184052626422065835e+01 1.377949972841647774e+00 -5.697982886100880773e-01
9.835105787081968032e+00 1.038337482963802572e+00 -5.436395719311480912e-01
7.040137789092919540e+00 5.739543657381969144e-01 -5.063218582311488358e-01
4.059510327247830119e+00 8.429847521732351801e-02 -4.643463538706200655e-01
1.497146013911577755e+00 -3.311266411315011426e-01 -4.242146372187677317e-01
-6.469551507925355160e-01 -6.723209832879615266e-01 -3.859267082769182733e-01
-2.372793166864513470e+00 -9.392845512520586748e-01 -3.494825670450718014e-01
-3.680368034304452696e+00 -1.132017345023805799e+00 -3.148822135232253183e-01
-4.569679753112118270e+00 -1.250519364603168704e+00 -2.821256477113848748e-01
-5.040728323287651413e+00 -1.294790609990168706e+00 -2.512128696095475289e-01
-5.093513744831043688e+00 -1.264831081184804029e+00 -2.221438792177130583e-01
-4.728036017742250685e+00 -1.160640778187063571e+00 -1.949186765358792706e-01
-3.944295142021334133e+00 -9.822197009969655390e-01 -1.695372615640508840e-01
-2.949133979759966273e+00 -7.806012932716671626e-01 -1.536441464147968450e-01
-1.949399338287835848e+00 -6.068199720598206337e-01 -1.548839890090542570e-01
-9.450912176095560557e-01 -4.608757373625745890e-01 -1.732567893469992848e-01
6.379038227469502331e-02 -3.427685891799547857e-01 -2.087625474286287086e-01
1.077245461365005763e+00 -2.524985275119470685e-01 -2.614012632539434167e-01
2.095274019661375942e+00 -1.900655523585514373e-01 -3.311729368229432979e-01
3.117876057163806891e+00 -1.554696637197679476e-01 -4.180775681356285745e-01
4.145051573872388317e+00 -1.487108615955972102e-01 -5.221151571920089607e-01
5.176800569786939477e+00 -1.697891459860403907e-01 -6.432857039920661935e-01
6.213123044904004466e+00 -2.187045168907486292e-01 -7.815892085352212915e-01
7.098103472981649453e+00 -2.801941744279160540e-01 -9.111925875651560869e-01
7.675829301591628351e+00 -3.389956098267282725e-01 -1.006263250546056476e+00
7.946300530733838130e+00 -3.951088230871748763e-01 -1.066801197477905694e+00
7.909517160408342740e+00 -4.485338142092610281e-01 -1.092806428360713733e+00
7.565479190615146621e+00 -4.992705831929869498e-01 -1.084278943194481037e+00
6.914186621354172502e+00 -5.473191300383566382e-01 -1.041218741979201168e+00
5.955639452625538510e+00 -5.926794547453616557e-01 -9.636258247148827838e-01
4.689837684429202014e+00 -6.353515573140064987e-01 -8.515001914015229989e-01
3.116781316765159904e+00 -6.753354377442908341e-01 -7.048418420391221462e-01
1.236470349700175664e+00 -7.126310960357210567e-01 -5.236507766348735826e-01
-6.239627844488391251e-01 -7.448095736828348468e-01 -3.431672248747855147e-01
-2.137404371297082051e+00 -7.694420511608336399e-01 -1.986294000620193456e-01
-3.303854410844553335e+00 -7.865285284697174362e-01 -9.003730219657521405e-02
-4.123312903091312265e+00 -7.960690056094865685e-01 -1.739093127844801301e-02
-4.595779848037211401e+00 -7.980634825801395937e-01 1.930971269234910137e-02
-4.721255245682338675e+00 -7.925119593816775110e-01 2.006462971582426147e-02
-4.499739096026694973e+00 -7.794144360141002092e-01 -1.512618020802247720e-02
-3.931231399070214128e+00 -7.587709124774058012e-01 -8.626271707919913601e-02
-3.015732154812998278e+00 -7.305813887715977284e-01 -1.933449808976929196e-01
-1.753241363255011009e+00 -6.948458648966748807e-01 -3.363729716635087685e-01
-4.488028164921195051e-01 -6.574349389838893831e-01 -4.833601650273534056e-01
5.925396933798077193e-01 -6.242192091644940266e-01 -6.023200366399337202e-01
1.370786166360830283e+00 -5.951986754384865907e-01 -6.932525865012566513e-01
1.885936602450807964e+00 -5.703733378058722936e-01 -7.561578146113061560e-01
2.137991001649823364e+00 -5.497431962666479155e-01 -7.910357209700913383e-01
2.126949363957874262e+00 -5.333082508208137895e-01 -7.978863055776119761e-01
1.852811689374924686e+00 -5.210685014683691385e-01 -7.767095684338655159e-01
1.315577977901025708e+00 -5.130239482093157388e-01 -7.275055095388553994e-01
5.152482295361631159e-01 -5.091745910436527023e-01 -6.502741288925809604e-01
-5.481775557196630899e-01 -5.095204299713798068e-01 -5.450154264950424210e-01
-1.722107169102396806e+00 -5.052211675812592340e-01 -4.193995735766102295e-01
-2.853939670295295716e+00 -4.874360006071326024e-01 -2.810971802662564079e-01
-3.943675059267236715e+00 -4.561649290471909146e-01 -1.301082465655402087e-01
-4.991313336018224689e+00 -4.114079529014344483e-01 3.356722752553856215e-02
-5.996854500548343125e+00 -3.531650721698572637e-01 2.099292420069959475e-01
-6.960298552857413057e+00 -2.814362868524695749e-01 3.989777968788006390e-01
-7.881645492945528630e+00 -1.962215969492670797e-01 6.007128921409679023e-01
-8.760895320812686293e+00 -9.752100246024963948e-02 8.151345277934975986e-01
-9.598048036458962429e+00 1.466549661459326526e-02 1.042242703836410378e+00
-1.039310363988420605e+01 1.403379002752417337e-01 1.282037420269666272e+00
-1.101203969666190829e+01 2.594171708408173349e-01 1.495245579012466131e+00
-1.132083121607518628e+01 3.518238876509002244e-01 1.642593332904630943e+00
-1.131947819812097755e+01 4.175580507050383750e-01 1.724080681945271865e+00
-1.100798064279928212e+01 4.566196600032202402e-01 1.739707626134374241e+00
-1.038633855011011775e+01 4.690087155454528700e-01 1.689474165471948730e+00
-9.454551920053479108e+00 4.547252173317360979e-01 1.573380299957994666e+00
-8.212620752629371523e+00 4.137691653620700905e-01 1.391426029592512492e+00
-6.660545047837638677e+00 3.461405596364477422e-01 1.143611354375477340e+00
-4.798324805678559457e+00 2.518394001548807659e-01 8.299362743069323978e-01
-2.625960026158361327e+00 1.308656869176613169e-01 4.504007893878043123e-01
-4.229372632642481311e-01 -3.725072720040138036e-03 4.653862557164056835e-02
1.531262259729784025e+00 -1.388776204138402470e-01 -3.401172833706062049e-01
3.236638542823391695e+00 -2.745919561637150674e-01 -7.095669374388682282e-01
4.693191586016756567e+00 -4.108680799696763919e-01 -1.061810336633179919e+00
5.900921389309880638e+00 -5.477059918317244147e-01 -1.396847480953541831e+00
6.859827952702835852e+00 -6.851056917498712373e-01 -1.714678370399981056e+00
7.569911276195452565e+00 -8.230671797240924903e-01 -2.015303004972440970e+00
8.031171359787830255e+00 -9.615904557544003861e-01 -2.298721384670950663e+00
8.243608203479963592e+00 -1.100675519840794703e+00 -2.564933509495511021e+00
8.207221807279305281e+00 -1.240322371978824334e+00 -2.813939379438637811e+00
7.958479824708782679e+00 -1.358716164358283685e+00 -3.009066614410684348e+00
7.533847822677546269e+00 -1.434043297375507953e+00 -3.113644932649950459e+00
6.933325801185589832e+00 -1.466303771030497582e+00 -3.127674334156435254e+00
6.156913760232839650e+00 -1.455497585323249909e+00 -3.051154818930129853e+00
5.204611699819434278e+00 -1.401624740253766488e+00 -2.884086386971045801e+00
4.076419619945308881e+00 -1.304685235822048650e+00 -2.626469038279180879e+00
2.772337520610467010e+00 -1.164679072028095952e+00 -2.278302772854535529e+00
1.292365401814767445e+00 -9.816062488718908519e-01 -1.839587590697066455e+00
-3.634967364415251367e-01 -7.554667663534652133e-01 -1.310323491806852481e+00
-2.195248894158535968e+00 -4.862606244728050475e-01 -6.905104761838571914e-01
-4.015929804900493671e+00 -2.016434542750135395e-01 -4.426742345876552576e-02
-5.638578202231630421e+00 7.072911319480580661e-02 5.642867867377384661e-01
-7.063194086152062567e+00 3.308570779366757364e-01 1.135152154405703939e+00
-8.289777456661536092e+00 5.787404399505498009e-01 1.668328679545028947e+00
-9.318328313760188664e+00 8.143791992364519672e-01 2.163816362155766893e+00
-1.014884665744801495e+01 1.037773355794381569e+00 2.621615202237916442e+00
-1.078133248772507002e+01 1.248922909624357702e+00 3.041725199791514456e+00
-1.121578580459123842e+01 1.447827860726342397e+00 3.424146354816485882e+00
-1.145220660804658230e+01 1.634488209100354972e+00 3.768878667312868913e+00
-1.149059489809110346e+01 1.808903954746395426e+00 4.075922137280665325e+00
-1.131158400689391286e+01 1.940675354286782728e+00 4.291005250903269008e+00
-1.089580615843473055e+01 1.999400924825425641e+00 4.359853388867554358e+00
-1.024326135270958993e+01 1.985080666356117574e+00 4.282466551162441348e+00
-9.353949589718492774e+00 1.897714578878859193e+00 4.058844737787931756e+00
-8.227870869461327175e+00 1.737302662393632735e+00 3.688987948743984280e+00
-6.865025191938292082e+00 1.503844916900466622e+00 3.172896184030665978e+00
-5.265412557149300454e+00 1.197341342399350417e+00 2.510569443647949761e+00
-3.429032965094349628e+00 8.177919388902832321e-01 1.702007727595834741e+00
-1.355886415773248643e+00 3.651967063732224350e-01 7.472110358742316549e-01
9.540270908136383454e-01 -1.604443551517524824e-01 -3.538206315166911864e-01
3.177899441406123682e+00 -6.770318447992944577e-01 -1.432167580283346453e+00
4.992916365631035802e+00 -1.102464795752891913e+00 -2.318906894225393867e+00
6.399077863481140049e+00 -1.436743208010703654e+00 -3.014038573339046678e+00
7.396383934956190842e+00 -1.679867081572670839e+00 -3.517562617624182764e+00
7.984834580056327624e+00 -1.831836416438826776e+00 -3.829479027080869624e+00
8.164429798781551284e+00 -1.892651212609171241e+00 -3.949787801709110813e+00
7.935169591131860045e+00 -1.862311470083704679e+00 -3.878488941508902776e+00
7.297053957107184630e+00 -1.740817188862412435e+00 -3.615582446480215317e+00
6.250082896707632507e+00 -1.528168368945315381e+00 -3.161068316623095953e+00
4.794256409939180230e+00 -1.224365010333673176e+00 -2.514946551940212327e+00
3.193950072265328455e+00 -8.850860363742750758e-01 -1.795260102300670457e+00
1.713534416651676384e+00 -5.660093084366299987e-01 -1.120049666112459263e+00
3.530094430984840881e-01 -2.671348265207937889e-01 -4.893152433756987052e-01
-8.876248483943847134e-01 1.153740937326230842e-02 9.694316590967316793e-02
-2.008368457826929188e+00 2.700073992455384042e-01 6.387255617436563560e-01
-3.009221385199233545e+00 5.082751430960547046e-01 1.136031944126293158e+00
-3.890183630511119706e+00 7.263406409247690210e-01 1.588862313057495257e+00
-4.651255193762682261e+00 9.242038927317031138e-01 1.997216668537308504e+00
-5.292436074953920766e+00 1.101864898516857316e+00 2.361095010565733787e+00
-5.813726274068960365e+00 1.259323658275379954e+00 2.680497339132809298e+00
-6.137343806891298215e+00 1.372806646011525800e+00 2.906622088568426854e+00
-6.185511139750346388e+00 1.418541696008153608e+00 2.990670485540706025e+00
-5.958228272646104884e+00 1.396528808265262711e+00 2.932642530049648588e+00
-5.455495205578517748e+00 1.306767982782843340e+00 2.732538222095229674e+00
-4.677311938547674686e+00 1.149259219560910594e+00 2.390357561677485698e+00
-3.623678471553539282e+00 9.240025185994596990e-01 1.906100548796403116e+00
-2.294594804596116866e+00 6.309978798984906545e-01 1.279767183451983703e+00
-6.900609376752484536e-01 2.702453034579681557e-01 5.113574656441528532e-01
1.189923129208778185e+00 -1.582552107220431825e-01 -3.991286046269530985e-01
3.345357396056094501e+00 -6.545036626415728920e-01 -1.451691027361396991e+00
5.371875468080169469e+00 -1.129201286009154481e+00 -2.452437097292325952e+00
6.865110950494467623e+00 -1.493049314533321459e+00 -3.207474109152887554e+00
7.825063843299057353e+00 -1.746047748214091477e+00 -3.716802062943116436e+00
8.251734146493763689e+00 -1.888196587051420128e+00 -3.980420958662922004e+00
8.145121860078694098e+00 -1.919495831045334056e+00 -3.998330796312361102e+00
7.505226984053852135e+00 -1.839945480195833483e+00 -3.770531575891432841e+00
6.332049518419106349e+00 -1.649545534502896871e+00 -3.297023297400084374e+00
4.625589463174672566e+00 -1.348295993966558193e+00 -2.577805960838400523e+00
2.385846818320461082e+00 -9.361968585868043480e-01 -1.612879566206349313e+00
-3.871784161435245508e-01 -4.132481283636362246e-01 -4.022441135039320770e-01
-3.106465427635944021e+00 1.267536132949588779e-01 8.210504504604352327e-01
-5.184959813373716919e+00 5.900064158013129667e-01 1.823940843414602497e+00
-6.622661573236978683e+00 9.765102791362830770e-01 2.606427065310998437e+00
-7.419570707225734196e+00 1.286265203299869597e+00 3.168509116149621718e+00
-7.575687215339964808e+00 1.519271188292089292e+00 3.510186995930494547e+00
-7.091011097579644762e+00 1.675528234112900527e+00 3.631460704653553861e+00
-5.965542353944814913e+00 1.755036340762328617e+00 3.532330242318842295e+00
-4.199280984435476149e+00 1.757795508240371785e+00 3.212795608926358071e+00
-1.792226989051389552e+00 1.683805736547021592e+00 2.672856804476044346e+00
1.255619632207021219e+00 1.533067025682290252e+00 1.912513828967996599e+00
4.362273455205309070e+00 1.323058718014984425e+00 1.095491428685136048e+00
6.945737955251688689e+00 1.071260489307897412e+00 3.855174727307326688e-01
9.006013132333082538e+00 7.776723395613985845e-01 -2.174080388915393403e-01
1.054309898644912913e+01 4.422942687755401225e-01 -7.132851061815730365e-01
1.155699551760003452e+01 6.512627695029771235e-02 -1.102113729139426512e+00
1.204770272578579693e+01 -3.538316359143285350e-01 -1.383893907765099796e+00
1.201522061100641636e+01 -8.145794698183385085e-01 -1.558625642058592886e+00
1.145954917326182176e+01 -1.317117224761778838e+00 -1.626308932019907338e+00
1.038068841255210906e+01 -1.861444900744560149e+00 -1.586943777649030718e+00
8.778638328884760256e+00 -2.447562497764562917e+00 -1.440530178947247331e+00
6.983491488824423499e+00 -2.980347250247125324e+00 -1.243073809670387497e+00
5.325334163002132470e+00 -3.364678206916583036e+00 -1.050579275364823761e+00
3.804166351418181158e+00 -3.600555367772869442e+00 -8.630465760305898737e-01
2.419988054072417238e+00 -3.687978732816023175e+00 -6.804757116676687367e-01
1.172799270964841600e+00 -3.626948302046047790e+00 -5.028666822760603505e-01
6.260000209535965254e-02 -3.417464075462914419e+00 -3.302194878557495605e-01
-9.106097525358307632e-01 -3.059526053066661699e+00 -1.625341284067670089e-01
-1.746829992928833564e+00 -2.553134234857279417e+00 1.893960709027364686e-04
-2.446060719083649637e+00 -1.898288620834764462e+00 1.579510855772598421e-01
-3.008301930995764373e+00 -1.094989211030807041e+00 3.107509401090915446e-01
-3.411277278802316015e+00 -2.984779511532196228e-01 4.428240436364749288e-01
-3.632711687253425303e+00 3.360120957563677568e-01 5.384063821697758767e-01
-3.672605156349091793e+00 8.084809296979544868e-01 5.974979557089942217e-01
-3.530957686089295944e+00 1.118928550671562272e+00 6.200987642541306855e-01
-3.207769276474060849e+00 1.267354958677134658e+00 6.062088078051809381e-01
-2.703039927503384732e+00 1.253760153714706505e+00 5.558280863621487544e-01
-2.016769639177264928e+00 1.078144135784278257e+00 4.689565999250340789e-01
-1.148958411495617948e+00 7.405069048858128333e-01 3.455943484938242549e-01
-9.960624445859789233e-02 2.408484610193695197e-01 1.857413320685415425e-01
1.131286861933865406e+00 -4.208311958150736665e-01 -1.060244935082377271e-02
2.274861297966757956e+00 -1.080484296302656189e+00 -1.964582180612788886e-01
3.062257453925066208e+00 -1.574063071128517510e+00 -3.248471963598310031e-01
3.493475329808813257e+00 -1.901567520292679170e+00 -3.957693842464841127e-01
3.568514925617922273e+00 -2.062997643795083214e+00 -4.092247817212253391e-01
3.287376241352447881e+00 -2.058353441635765613e+00 -3.652133887840636195e-01
2.650059277012389636e+00 -1.887634913814726811e+00 -2.637352054349992314e-01
1.656564032597642289e+00 -1.550842060331928618e+00 -1.047902316740149109e-01
3.068905081083848074e-01 -1.047974881187432983e+00 1.116215324988604207e-01
-1.398961296455457415e+00 -3.790333763812148149e-01 3.855000870836388094e-01
-3.460991381093883046e+00 4.559824540867238873e-01 7.168454320803202551e-01
-5.513631706189572768e+00 1.303626444451776001e+00 1.045456054361851628e+00
-7.191293313779562268e+00 2.010443648532049821e+00 1.311126995981277021e+00
-8.493976203789234347e+00 2.576434066296225733e+00 1.513858256926307266e+00
-9.421680376218592556e+00 3.001597697744304849e+00 1.653649837196944361e+00
-9.974405831067668871e+00 3.285934542876305375e+00 1.730501736793190970e+00
-1.015215256833636559e+01 3.429444601692175354e+00 1.744413955715033104e+00
-9.954920588024748440e+00 3.432127874191948980e+00 1.695386493962481644e+00
-9.382709890132815644e+00 3.293984360375624476e+00 1.583419351535535702e+00
-8.435520474660469503e+00 3.015014060243171201e+00 1.408512528434177513e+00
-7.113352341607874330e+00 2.595216973794638893e+00 1.170666024658437276e+00
-5.634358693335633994e+00 2.105624192028212605e+00 9.097687234987678062e-01
-4.216696893171326010e+00 1.617268160760711559e+00 6.657102690702354497e-01
-2.860366941119793616e+00 1.130148879993707167e+00 4.384906613737278858e-01
-1.565368837181276174e+00 6.442663497272856921e-01 2.281099004092853599e-01
-3.317025813556511160e-01 1.596205699614038354e-01 3.456798617688697228e-02
8.406318263570817795e-01 -3.237884593039382919e-01 -1.421350813234672772e-01
1.951634385956921847e+00 -8.059607380687405787e-01 -3.019993020917773330e-01
3.001305097443960346e+00 -1.286896266333045880e+00 -4.450246761280551855e-01
3.989643960818010093e+00 -1.766595044096768596e+00 -5.712112034322753829e-01
4.916650976077739266e+00 -2.245057071359090273e+00 -6.805588840043308441e-01
5.719514832002190019e+00 -2.684391663895854041e+00 -7.677609661812834219e-01
6.335425415385421033e+00 -3.046708860180902256e+00 -8.275107995171269160e-01
6.764382726227323062e+00 -3.332008660214170082e+00 -8.598083840118510013e-01
7.006386764527959166e+00 -3.540291063995691712e+00 -8.646537196654618951e-01
7.061437530287329345e+00 -3.671556071525469811e+00 -8.420468064779598194e-01
6.929535023505414948e+00 -3.725803682803502603e+00 -7.919876444493388901e-01
6.610679244182235514e+00 -3.703033897829782539e+00 -7.144762335796079888e-01
6.104870192317793709e+00 -3.603246716604318500e+00 -6.095125738687644512e-01
5.412107867912084203e+00 -3.426442139127108266e+00 -4.770966653168075000e-01
4.532392270983316429e+00 -3.172620165400586334e+00 -3.172285079277906705e-01
3.555124463481368569e+00 -2.853798911469239030e+00 -1.497914165582075463e-01
2.569700391987316479e+00 -2.481995805722423398e+00 5.332431623139531618e-03
1.576120056501158828e+00 -2.057210848160139438e+00 1.481430366162504175e-01
5.743834570228065761e-01 -1.579444038782341853e+00 2.786403984211364704e-01
-4.355094064475615312e-01 -1.048695377589115685e+00 3.968245170377741604e-01
-1.453558533910035200e+00 -4.649648645804209668e-01 5.026953924661757833e-01
-2.479763925364613986e+00 1.717475002437429676e-01 5.962530247063413391e-01
-3.514125580811390037e+00 8.614417168834385130e-01 6.774974137582775446e-01
-4.556643500250178391e+00 1.604117785338543989e+00 7.464285596219697450e-01
-5.607317683681073639e+00 2.399775705609118237e+00 8.030464622974260447e-01
-6.536954615674688718e+00 3.140384211621725541e+00 8.433977178314481238e-01
-7.216360780801641006e+00 3.717912037302928407e+00 8.635289222708375512e-01
-7.645536179061956261e+00 4.132359182652759699e+00 8.634400756155937717e-01
-7.824480810455559876e+00 4.383725647671143477e+00 8.431311778657166744e-01
-7.753194674982499812e+00 4.472011432358123706e+00 8.026022290212070365e-01
-7.431677772642776958e+00 4.397216536713702162e+00 7.418532290820648578e-01
-6.859930103436326476e+00 4.159340960737847759e+00 6.608841780482823669e-01
-6.037951667363254060e+00 3.758384704430605350e+00 5.596950759198735526e-01
-4.965742464423519742e+00 3.194347767791959392e+00 4.382859226968325306e-01
-3.643302494617120413e+00 2.467230150821910772e+00 2.966567183791589679e-01
-2.212048653636390139e+00 1.643349134767875475e+00 1.520326205781060702e-01
-8.134059292584365775e-01 7.890257956506276926e-01 2.163977255401693112e-02
5.526256784879270967e-01 -9.573986651633237255e-02 -9.452182568959678621e-02
1.886046169602703992e+00 -1.010947851733005720e+00 -1.964521741527354426e-01
3.186855544086006020e+00 -1.956598159999476838e+00 -2.841512728354059769e-01
4.455053801937601143e+00 -2.932690791315578416e+00 -3.576191217375928044e-01
5.690640943157609932e+00 -3.939225745681393054e+00 -4.168557208593044461e-01
6.893616967746027946e+00 -4.976203023096919864e+00 -4.618610702005407909e-01
8.063981875702960878e+00 -6.043622623562256102e+00 -4.926351697613040592e-01
9.201735667028200893e+00 -7.141484547077212142e+00 -5.091780195415887000e-01
1.013376792891743960e+01 -8.086686523292007323e+00 -5.114295157113915025e-01
1.068696494672751385e+01 -8.696122789437318090e+00 -4.993295532943097248e-01
1.086132672045448011e+01 -8.969793345508982441e+00 -4.728781322903387596e-01
1.065685325009830997e+01 -8.907698191506961294e+00 -4.320752526994835474e-01
1.007354453565903540e+01 -8.509837327431288401e+00 -3.769209145217422563e-01
9.111400577136654633e+00 -7.776210753281962873e+00 -3.074151177571148863e-01
7.770421374531172098e+00 -6.706818469058990928e+00 -2.235578624056014374e-01
6.050606927842413718e+00 -5.301660474762227793e+00 -1.253491484671926393e-01
3.951957237070688578e+00 -3.560736770391922601e+00 -1.278897594190575582e-02
1.474472302224669296e+00 -1.484047355956065628e+00 1.141226551698864833e-01
-9.942973215894076455e-01 5.722306315699116075e-01 2.386456818378866751e-01
-3.066808471108728451e+00 2.251926848661357283e+00 3.440403603189812198e-01
-4.743061146332927080e+00 3.555041295317974637e+00 4.303066906131514102e-01
-6.023055347262206816e+00 4.481573971539926760e+00 4.974446727204073215e-01
-6.906791073896563660e+00 5.031524877327215428e+00 5.454543066407491203e-01
-7.394268326236025146e+00 5.204894012679837978e+00 5.743355923741785274e-01
-7.485487104280506010e+00 5.001681377597763323e+00 5.840885299206900472e-01
-7.180447408030066647e+00 4.421886972081026990e+00 5.747131192802876765e-01
-6.479149237484705282e+00 3.465510796129625426e+00 5.462093604529710822e-01
-5.381592592713017709e+00 2.132552849806036210e+00 4.985772534436172521e-01
-4.223548924879564126e+00 7.289877580969514881e-01 4.556751437011716255e-01
-3.340770472907827582e+00 -4.392273613310754277e-01 4.413600115427898651e-01
-2.733257236797808076e+00 -1.372092508478043760e+00 4.556318569684720821e-01
-2.401009216549487402e+00 -2.069607683344007576e+00 4.984906799782232723e-01
-2.344026412162926398e+00 -2.531772885928839756e+00 5.699364805720359417e-01
-2.562308823638081545e+00 -2.758588116232614240e+00 6.699692587499124219e-01
-3.055856450974952843e+00 -2.750053374255331917e+00 7.985890145118529349e-01
-3.824669294173622003e+00 -2.506168659996959480e+00 9.557957478578726906e-01
-4.868747353233951358e+00 -2.026933973457540894e+00 1.141589458787943379e+00
-6.188090628155997308e+00 -1.312349314637064168e+00 1.355970147302078432e+00
-7.487893517430515011e+00 -4.822646943367619454e-01 1.549560256085592780e+00
-8.473350419548259183e+00 3.434698766421332428e-01 1.672982227823802237e+00
-9.144461334509276895e+00 1.164854398299695060e+00 1.726236062516708802e+00
-9.501226262313448245e+00 1.981888870635777344e+00 1.709321760164302262e+00
-9.543645202960844287e+00 2.794573293650452595e+00 1.622239320766591497e+00
-9.271718156451468573e+00 3.602907667343720810e+00 1.464988744323575620e+00
-8.685445122785251826e+00 4.406891991715654378e+00 1.237570030835231538e+00
-7.784826101962302403e+00 5.206526266766109856e+00 9.399831803016001075e-01
-6.569861093982577671e+00 6.001810492495158300e+00 5.722281927226637865e-01
-5.040550098846081184e+00 6.792744668902800598e+00 1.343050680984225753e-01
-3.460341886287372937e+00 7.471934338714558699e+00 -3.001631275850895619e-01
-2.092700300970546934e+00 7.931978899385741855e+00 -6.575491155207561222e-01
-9.376253429493697222e-01 8.172878350894444921e+00 -9.378528956935529015e-01
4.882987776162625582e-03 8.194632693240668786e+00 -1.141074468103480344e+00
7.348246912061028313e-01 7.997241926424384140e+00 -1.267213832750546221e+00
1.252199767340321790e+00 7.580706050445626509e+00 -1.316270989634727329e+00
1.557008216178895399e+00 6.945025065304389678e+00 -1.288245938756039877e+00
1.649250037721821549e+00 6.090198971000670980e+00 -1.183138680114482089e+00
1.528925231969081810e+00 5.016227767534367388e+00 -1.000949213710035313e+00
1.196033798920696167e+00 3.723111454905670747e+00 -7.416775395427317452e-01
7.752193514231653371e-01 2.422179945678854196e+00 -4.603001718505063677e-01
3.911278797253991413e-01 1.324767183240493251e+00 -2.117946734713453960e-01
4.375938383020221145e-02 4.308731675953210161e-01 3.838955593518680182e-03
-2.668861362623643485e-01 -2.595021012565027485e-01 1.866007153440475963e-01
-5.408086805523326657e-01 -7.463586233150669713e-01 3.364906057802620198e-01
-7.780082490397026707e-01 -1.029696398580371763e+00 4.535086269021618155e-01
-9.784848417244744745e-01 -1.109515427052417014e+00 5.376547787097470943e-01
-1.142238458606660956e+00 -9.858157087311822941e-01 5.889290612030209093e-01
-1.269269099686233027e+00 -6.585972436166904753e-01 6.073314743819741013e-01
-1.359576764963133400e+00 -1.278600317124562180e-01 5.928620182469054312e-01
-1.409936360446164993e+00 4.516881529038246357e-01 5.583889713182196290e-01
-1.417122853657107440e+00 9.253424869324029522e-01 5.167803666766030979e-01
-1.381136244595960516e+00 1.293102970373195992e+00 4.680362043220629431e-01
-1.301976533262725777e+00 1.554969603226249220e+00 4.121564842545958340e-01
-1.179643719657403889e+00 1.710942385491563966e+00 3.491412064742018817e-01
-1.014137803779977975e+00 1.761021317169138678e+00 2.789903709808744248e-01
-8.054587856304775695e-01 1.705206398258964473e+00 2.017039777746259255e-01
-5.536066652088899032e-01 1.543497628761052232e+00 1.172820268554505552e-01
-2.585814425152145324e-01 1.275895008675399733e+00 2.572451822334825833e-02
7.961688243885395311e-02 9.023985380197956374e-01 -7.296854811890690629e-02
4.036846860445715834e-01 5.101187820896443403e-01 -1.651959103735002043e-01
6.563216235039494029e-01 1.861613218697930339e-01 -2.373570849824724605e-01
8.375276948169870783e-01 -6.947384263975855956e-02 -2.894520719458237301e-01
9.473028999836919928e-01 -2.567867114390243177e-01 -3.214808712635561228e-01
9.856472390040442733e-01 -3.757772845279703233e-01 -3.334434829356638375e-01
9.525607118780563543e-01 -4.264455619066165881e-01 -3.253399069621504269e-01
8.480433186057290129e-01 -4.087915435749633342e-01 -2.971701433430161687e-01
6.720950591870430424e-01 -3.228152295329995702e-01 -2.489341920782557616e-01
4.247159336220296399e-01 -1.685166197807407285e-01 -1.806320531678777819e-01
1.059059419106765931e-01 5.410428568181802067e-02 -9.226372661187884350e-02
-1.944874543092790786e-01 2.733030082026552399e-01 -8.644995591927035969e-03
-3.866167934000999673e-01 4.173350691297496029e-01 4.540835671030952342e-02
-4.704820753617889872e-01 4.862004684631041074e-01 6.989633029483176274e-02
-4.460833001943310672e-01 4.798992062027064298e-01 6.481892516163526019e-02
-3.134204678977383640e-01 3.984312823485660071e-01 3.017614131072354766e-02
-7.249357847201132188e-02 2.417966969006830613e-01 -3.403202125790344423e-02
2.766973680828865856e-01 9.995449859032889961e-03 -1.278055625442553467e-01
7.341523717668927418e-01 -2.969724587763421519e-01 -2.511444825483152843e-01
1.299871432580033570e+00 -6.791070290054602721e-01 -4.040487812700906400e-01
1.973854550522309292e+00 -1.136408260828321026e+00 -5.865184587095811919e-01
2.566536196810496051e+00 -1.542661870833673676e+00 -7.467679896727573707e-01
2.888339995440667440e+00 -1.771646353441779009e+00 -8.330088857210350417e-01
2.939265946374096217e+00 -1.823361708626852984e+00 -8.452411468438346676e-01
2.719314049610781936e+00 -1.697807936388894490e+00 -7.834647730411559152e-01
2.228484305150670863e+00 -1.394985036727871108e+00 -6.476797643129840187e-01
1.466776712993847376e+00 -9.148930096438334658e-01 -4.378861206593425148e-01
4.341912731402817194e-01 -2.575318551367646869e-01 -1.540838420802227438e-01
-8.692720144100269941e-01 5.770984267933361167e-01 2.037270714243750724e-01
-2.443613149657229755e+00 1.588997836146566200e+00 6.355466198544927892e-01
-4.288832132601047675e+00 2.778166372922746152e+00 1.141374803210053690e+00
-6.071307836367238586e+00 3.929529217049405609e+00 1.629386737768921734e+00
-7.457412770725524886e+00 4.828007446202915887e+00 2.007755788377827866e+00
-8.447146935668392587e+00 5.473601060378431526e+00 2.276481955034703741e+00
-9.040510331195667604e+00 5.866310059575841507e+00 2.435565237739503175e+00
-9.237502957307448526e+00 6.006134443795210665e+00 2.485005636492251480e+00
-9.038124814003740681e+00 5.893074213036538112e+00 2.424803151292950876e+00
-8.442375901284544071e+00 5.527129367299829177e+00 2.254957782141601363e+00
-7.450256219149858694e+00 4.908299906585080308e+00 1.975469529038203387e+00
-6.061765767599682775e+00 4.036585830892291504e+00 1.586338391982755169e+00
-4.276904546633666371e+00 2.911987140221240722e+00 1.087564370975159456e+00
-2.517393758500503065e+00 1.784992969260983608e+00 5.812200101474083169e-01
-1.204986780989321771e+00 9.061115639599172100e-01 1.693856413339815126e-01
-3.396836142535464287e-01 2.753429244091709083e-01 -1.479387354279863565e-01
7.851574170681940856e-02 -1.073129493912534649e-01 -3.707531201384945962e-01
4.961128689177529694e-02 -2.418560574413552988e-01 -4.990575127975432901e-01
-4.263969786986754329e-01 -1.282863997411365364e-01 -5.328519134051326045e-01
-1.349509055064535890e+00 2.333960237094045986e-01 -4.721363219612625395e-01
-2.719724942206087626e+00 8.431912129103964482e-01 -3.169107384658972348e-01
-4.537044640122842587e+00 1.701099167861623629e+00 -6.717516291909164661e-02
-6.801468148815007275e+00 2.807119888563172960e+00 2.770704046791732100e-01
-8.995562624402509755e+00 3.889804769321941080e+00 6.257098099631376309e-01
-1.060187548427349746e+01 4.677694849378882580e+00 8.886234608675970259e-01
-1.162040672838091382e+01 5.170790128709306543e+00 1.065811357384354841e+00
-1.205115635672475882e+01 5.369090607313218300e+00 1.157273499513411519e+00
-1.189412436930502892e+01 5.272596285190614296e+00 1.163009887254767172e+00
-1.114931076612154470e+01 4.881307162341398609e+00 1.083020520608399595e+00
-9.816715547174567291e+00 4.195223238765713347e+00 9.173053995743376543e-01
-7.896338712464016751e+00 3.214344514463511437e+00 6.658645241525742442e-01
-5.388180261989891306e+00 1.938670989434794212e+00 3.286978943431094757e-01
-2.292240195752197174e+00 3.682026636795630026e-01 -9.419448985405631802e-02
8.570275898061948672e-01 -1.222375884111639222e+00 -5.229161400253122816e-01
3.525169198242410484e+00 -2.558380075248269936e+00 -8.775705677570483365e-01
5.712184629556448456e+00 -3.639809909730327586e+00 -1.158157773049263817e+00
7.418073883748305342e+00 -4.466665387557812394e+00 -1.364677755901958722e+00
8.642836960818160108e+00 -5.038946508730803409e+00 -1.497130516315150484e+00
9.386473860765578436e+00 -5.356653273249097680e+00 -1.555516054288791583e+00
9.648984583590817010e+00 -5.419785681112819553e+00 -1.539834369822911997e+00
9.430369129293877606e+00 -5.228343732321969917e+00 -1.450085462917512391e+00
8.730627497874760223e+00 -4.782327426876546994e+00 -1.286269333572592322e+00
7.549759689360865167e+00 -4.081736764791360272e+00 -1.048385981792455901e+00
6.189043784387340708e+00 -3.289420029361123987e+00 -7.837601944673607823e-01
4.949746371044079218e+00 -2.568219291874476617e+00 -5.397149532375647984e-01
3.831867449330892850e+00 -1.918134552331309362e+00 -3.162502581030300353e-01
2.835407019248177729e+00 -1.339165810731853146e+00 -1.133661090638359709e-01
1.960365080795726911e+00 -8.313130670759865115e-01 6.893749388005895873e-02
1.206741633973537953e+00 -3.945763213637091260e-01 2.306605507286547674e-01
5.745366787816112986e-01 -2.895557359502098915e-02 3.718030614819515245e-01
6.375021521994794771e-02 2.655491762300777880e-01 4.923650261399491468e-01
-3.256177567114527660e-01 4.889379281115872056e-01 5.923464447026476343e-01
-5.935672370050291136e-01 6.412106820459611001e-01 6.717473171654565478e-01
-7.193118498126831462e-01 7.126192252603609223e-01 7.179490660356979692e-01
-6.820668050777025648e-01 6.934160886725191375e-01 7.183340764912364840e-01
-4.818321028001243400e-01 5.836012722824566179e-01 6.729023485320843045e-01
-1.186077429799481386e-01 3.831747760901731414e-01 5.816538821582415419e-01
4.076062743828254842e-01 9.213660009566904119e-02 4.445886773697081407e-01
1.096809949288197306e+00 -2.895132557010560159e-01 2.617067341664841562e-01
1.949003281736166437e+00 -7.617747913000014748e-01 3.300805254856975512e-02
2.964186271726733324e+00 -1.324648006701167890e+00 -2.415073674840353402e-01
4.142358919259898187e+00 -1.978132901904555707e+00 -5.618395259313311296e-01
5.483521224335913935e+00 -2.722229476910303703e+00 -9.279884227933865581e-01
6.764654147509826743e+00 -3.435018511755746129e+00 -1.281676464316694020e+00
7.762721633929368537e+00 -3.994571484558561814e+00 -1.564621610414393515e+00
8.477723683513399777e+00 -4.400888395274392906e+00 -1.776823861065282451e+00
8.909660296261929346e+00 -4.653969243903245179e+00 -1.918283216269362379e+00
9.058531472174950139e+00 -4.753814030445115080e+00 -1.988999676026632191e+00
8.924337211252460378e+00 -4.700422754900001721e+00 -1.988973240337091442e+00
8.507077513494467169e+00 -4.493795417267907766e+00 -1.918203909200741686e+00
7.806752378900815970e+00 -4.133932017548754168e+00 -1.776691682617550061e+00
6.823361807471756357e+00 -3.620832555742668379e+00 -1.564436560587567637e+00
5.556905799207188856e+00 -2.954497031849600219e+00 -1.281438543110775097e+00
4.247974627860978458e+00 -2.264613123584481080e+00 -9.861105062455893799e-01
3.137167745086958615e+00 -1.680873455913496795e+00 -7.368675543513678594e-01
2.224485150907010933e+00 -1.203278028848440595e+00 -5.337096874334230634e-01
1.509926845321134969e+00 -8.318268423893133701e-01 -3.766369054917552139e-01
9.934928283293315010e-01 -5.665198965361152306e-01 -2.656492085263643665e-01
6.751830999315615589e-01 -4.073571912888270807e-01 -2.007465965372429439e-01
5.549976601279376087e-01 -3.543387266475053754e-01 -1.819290695244140110e-01
6.329365089183858206e-01 -4.074645026121126445e-01 -2.091966274878620524e-01
9.089996463029066387e-01 -5.667345191826489437e-01 -2.825492704275869849e-01
1.383187072281498953e+00 -8.321487763591137732e-01 -4.019869983435888083e-01
1.839505520287180840e+00 -1.083985333887562019e+00 -5.138293601771766195e-01
2.061961723752968823e+00 -1.202522251514048790e+00 -5.643959048696600700e-01
2.050555682678863789e+00 -1.187759529238573641e+00 -5.536866324210385493e-01
1.805287397064863963e+00 -1.039697167061135907e+00 -4.817015428313124459e-01
1.326156866910864984e+00 -7.583351649816755247e-01 -3.484406361004526165e-01
6.131640922170369379e-01 -3.436735230002907482e-01 -1.539039122285063010e-01
-3.336909270166859010e-01 2.042877588830558366e-01 1.019086287845447636e-01
-1.514408190790301756e+00 8.855486806683645629e-01 4.189969869387003554e-01
-2.928987699103811071e+00 1.700109242355634764e+00 7.973611622339605853e-01
-4.577429451926994908e+00 2.647969443927543853e+00 1.237001154662349167e+00
-6.127458031763374890e+00 3.538653703869099942e+00 1.650211232406215700e+00
-7.246810696085272951e+00 4.181693706541527611e+00 1.949289009268308392e+00
-7.935487444892777908e+00 4.577089451944877929e+00 2.134234485248650337e+00
-8.193488278185638407e+00 4.724840940079007012e+00 2.205047660347174254e+00
-8.020813195964024089e+00 4.624948170944010784e+00 2.161728534563926107e+00
-7.417462198227926962e+00 4.277411144539886578e+00 2.004277107898903232e+00
-6.383435284977350577e+00 3.682229860866633953e+00 1.732693380352107404e+00
-4.918732456212296711e+00 2.839404319924256903e+00 1.346977351923538180e+00
-3.023353711932760923e+00 1.748934521712750989e+00 8.471290226131953371e-01
-6.972990522946713732e-01 4.108204663220750841e-01 2.331483924619519033e-01
1.630812124329783508e+00 -9.276537582586327213e-01 -3.826075748363508278e-01
3.532393118916880681e+00 -2.019222929328636784e+00 -8.877904872939617054e-01
5.007443931467069120e+00 -2.863887046888193844e+00 -1.282400344910999745e+00
6.055964561980347050e+00 -3.461646110937307785e+00 -1.566437147687464559e+00
6.677955010456722462e+00 -3.812500121475976833e+00 -1.739900895623357258e+00
6.873415276896185588e+00 -3.916449078504200543e+00 -1.802791588718676730e+00
6.642345361298743533e+00 -3.773492982021978914e+00 -1.755109226973424086e+00
5.984745263664393633e+00 -3.383631832029314168e+00 -1.596853810387597772e+00
4.900614983993133222e+00 -2.746865628526202308e+00 -1.328025338961198898e+00
3.389954522284659877e+00 -1.863194371512467695e+00 -9.486238126941500814e-01
1.727516743993026349e+00 -8.923006492108609411e-01 -5.235550423247699037e-01
1.880754770513146656e-01 6.120767051240302847e-03 -1.177297906296060626e-01
-1.228369278440515355e+00 8.320698772157402168e-01 2.688519423677273590e-01
-2.521817522482467044e+00 1.585546681282641313e+00 6.361901566672313324e-01
-3.692269255074537071e+00 2.266551179251942383e+00 9.842848522689049418e-01
-4.739724476216725435e+00 2.875083371123642095e+00 1.313136029172748298e+00
-5.664183185909035245e+00 3.411143256897743115e+00 1.622743687378762178e+00
-6.465645384151596176e+00 3.874730836574319603e+00 1.913107826886995655e+00
-7.144111070944122233e+00 4.265846110153206361e+00 2.184228447697345921e+00
-7.699580246286767071e+00 4.584489077634493093e+00 2.436105549809865600e+00
-8.109638581109241073e+00 4.817850339718376063e+00 2.647298972129064065e+00
-8.351870891292261234e+00 4.953120008459420021e+00 2.796367735672461663e+00
-8.426277176833790961e+00 4.990298083856461453e+00 2.883311840438108842e+00
-8.332857437733832029e+00 4.929384565909501248e+00 2.908131286426006490e+00
-8.071611673992380886e+00 4.770379454618537629e+00 2.870826073636153275e+00
-7.642539885609347827e+00 4.513282749983516418e+00 2.771396202068526549e+00
-7.045642072584885618e+00 4.158094452004530872e+00 2.609841671723162282e+00
-6.280918234918932974e+00 3.704814560681542357e+00 2.386162482600047596e+00
-5.348368372611489008e+00 3.153443076014550428e+00 2.100358634699182048e+00
-4.247992485662555495e+00 2.503979998003556418e+00 1.752430128020567635e+00
-3.204233285515351692e+00 1.852098146423062142e+00 1.435608885060116746e+00
-2.441533483613099520e+00 1.293470341047570304e+00 1.243126828313744658e+00
-1.959893079955800310e+00 8.280965818770812392e-01 1.174983957781450705e+00
-1.759312074543452953e+00 4.559768689115945017e-01 1.231180273463235331e+00
-1.839790467376096750e+00 1.771112021510695134e-01 1.411715775359142055e+00
-2.201328258453703945e+00 -8.500418404395249095e-03 1.716590463469106265e+00
-2.843925447776262327e+00 -1.008579927548574617e-01 2.145804337793148608e+00
-3.767582035343773228e+00 -9.996152090031706905e-02 2.699357398331270197e+00
-4.972298021156235315e+00 -5.811002840774071032e-03 3.377249645083469698e+00
-6.458073405179125537e+00 1.815935614149186417e-01 4.179481078032765140e+00
-7.845291783781886075e+00 3.649111708864693493e-01 4.919313291973319124e+00
-8.754351234170703933e+00 4.468045377606936208e-01 5.410015005017289269e+00
-9.185251756345607532e+00 4.272736620375791605e-01 5.651586217164696002e+00
-9.137993350306446771e+00 3.063185437171326297e-01 5.644026928415452282e+00
-8.612576016053344219e+00 8.393918279935985716e-02 5.387337138769629163e+00
-7.608999753586296322e+00 -2.398644207157389907e-01 4.881516848227219540e+00
-6.127264562905300416e+00 -6.650922668281648020e-01 4.126566056788226078e+00
-4.167370444010365382e+00 -1.191744355537916578e+00 3.122484764452650996e+00
-1.729317396901481452e+00 -1.819820686844994873e+00 1.869272971220491630e+00
1.186894578203938178e+00 -2.549321260698968583e+00 3.669306772037267961e-01
3.983637691520021118e+00 -3.241617524996089017e+00 -1.076723586955356415e+00
6.063329746249759289e+00 -3.758091503596655780e+00 -2.153894774072034668e+00
7.425970742393708690e+00 -4.098743196500806540e+00 -2.864582884146596786e+00
8.071560679951870654e+00 -4.263572603708541742e+00 -3.208787917179041660e+00
8.000099558924251397e+00 -4.252579725219861828e+00 -3.186509873169371065e+00
7.211587379310842927e+00 -4.065764561034765912e+00 -2.797748752117585891e+00
5.706024141111649683e+00 -3.703127111153256656e+00 -2.042504554023684360e+00
3.483409844326669891e+00 -3.164667375575331398e+00 -9.207772788876660286e-01
5.437444889559035488e-01 -2.450385354300989693e+00 5.674330732904682151e-01
-3.112971925001362550e+00 -1.560281047330059012e+00 2.422126502511081192e+00
-6.667148195020920376e+00 -6.744911248621859867e-01 4.213353178400597088e+00
-9.299130587243439550e+00 2.683399923855500635e-02 5.511130467235584973e+00
-1.100891910137073815e+01 5.436943249066271688e-01 6.315458368859618865e+00
-1.179651373740282949e+01 8.760898521420321661e-01 6.626336883272706757e+00
-1.166191449533969759e+01 1.024020580944768888e+00 6.443766010474842432e+00
-1.060512137518134956e+01 9.874865113148367790e-01 5.767745750466026777e+00
-8.626134376927790726e+00 7.664876432522378380e-01 4.598276103246266011e+00
-5.724953500578413568e+00 3.610239767568814706e-01 2.935357068815212855e+00
-1.901578746134255482e+00 -2.289044881710868840e-01 7.789886471734597251e-01
2.843989886405122292e+00 -1.003297751531723847e+00 -1.870829161679243846e+00
7.528524545505142385e+00 -1.792096838346987075e+00 -4.465567041180815266e+00
1.116875987201827591e+01 -2.425236286326454938e+00 -6.456674749786963652e+00
1.376469586585509930e+01 -2.902716095454660028e+00 -7.844152287447801797e+00
1.531633252701561254e+01 -3.224536265731603901e+00 -8.627999654163332366e+00
1.582366985549981919e+01 -3.390696797157286113e+00 -8.808216849933549142e+00
1.528670785130752385e+01 -3.401197689731693785e+00 -8.384803874758329556e+00
1.370544651443892192e+01 -3.256038943454824253e+00 -7.357760728637820158e+00
1.107988584489400985e+01 -2.955220558326692171e+00 -5.727087411571999631e+00
7.410025842672784080e+00 -2.498742534347297539e+00 -3.492783923560867976e+00
2.695866507775253496e+00 -1.886604871516642135e+00 -6.548502646044287445e-01
-2.069495081043177365e+00 -1.244544254688640050e+00 2.219217889100582930e+00
-5.892961845027101297e+00 -6.982973687172078225e-01 4.561924861357429251e+00
-8.774533784176510309e+00 -2.478642136023457287e-01 6.373270652166109329e+00
-1.071421089849141239e+01 1.067552106559466057e-01 7.653255261526621389e+00
-1.171199318797189548e+01 3.655609040577063595e-01 8.401878689439053360e+00
-1.176788065261760963e+01 5.285528666028417311e-01 8.619140935903137901e+00
-1.088187329242881418e+01 5.957310982914071351e-01 8.305042000919057088e+00
-9.053971107405505592e+00 5.670955991234025717e-01 7.459581884486809145e+00
-6.284174097547689186e+00 4.426463690988283184e-01 6.082760586606394071e+00
-2.572482262920614993e+00 2.223834082233033249e-01 4.174578107309566910e+00
1.363596730299026838e+00 -3.190597376989935674e-02 2.084197849922214907e+00
4.806582585961963971e+00 -2.584368240844999720e-01 1.607698985927841218e-01
7.756475304068675136e+00 -4.572091427205314251e-01 -1.595705746679024983e+00
1.021327488461811228e+01 -6.282229296779231476e-01 -3.185229085892586021e+00
1.217698132761085006e+01 -7.714781849567128313e-01 -4.607800119048229170e+00
1.364759463304687337e+01 -8.869749085569005320e-01 -5.863418846145949104e+00
1.462511480092619998e+01 -9.747131004784861386e-01 -6.952085267185751150e+00
1.510954183124882277e+01 -1.034692760721469984e+00 -7.873799382167634420e+00
1.510087572401473466e+01 -1.066913889285851402e+00 -8.628561191091595362e+00
1.459911647926874601e+01 -1.071376486170893871e+00 -9.216370693920506341e+00
1.372741741885776179e+01 -1.046054049466403457e+00 -9.535158461094619398e+00
1.260892246926921878e+01 -9.889202318639194189e-01 -9.482862849925062676e+00
1.124363163050298198e+01 -8.999750333634398691e-01 -9.059483860411921441e+00
9.631544902559053156e+00 -7.792184539649646968e-01 -8.265021492555202798e+00
7.772662285437430540e+00 -6.266504936684942351e-01 -7.099475746354899641e+00
5.666983779138116795e+00 -4.422711524740282063e-01 -5.562846621811015524e+00
3.314509383661110142e+00 -2.260804303815668881e-01 -3.655134118923551334e+00
7.152390990064105836e-01 2.192167260888999714e-02 -1.376338237692507072e+00
-2.130827074825981882e+00 3.017351564973423939e-01 1.273541021882122593e+00
-5.223689137836639240e+00 6.133600212838483667e-01 4.294503659800898987e+00
-8.049973183168630086e+00 9.003818607881839409e-01 7.125019733729418547e+00
-1.009626613571218989e+01 1.106381964650064775e+00 9.203516458978850068e+00
-1.136256799528053740e+01 1.231360332848966177e+00 1.052999383534490363e+01
-1.184887876187368327e+01 1.275316965384889478e+00 1.110445186282757923e+01
-1.155519843549162040e+01 1.238251862257833569e+00 1.092689054142687866e+01
-1.048152701613434878e+01 1.120165023467798449e+00 9.997309871142798343e+00
-8.627864503801873752e+00 9.210564490147848948e-01 8.315709851975345401e+00
-5.994210898493653517e+00 6.409261388987350649e-01 5.882090483924010016e+00
-2.580566200210624217e+00 2.797740931197489900e-01 2.696451766989666154e+00
1.613069591047612050e+00 -1.623996883222162957e-01 -1.241206298828059218e+00
5.759589961247487899e+00 -5.981402027159914425e-01 -5.139924125570151325e+00
9.031856844369849924e+00 -9.399891111670530819e-01 -8.208711952204250650e+00
1.142987024033947030e+01 -1.187946413667446688e+00 -1.044756977865841208e+01
1.295363014915635880e+01 -1.342012110217172927e+00 -1.185649760493265248e+01
1.360313657082050476e+01 -1.402186200816231354e+00 -1.243549543102695409e+01
1.337838950533179272e+01 -1.368468685464607315e+00 -1.218456325694120501e+01
1.227938895269030795e+01 -1.240859564162313911e+00 -1.110370108267549938e+01
1.030613491289608419e+01 -1.019358836909352473e+00 -9.192908908229860288e+00
7.458627385949117894e+00 -7.039665037057226682e-01 -6.452186733604286850e+00
3.736866371849416169e+00 -2.946825645514259406e-01 -2.881534558798785284e+00
-1.427929355510425824e-01 1.290788151790841221e-01 8.179774629460642155e-01
-3.463995342400278066e+00 4.879034701113538208e-01 3.945279178389686781e+00
-6.226740848698288033e+00 7.817914002453822953e-01 6.500370587532071198e+00
-8.431029454445070570e+00 1.010742605581169462e+00 8.483251690373220910e+00
-1.007686115964087215e+01 1.174757086118739302e+00 9.893922486913339753e+00
-1.116423596428510656e+01 1.273834841858033196e+00 1.073238297715192147e+01
-1.169315386837811310e+01 1.307975872799085559e+00 1.099863316108927158e+01
-1.166361487191989710e+01 1.277180178941897726e+00 1.069267303872538477e+01
-1.107561897491045499e+01 1.181447760286468585e+00 9.814502610060266363e+00
-9.929166177381871350e+00 1.020778616837465957e+00 8.364121875134436834e+00
-8.577067646488053754e+00 8.464984845480332254e-01 6.787122610956081381e+00
-7.372121091057957543e+00 7.099311415012211635e-01 5.529079597001879343e+00
-6.314326511091411298e+00 6.110765876970153387e-01 4.589992833271693051e+00
-5.403683906588790720e+00 5.499348231354511674e-01 3.969862319765858683e+00
-4.640193277549895079e+00 5.265058478165075551e-01 3.668688056484179505e+00
-4.023854623974721711e+00 5.407896617401845019e-01 3.686470043426655074e+00
-3.554667945863273282e+00 5.927862649064823408e-01 4.023208280593286723e+00
-3.232633243215549346e+00 6.824956573154006279e-01 4.678902767984073563e+00
-3.057750516031549015e+00 8.099178389669396960e-01 5.653553505599016482e+00
-3.030019764282315453e+00 9.750528098459421145e-01 6.947160493294001427e+00
-3.069840804633606535e+00 1.136235538837719883e+00 8.163578152966131540e+00
-3.097619526444645999e+00 1.251804173450369539e+00 8.906691128435650029e+00
-3.113355929715440951e+00 1.321758713683924169e+00 9.176499419702816240e+00
-3.117050014445993167e+00 1.346099159538384216e+00 8.973003026767628398e+00
-3.108701780636300871e+00 1.324825511013749235e+00 8.296201949630090056e+00
-3.088311228286364951e+00 1.257937768110019450e+00 7.146096188290199436e+00
-3.055878357396185407e+00 1.145435930827194637e+00 5.522685742747957427e+00
-3.011403167965762240e+00 9.873199991652747975e-01 3.425970613003362253e+00
-2.954885659995095004e+00 7.835899731242601529e-01 8.559507990564130253e-01
-2.886325833484170822e+00 5.342458527041021865e-01 -2.187373699093468460e+00
-2.752209806074938037e+00 2.491279240023448471e-01 -5.233667466300567561e+00
-2.499019612526768519e+00 -6.192277611145050042e-02 -7.812559202820889226e+00
-2.126755252820192510e+00 -3.989062476337033591e-01 -9.924048908483309006e+00
-1.635416726955210009e+00 -7.618224905644144229e-01 -1.156813658328784200e+01
-1.025004034931821018e+00 -1.150671504903583386e+00 -1.274482222723447933e+01
-2.955171767500257562e-01 -1.565453290651209972e+00 -1.345410584032321566e+01
5.530438475901757744e-01 -2.006167847807294624e+00 -1.369598742255406698e+01
1.520679038088966317e+00 -2.472815176371922608e+00 -1.347046697392693737e+01
2.607388394746001481e+00 -2.965395276344927389e+00 -1.277754449444191032e+01
3.813171917561443358e+00 -3.483908147726390681e+00 -1.161721998409899115e+01
4.970209086185173319e+00 -3.955790780918936989e+00 -1.026934147689170729e+01
5.910672978345976603e+00 -4.308477398233062416e+00 -9.013767682296112582e+00
6.634563594028588085e+00 -4.541967999662164246e+00 -7.850498600337661337e+00
7.141880933233012207e+00 -4.656262585206246030e+00 -6.779534231016355328e+00
7.432624995959247194e+00 -4.651361154865305991e+00 -5.800874574332191003e+00
7.506795782207284162e+00 -4.527263708639312156e+00 -4.914519630285020035e+00
7.364393291977101796e+00 -4.283970246528308934e+00 -4.120469398875157729e+00
7.005417525268728518e+00 -3.921480768532283445e+00 -3.418723880102439772e+00
6.429868482082166103e+00 -3.439795274651236134e+00 -2.809283073966863498e+00
5.637746162417415441e+00 -2.838913764885167890e+00 -2.292146980468431572e+00
4.742362988992025130e+00 -2.252959633638450754e+00 -1.834909867102101355e+00
3.857031384523548656e+00 -1.816056275315457658e+00 -1.405166001362834205e+00
2.981751349011985575e+00 -1.528203689916188379e+00 -1.002915383250629455e+00
2.116522882457334553e+00 -1.389401877440643363e+00 -6.281580127654869949e-01
1.261345984859447045e+00 -1.399650837888837263e+00 -2.808938899073481488e-01
4.162206562186252512e-01 -1.558950571260766971e+00 3.887698532366423709e-02
-4.188531034652835938e-01 -1.867301077556420275e+00 3.311546129276141115e-01
-1.243875294192279046e+00 -2.324702356775797618e+00 5.959389929045014744e-01
-2.058845915962360884e+00 -2.931154408918898557e+00 8.332301252543261594e-01
-2.863764968765844632e+00 -3.686657233971649905e+00 1.043028009975186965e+00
-3.552143966707624667e+00 -4.436463024604570649e+00 1.204425609075666648e+00
-4.017498485999403179e+00 -5.025829876493718373e+00 1.296516682083636018e+00
-4.259828526641205926e+00 -5.454757789639154808e+00 1.319301228999092412e+00
-4.279134088632944533e+00 -5.723246764040726298e+00 1.272779249822027836e+00
-4.075415171974684725e+00 -5.831296799698528766e+00 1.156950744552453614e+00
-3.648671776666423838e+00 -5.778907896612556883e+00 9.718157131903684132e-01
-2.998903902708163205e+00 -5.566080054782813313e+00 7.173741557357727894e-01
-2.126111550099904157e+00 -5.192813274209298058e+00 3.936260721886668534e-01
-1.030294718841643586e+00 -4.659107554892007563e+00 5.714625490504943173e-04
2.885465909979378907e-01 -3.964962896863703623e+00 -4.617896731595252935e-01
1.641622168683156691e+00 -3.200422565918366935e+00 -9.287177613401064180e-01
2.840156206272123729e+00 -2.455522958454734450e+00 -1.335478167373904901e+00
3.884148703765090804e+00 -1.730264074472668501e+00 -1.682070891261008727e+00
4.773599661162061025e+00 -1.024645913972168643e+00 -1.968495933001417786e+00
5.508509078463033504e+00 -3.386684769532346539e-01 -2.194753292595132965e+00
6.088876955668008684e+00 3.276682365841327993e-01 -2.360842970042153155e+00
6.514703292776983901e+00 9.743642266399339391e-01 -2.466764965342478799e+00
6.785988089789963595e+00 1.601419493214168988e+00 -2.512519278496109898e+00
6.902731346706943327e+00 2.208834036306837945e+00 -2.498105909503046451e+00
6.864933063527905333e+00 2.796607855918042951e+00 -2.423524858363269807e+00
6.743613197654965141e+00 3.351550000900280768e+00 -2.318249834444354285e+00
6.609797125012145891e+00 3.860468513692666193e+00 -2.211756795833014433e+00
6.463484845625283803e+00 4.323363394290399064e+00 -2.104045742539972785e+00
6.304676359494381543e+00 4.740234642693481604e+00 -1.995116674565230008e+00
6.133371666619438223e+00 5.111082258901912923e+00 -1.884969591908786324e+00
5.949570767000451177e+00 5.435906242915691244e+00 -1.773604494570640844e+00
5.753273660637425735e+00 5.714706594734819234e+00 -1.661021382550794234e+00
5.544480347530320152e+00 5.947483314359333306e+00 -1.547220255849226067e+00
5.323190827679209036e+00 6.134236401789150861e+00 -1.432201114465976755e+00
5.089405101084055083e+00 6.274965857024315419e+00 -1.315963958401025646e+00
4.828654052267377317e+00 6.328184821891514211e+00 -1.198371296625369009e+00
4.526468013792161571e+00 6.252404855600527611e+00 -1.079285632865073286e+00
4.182846985657091565e+00 6.047625958147581748e+00 -9.587069671201253751e-01
3.797790967862165967e+00 5.713848129532677511e+00 -8.366352993905256108e-01
3.371299960407386997e+00 5.251071369755814011e+00 -7.130706296762741037e-01
2.903373963292666282e+00 4.659295678816876674e+00 -5.880129579773483162e-01
2.394012976518171243e+00 3.938521056716072888e+00 -4.614622842937928238e-01
1.843217000083821944e+00 3.088747503453310284e+00 -3.334186086255855330e-01
1.250986033989617496e+00 2.109975019028588417e+00 -2.038819309727262497e-01
6.173200782355596772e-01 1.002203603441909507e+00 -7.285225133521527896e-02
9.884632021712705385e-03 -8.257216499877949312e-02 4.873936378973035832e-02
-5.036548054518588113e-01 -9.923577079855298022e-01 1.499618479048935860e-01
-9.232982341851535546e-01 -1.727153025518340490e+00 2.308152010102742235e-01
-1.249045654178172038e+00 -2.286958117597210460e+00 2.912994231058723682e-01
-1.480897065430947235e+00 -2.671772984222195113e+00 3.314145141916932102e-01
-1.618852467943396434e+00 -2.881597625393155226e+00 3.511604742677226221e-01
-1.662911861715569595e+00 -2.916432041110176954e+00 3.505373033339695410e-01
-1.613075246747466274e+00 -2.776276231373258074e+00 3.295450013904339115e-01
-1.469342623039086915e+00 -2.461130196182400365e+00 2.881835684371157336e-01
-1.231713990597841368e+00 -1.970993935553767118e+00 2.264530044760074967e-01
-9.816726090264892290e-01 -1.483598026985800233e+00 1.662601753404899796e-01
-8.006986296696411154e-01 -1.176666268271292726e+00 1.295111112052515778e-01
-6.887920525272832606e-01 -1.050198659410237711e+00 1.162058120702919445e-01
-6.459528775994556327e-01 -1.104195200402680488e+00 1.263442779356158396e-01
-6.721811048861320304e-01 -1.338655891248581975e+00 1.599265088012187253e-01
-7.674767343873125647e-01 -1.753580731947942173e+00 2.169525046671006985e-01
-9.318397661029972356e-01 -2.348969722500762192e+00 2.974222655332617871e-01
-1.165270200033186043e+00 -3.124822862907040921e+00 4.013357913997018245e-01
-1.467768036177879099e+00 -4.081140153166778362e+00 5.286930822664209773e-01
-1.839333274504923121e+00 -5.217921593205743669e+00 6.794941381287299409e-01
-2.191581168364631349e+00 -6.331113678559714408e+00 8.408490905564912632e-01
-2.436133713974463433e+00 -7.216678471994216082e+00 9.998690544868144015e-01
-2.572990911334490427e+00 -7.874615973509465405e+00 1.156554029919728555e+00
-2.602152760444713664e+00 -8.304926183105457937e+00 1.310904016855233500e+00
-2.523619261305132255e+00 -8.507609100782200784e+00 1.462919015293329128e+00
-2.337390413915747089e+00 -8.482664726539692168e+00 1.612599025234016548e+00
-2.043466218276557722e+00 -8.230093060377930314e+00 1.759944046677293983e+00
-1.641846674387563709e+00 -7.749894102296916110e+00 1.904954079623162766e+00
-1.132531782248765273e+00 -7.042067852296646890e+00 2.047629124071622009e+00
-5.155215418600433974e-01 -6.106614310376940580e+00 2.187969180022697469e+00
1.212520839417476903e-01 -5.126554465427162199e+00 2.363535602685465253e+00
6.898504234837851135e-01 -4.284923270062386713e+00 2.611892613041371547e+00
1.190273476734077018e+00 -3.581720724349197305e+00 2.933040211104082307e+00
1.622521243692624182e+00 -3.016946828287596638e+00 3.326978396873597532e+00
1.986593724359426050e+00 -2.590601581877583826e+00 3.793707170349915891e+00
2.282490918734482843e+00 -2.302684985119158867e+00 4.333226531533037829e+00
2.510212826817794785e+00 -2.153197038012320874e+00 4.945536480422966008e+00
2.669759448609383412e+00 -2.142137740557081393e+00 5.630637017019825663e+00
2.761130784109192771e+00 -2.269507092753443978e+00 6.388528141323373433e+00
2.784326833317257055e+00 -2.535305094601393527e+00 7.219209853333724780e+00
2.765935850019615394e+00 -2.808855138062089640e+00 7.985348872101348583e+00
2.732547102275787232e+00 -2.959475630120289136e+00 8.549606677765371643e+00
2.684160590088188858e+00 -2.987166570764107298e+00 8.911983270313296401e+00
2.620776313456820272e+00 -2.891927959993545016e+00 9.072478649745129076e+00
2.542394272381683695e+00 -2.673759797808600958e+00 9.031092816060867889e+00
2.449014466862757811e+00 -2.332662084209203179e+00 8.787825769260447117e+00
2.340636896900078145e+00 -1.868634819195474250e+00 8.342677509343959130e+00
2.217261562493629157e+00 -1.281678002767364433e+00 7.695648036311377282e+00
2.078888463643409956e+00 -5.717916349248723940e-01 6.846737350162697133e+00
1.925517600349421210e+00 2.610242843320005335e-01 5.795945450897925788e+00
1.757148972611663584e+00 1.216769755003254794e+00 4.543272338517059694e+00
1.573782580430135081e+00 2.295444777088890831e+00 3.088718013020097963e+00
1.375418423804837698e+00 3.497049350588907313e+00 1.432282474407042372e+00
1.162056502735770769e+00 4.821583475503308236e+00 -4.260342773221115209e-01
9.336968172228918839e-01 6.269047151832353393e+00 -2.486232242167741191e+00
6.903393672662830882e-01 7.839440379575538742e+00 -4.748311420129116556e+00
4.319841528659040808e-01 9.532763158733104092e+00 -7.212271811206591110e+00
1.586311740217556387e-01 1.134901548930504944e+01 -9.878113415400154196e+00
-1.297195692661623490e-01 1.328819737129137835e+01 -1.274583623270981647e+01
-4.330680769978501043e-01 1.535030880469208547e+01 -1.581544026313557083e+01
-7.514143491733074054e-01 1.753534978950717615e+01 -1.908692550667742083e+01
-1.084758385792534696e+00 1.984332032573664506e+01 -2.256029196333536646e+01
-1.433100186855594149e+00 2.227422041338094161e+01 -2.623553963311007919e+01
-1.796439752362362974e+00 2.482805005243919894e+01 -3.011266851600024808e+01
