-4.009876415003738592e-01 -1.079075501780759616e+00 -9.286365208182045805e-01
-3.963947286739806786e-01 -1.069054070514397603e+00 -9.225475232635356182e-01
-3.934316235791831540e-01 -1.062563867578112387e+00 -9.186104714231005941e-01
-3.920886598822917457e-01 -1.059611322054292426e+00 -9.168220687824628623e-01
-3.923560487281473330e-01 -1.060202760514466824e+00 -9.171791896304415381e-01
-3.942238821977916974e-01 -1.064344404800953159e+00 -9.196788801443614991e-01
-3.976821352164631174e-01 -1.072042368741814133e+00 -9.243183624292700129e-01
-4.027206660598200427e-01 -1.083302653707491681e+00 -9.310950415527403656e-01
-4.093292156126281389e-01 -1.098131142918022052e+00 -9.400065156128428745e-01
-4.174974055432455478e-01 -1.116533594408825270e+00 -9.510505888732305735e-01
-4.272147355692178516e-01 -1.138515632560760604e+00 -9.642252879958080891e-01
-4.353313188170599424e-01 -1.156947144764599589e+00 -9.752582950361557979e-01
-4.387244533754366960e-01 -1.164682220637073273e+00 -9.798838749816985993e-01
-4.374245916332112905e-01 -1.161702951406455853e+00 -9.781096793180339422e-01
-4.314625303317464744e-01 -1.147991785177998159e+00 -9.699427817254587803e-01
-4.208693873907353167e-01 -1.123531525068574233e+00 -9.553896980842824238e-01
-4.056765674456694892e-01 -1.088305315510544657e+00 -9.344564344762890107e-01
-3.859157175082751356e-01 -1.042296615972869711e+00 -9.071485634324758518e-01
-3.616186740156250301e-01 -9.854891614652874221e-01 -8.734713286006113853e-01
-3.328174023030298079e-01 -9.178669093460890549e-01 -8.334297779275504636e-01
-2.995439292187023206e-01 -8.394139721428078849e-01 -7.870289253755899939e-01
-2.626411830330723784e-01 -7.520403388169047965e-01 -7.354215472528737862e-01
-2.229447442525263057e-01 -6.576599253889257035e-01 -6.797588131484707530e-01
-1.804755982674974280e-01 -5.562628384840887508e-01 -6.200434936186651758e-01
-1.352546668377630212e-01 -4.478391915397095246e-01 -5.562785695421113008e-01
-8.730276054379812467e-02 -3.323790455922431275e-01 -4.884673664593794928e-01
-3.664052724482114859e-02 -2.098723450470145468e-01 -4.166137003715378317e-01
1.671160463477240968e-02 -8.030884903512693074e-02 -3.407220348143789601e-01
7.273348947025129463e-02 5.632194089550508764e-02 -2.607976489845604817e-01
1.314053362497656363e-01 2.000308558502418843e-01 -1.768468166354240367e-01
1.927077909639467457e-01 3.508291363379866801e-01 -8.887699537633168834e-02
2.534154435516854376e-01 5.005742072241871066e-01 -1.336756890451623386e-03
3.103320462987725903e-01 6.411074816113923047e-01 8.133369480591452760e-02
3.634818696843770125e-01 7.724169629163813999e-01 1.591383742405505231e-01
4.128884204083586584e-01 8.944910805760560857e-01 2.320813107720371138e-01
4.585743672180548902e-01 1.007318616965294567e+00 3.001667212553172370e-01
5.005614713553477868e-01 1.110888645360129434e+00 3.633991589700760194e-01
5.388705209227445669e-01 1.205190478827332212e+00 4.217836396035409274e-01
5.735212689061252034e-01 1.290213629715023957e+00 4.753257451415534574e-01
6.045323749627968812e-01 1.365947779237527637e+00 5.240317065905579774e-01
6.319213513881254407e-01 1.432382756488864262e+00 5.679084665309556135e-01
6.556465977706424919e-01 1.489366442261429668e+00 6.068891638425401025e-01
6.756660116216142153e-01 1.536746706611857416e+00 6.409070555554895465e-01
6.919945914577034785e-01 1.574513646222655439e+00 6.699702196884856908e-01
7.046461433400640351e-01 1.602657590758162165e+00 6.940872895740738402e-01
7.136332472373377867e-01 1.621169097695551953e+00 7.132674751122344281e-01
7.189672317972909399e-01 1.630038951549102277e+00 7.275205705737591844e-01
7.206581583024700421e-01 1.629258166387595574e+00 7.368569505457990276e-01
7.187148145504387298e-01 1.618817990519757943e+00 7.412875556842778435e-01
7.131447193334263801e-01 1.598709912217643359e+00 7.408238699929120541e-01
7.039541381025360423e-01 1.568925665362182365e+00 7.354778913824684405e-01
6.911571655303719863e-01 1.529491087823673823e+00 7.252978991729603919e-01
6.747667628611555557e-01 1.480432675996072200e+00 7.103316219117900010e-01
6.547856826196629676e-01 1.421743562913165171e+00 6.905908639463453902e-01
6.312155234580172358e-01 1.353417176548173506e+00 6.660877704498091578e-01
6.040567768884897992e-01 1.275447231272876181e+00 6.368348088556285980e-01
5.733088849564984546e-01 1.187827714563050918e+00 6.028447529150012807e-01
5.389703088296153854e-01 1.090552868254664576e+00 5.641306707520717945e-01
5.010386082573148325e-01 9.836171637356784236e-01 5.207059181391597846e-01
4.595105318641251602e-01 8.670152705419177375e-01 4.725841380336299191e-01
4.143821182790131674e-01 7.407420179106032343e-01 4.197792672092776622e-01
3.683818606587223043e-01 6.125129992154325631e-01 3.658543464675139134e-01
3.242454384998560979e-01 4.900486619289152745e-01 3.143564559459817165e-01
2.819793017236860710e-01 3.733509124764369802e-01 2.652760427073423966e-01
2.415900338572255779e-01 2.624214374984966125e-01 2.186038926515634639e-01
2.030842956903460284e-01 1.572617378941129629e-01 1.743310983094741584e-01
1.664687748974620629e-01 5.787316023994154568e-02 1.324490280919172758e-01
1.317501411285189883e-01 -3.574307443035644460e-02 9.294929743388428978e-02
9.893500613092738594e-02 -1.235858444801243711e-01 5.582374217657477128e-02
6.802988851979799301e-02 -2.056541041334632725e-01 2.106439444500725691e-02
3.904118286708164326e-02 -2.819468625114610050e-01 -1.133653879651661846e-02
1.197616144744689110e-02 -3.524601370835228065e-01 -4.138654133110550304e-02
-1.315815143080069534e-02 -4.171898684353998465e-01 -6.909300277569559168e-02
-3.635591756807807218e-02 -4.761350300550422632e-01 -9.446331287231396479e-02
-5.761141770974489984e-02 -5.292946488996886911e-01 -1.175046843550548170e-01
-7.691907251907589838e-02 -5.766677909955320036e-01 -1.382241669004570239e-01
-9.427346021895585682e-02 -6.182535492020372336e-01 -1.566286585749260551e-01
-1.096693310438474345e-01 -6.540510330701632125e-01 -1.727249148343306673e-01
-1.231016186210194957e-01 -6.840593607200029513e-01 -1.865195551599364010e-01
-1.345654483820538649e-01 -7.082776526602093670e-01 -1.980190674386885785e-01
-1.440561430920935249e-01 -7.267050274689044187e-01 -2.072298102147991650e-01
-1.515724872176133775e-01 -7.393400519099958546e-01 -2.141595408536322853e-01
-1.571133298031395509e-01 -7.461813543613771138e-01 -2.188157553486670959e-01
-1.606743715366589220e-01 -7.472281499178620168e-01 -2.212042152968580200e-01
-1.622514890600089688e-01 -7.424796619344242732e-01 -2.213305378303254412e-01
-1.618407343393421793e-01 -7.319351214916568482e-01 -2.192001941257953890e-01
-1.594383317601655581e-01 -7.155937682296071856e-01 -2.148185065057597876e-01
-1.550406730357226370e-01 -6.934548524672395908e-01 -2.081906442666396906e-01
-1.486443100235577131e-01 -6.655176385253819271e-01 -1.993216183626825566e-01
-1.402459455530175036e-01 -6.317814091721484226e-01 -1.882162750646721172e-01
-1.298424223759255536e-01 -5.922454711115304749e-01 -1.748792887000177876e-01
-1.189562352626771652e-01 -5.508089331767560548e-01 -1.609448589801630858e-01
-1.091135706166152519e-01 -5.113716224180271386e-01 -1.480418599974569205e-01
-1.003167974809975604e-01 -4.739339833106827604e-01 -1.361670154411860900e-01
-9.256811608997594920e-02 -4.384964352352169747e-01 -1.253172501133961447e-01
-8.586956349453254977e-02 -4.050593700396461494e-01 -1.154896938196621897e-01
-8.022301839779528987e-02 -3.736231501361793605e-01 -1.066816846887560788e-01
-7.563020523954093466e-02 -3.441881070854897473e-01 -9.889077197099524486e-02
-7.209269757287693758e-02 -3.167545406224125393e-01 -9.211471836101334243e-02
-6.961192077877109696e-02 -2.913227180773534375e-01 -8.635150188719188658e-02
-6.818915416632492787e-02 -2.678928741480979814e-01 -8.159931740702132397e-02
-6.782531883183091914e-02 -2.464653317291634060e-01 -7.785615031605351566e-02
-6.852119513154623920e-02 -2.270403741255423991e-01 -7.512020859195325806e-02
-7.027763509397477737e-02 -2.096181268072574710e-01 -7.339034771551525282e-02
-7.309534809086692952e-02 -1.941986813923090027e-01 -7.266564166156481985e-02
-7.697490155075052687e-02 -1.807820957468933287e-01 -7.294538347192031091e-02
-8.191672137810666887e-02 -1.693683941701410733e-01 -7.422908562580696201e-02
-8.792109213243495813e-02 -1.599575676194246177e-01 -7.651648023794228870e-02
-9.498815702186008680e-02 -1.525495739323666222e-01 -7.980751911394250164e-02
-1.031179177662372298e-01 -1.471443380017430080e-01 -8.410237369226902793e-02
-1.123102343849404910e-01 -1.437417518595305310e-01 -8.940143490160817885e-02
-1.225646111817473710e-01 -1.423422435258724361e-01 -9.570554186369238658e-02
-1.338804165237367505e-01 -1.429461912641800669e-01 -1.030157565087790605e-01
-1.462570961849058437e-01 -1.455533598516040028e-01 -1.113331340682086334e-01
-1.596939575392849753e-01 -1.501634760853669814e-01 -1.206589504841826116e-01
-1.741901699517963420e-01 -1.567762276327267779e-01 -1.309947023584517589e-01
-1.897447654337855172e-01 -1.653912615294683697e-01 -1.423421069768973368e-01
-2.063566396212106746e-01 -1.760081822840685040e-01 -1.547031024343566707e-01
-2.240245531342353880e-01 -1.886265495449671870e-01 -1.680798478827373876e-01
-2.427471333779107066e-01 -2.032458752887537634e-01 -1.824747239238167784e-01
-2.625228768447819827e-01 -2.198656204875401310e-01 -1.978903331661000520e-01
-2.819898059611984920e-01 -2.370841340295319621e-01 -2.132170875077936678e-01
-2.997862435061969255e-01 -2.535000079223869718e-01 -2.273446407533615543e-01
-3.159110214104394188e-01 -2.691130423721573295e-01 -2.402747579754129781e-01
-3.303628962270758196e-01 -2.839230024413549880e-01 -2.520093392848250513e-01
-3.431405507427155999e-01 -2.979296159067649219e-01 -2.625504205162327298e-01
-3.542425955967097861e-01 -3.111325712916938047e-01 -2.719001738886964170e-01
-3.636675708920359962e-01 -3.235315161100644210e-01 -2.800609086395884906e-01
-3.714139477803494738e-01 -3.351260553596212555e-01 -2.870350716309348904e-01
-3.774801300030208306e-01 -3.459157503013161050e-01 -2.928252479285942123e-01
-3.818644553692916999e-01 -3.559001175617095836e-01 -2.974341613557718866e-01
-3.845653813441402558e-01 -3.650784661944952991e-01 -3.008653397402375473e-01
-3.855812803788430942e-01 -3.734500845415185677e-01 -3.031224365356103290e-01
-3.849102680050200398e-01 -3.810143873756746125e-01 -3.042085734396829944e-01
-3.825503993151769255e-01 -3.877707401562222045e-01 -3.041270126291776288e-01
-3.784996702155785653e-01 -3.937184593849704095e-01 -3.028811572964242305e-01
-3.727560185015573180e-01 -3.988568135028829342e-01 -3.004745521740731506e-01
-3.653173247333848517e-01 -4.031850243623445462e-01 -2.969108840548165262e-01
-3.561814128908208921e-01 -4.067022693101517983e-01 -2.921939823133204439e-01
-3.453460507845881322e-01 -4.094076839161629455e-01 -2.863278194375379337e-01
-3.328089502033385605e-01 -4.113003653824814365e-01 -2.793165115762768491e-01
-3.185679274896157653e-01 -4.123799481294576630e-01 -2.711638911020579079e-01
-3.026207090293173141e-01 -4.126460243880835654e-01 -2.618739155592095247e-01
-2.849647907728287133e-01 -4.120975707872203686e-01 -2.514511059021195538e-01
-2.655976165195713112e-01 -4.107335269046412107e-01 -2.399001288679150634e-01
-2.445165771530435628e-01 -4.085528012103280537e-01 -2.272257976180963313e-01
-2.217190094965029168e-01 -4.055542779041887425e-01 -2.134330724157517678e-01
-1.972021947722859547e-01 -4.017368246842261681e-01 -1.985270613384765293e-01
-1.709633566494878631e-01 -3.970993014818766653e-01 -1.825130210241952544e-01
-1.429996588666939683e-01 -3.916405702020629431e-01 -1.653963574436880524e-01
-1.133082024186843895e-01 -3.853595055064735764e-01 -1.471826266896930913e-01
-8.368006759466185829e-02 -3.788172861356581822e-01 -1.289331512047290629e-01
-5.591060893133351084e-02 -3.725768760142599278e-01 -1.117009437508474506e-01
-3.000325067191956727e-02 -3.666398360061896011e-01 -9.547922210484133254e-02
-5.961367438021497947e-03 -3.610077066544116753e-01 -8.026122088954081024e-02
1.621171275516070445e-02 -3.556819973095313170e-01 -6.604019084258243300e-02
3.651270574774616307e-02 -3.506641763831561120e-01 -5.280939822364958541e-02
5.493836875126275471e-02 -3.459556627142059693e-01 -4.056212436755690653e-02
7.148549813260877961e-02 -3.415578180373761708e-01 -2.929166538611032919e-02
8.615092746450266070e-02 -3.374719405438778574e-01 -1.899133201768980414e-02
9.893152583920311605e-02 -3.336992595253713279e-01 -9.654449619985461251e-03
1.098241519430834395e-01 -3.302407776062256661e-01 -1.274138167204347119e-03
1.188256456899514785e-01 -3.270974359632023432e-01 6.156439374436896948e-03
1.259329006488340008e-01 -3.242702693416439907e-01 1.264387026950358935e-02
1.311428452323842586e-01 -3.217602455878562639e-01 1.819472581512731474e-02
1.344524416436117809e-01 -3.195682629402595287e-01 2.281556107760875085e-02
1.358586850420263892e-01 -3.176951483585198077e-01 2.651291455983677270e-02
1.353586029210763764e-01 -3.161416568833394503e-01 2.929330781396526431e-02
1.329492546883392912e-01 -3.149084720196513310e-01 3.116324501450502132e-02
1.286277314396898630e-01 -3.139962071359492235e-01 3.212921250727859140e-02
1.223911559186403875e-01 -3.134054078724252124e-01 3.219767834954923719e-02
1.142373297803662285e-01 -3.131365075777684526e-01 3.137544569677018502e-02
1.041640434470393339e-01 -3.131898902411631713e-01 2.966927277048635875e-02
9.216845027880708752e-02 -3.135659305592132240e-01 2.708553211159523549e-02
7.824773536453655254e-02 -3.142649423358340188e-01 2.363057721464094027e-02
6.239911583066016371e-02 -3.152871832657205831e-01 1.931074229180732016e-02
4.461984129167979873e-02 -3.166328606789421962e-01 1.413234210185551273e-02
2.490719443684177165e-02 -3.183021382387575815e-01 8.101671851594605123e-03
3.258491748591259372e-03 -3.202951435846739803e-01 1.225007174798819478e-03
-2.032891565032714926e-02 -3.226119769127249182e-01 -6.491395809574822609e-03
-4.585764102279381305e-02 -3.252527204848932874e-01 -1.504130036143644031e-02
-7.141247470849700074e-02 -3.274439407212411668e-01 -2.381580295636740938e-02
-9.507587521439037070e-02 -3.284120646125409659e-01 -3.221375148056177667e-02
-1.168469678676832407e-01 -3.281568849681169020e-01 -4.024033287243451718e-02
-1.367250007968504599e-01 -3.266781218786801722e-01 -4.790046637787370720e-02
-1.547093447403048161e-01 -3.239754174825308919e-01 -5.519880309117800032e-02
-1.707994924995125952e-01 -3.200483316822764768e-01 -6.213972540202265804e-02
-1.849950580725333582e-01 -3.148963387478733167e-01 -6.872734638219060721e-02
-1.972957755037110794e-01 -3.085188247415251439e-01 -7.496550914740664207e-02
-2.077014974850842077e-01 -3.009150856996754553e-01 -8.085778623075590144e-02
-2.162121937450249831e-01 -2.920843265070238726e-01 -8.640747900478742971e-02
-2.228284768367308488e-01 -2.820258910197004365e-01 -9.161765573128165252e-02
-2.275510237621865828e-01 -2.707390560089565912e-01 -9.649110113452984139e-02
-2.303800709923143897e-01 -2.582227947216745867e-01 -1.010302820653009026e-01
-2.313159651324614430e-01 -2.444759970914856806e-01 -1.052373912579074172e-01
-2.303591616647207296e-01 -2.294974697145344134e-01 -1.091143474330014823e-01
-2.275102236955032498e-01 -2.132859361247418373e-01 -1.126627956486271065e-01
-2.227698207448812751e-01 -1.958400373025030727e-01 -1.158841079326637796e-01
-2.161387276140956937e-01 -1.771583323508896246e-01 -1.187793842290497531e-01
-2.076178233674138007e-01 -1.572392992736901807e-01 -1.213494536894103998e-01
-1.972080904642037058e-01 -1.360813357900385878e-01 -1.235948763410107676e-01
-1.849105677424157101e-01 -1.136821002607141390e-01 -1.255162953992835506e-01
-1.707263686996832730e-01 -9.003919111998441582e-02 -1.271140587246595843e-01
-1.546567420406492754e-01 -6.515079963590993117e-02 -1.283878806556958407e-01
-1.367030397433497690e-01 -3.901504118160634832e-02 -1.293372085493776635e-01
-1.168667178651421751e-01 -1.162995483579163346e-02 -1.299612261825448534e-01
-9.514933771330125190e-02 1.700649735987373040e-02 -1.302588577045954987e-01
-7.155256741167928536e-02 4.689643154583112566e-02 -1.302287721739659732e-01
-4.607818389309720208e-02 7.804204364943892469e-02 -1.298693887124847679e-01
-1.872807534526887280e-02 1.104456115047397352e-01 -1.291788823137479669e-01
1.049575586404063315e-02 1.441094975398480027e-01 -1.281551903442699480e-01
3.964403597503349946e-02 1.769166080759764226e-01 -1.273572795139946423e-01
6.677237409601090301e-02 2.067464265710308724e-01 -1.273472212920636615e-01
9.188607408742265059e-02 2.335959733083586287e-01 -1.281273083071320096e-01
1.149906837129028719e-01 2.574620637653574073e-01 -1.296996108257025271e-01
1.360919972771212627e-01 2.783413066562944738e-01 -1.320659661865972445e-01
1.551960577445724299e-01 2.962301028482088316e-01 -1.352279692369145747e-01
1.723091584311690072e-01 3.111246451275521130e-01 -1.391869639036533435e-01
1.874378443668238414e-01 3.230209187911169399e-01 -1.439440360375989492e-01
2.005889134327858425e-01 3.319147030307916801e-01 -1.495000076676206713e-01
2.117694173824378467e-01 3.378015730781034343e-01 -1.558554328043376958e-01
2.209866818670689070e-01 3.406768723702071622e-01 -1.630100023597743086e-01
2.282482562864406872e-01 3.405357296802267175e-01 -1.709632076550180457e-01
2.335619071396772828e-01 3.373731014009456741e-01 -1.797148971548449270e-01
2.369356532975882279e-01 3.311837527387639923e-01 -1.892646475521644889e-01
2.383777683100220535e-01 3.219622617502398421e-01 -1.996117650558437151e-01
2.378967832614699018e-01 3.097030239174262123e-01 -2.107552890366361786e-01
2.355014902926041154e-01 2.944002572196944278e-01 -2.226939981640663202e-01
2.312009469021618357e-01 2.760480076613123224e-01 -2.354264191667113371e-01
2.250044811385013832e-01 2.546401552168691129e-01 -2.489508383482817999e-01
2.169216977831892879e-01 2.301704201608433253e-01 -2.632653159923555863e-01
2.069637160225209771e-01 2.026333047834390777e-01 -2.783692311654354379e-01
1.951418433975160571e-01 1.720230651664715060e-01 -2.942616851170768433e-01
1.814663896662312981e-01 1.383328246938650696e-01 -3.109399951351069502e-01
1.659479533421591990e-01 1.015555631838234163e-01 -3.284012731910225802e-01
1.485974328184611060e-01 6.168412401023081609e-02 -3.466424505112227217e-01
1.294260389682604928e-01 1.871122150849047552e-02 -3.656603058462691291e-01
1.084453092446811123e-01 -2.737055131554111745e-02 -3.854514975908581165e-01
8.566712328017914158e-02 -7.656871473903689718e-02 -4.060125999146154130e-01
6.110371995729426547e-02 -1.288908938861028364e-01 -4.273401430723193783e-01
3.476771589212738350e-02 -1.843448098303613059e-01 -4.494306580714194088e-01
8.095896929003193812e-03 -2.398595534224794434e-01 -4.712384095198938749e-01
-1.749086820272451395e-02 -2.923554010491686284e-01 -4.917218812026289410e-01
-4.200358048352124951e-02 -3.418272283938675882e-01 -5.108838829213672161e-01
-6.545319018879545980e-02 -3.882700958296748661e-01 -5.287270114145735667e-01
-8.785060645480285979e-02 -4.316792557139967901e-01 -5.452536186027377996e-01
-1.092067049815042823e-01 -4.720501592328663065e-01 -5.604657826920528274e-01
-1.295323339391934447e-01 -5.093784627954192068e-01 -5.743652821017546373e-01
-1.488383181681784406e-01 -5.436600339684541927e-01 -5.869535721863868849e-01
-1.671354617813403387e-01 -5.748909569318473300e-01 -5.982317647286833351e-01
-1.844345492978988754e-01 -6.030675374275914491e-01 -6.082006101815828902e-01
-2.007466721408040500e-01 -6.281873765889310901e-01 -6.168595545550372705e-01
-2.160828385443435695e-01 -6.502481457200872672e-01 -6.242077738341194060e-01
-2.304536595325315240e-01 -6.692465899925452710e-01 -6.302450758057003277e-01
-2.438697001138495357e-01 -6.851796782392041152e-01 -6.349709148641298206e-01
-2.563414778833024155e-01 -6.980446064585981159e-01 -6.383843813559546554e-01
-2.678794610755545480e-01 -7.078388005983734521e-01 -6.404841935136247333e-01
-2.784940662552442547e-01 -7.145599185791020602e-01 -6.412686919419958720e-01
-2.881956558366948196e-01 -7.182058515189818637e-01 -6.407358366174311648e-01
-2.969945356293576810e-01 -7.187747241200930226e-01 -6.388832063549682028e-01
-3.049009526075674992e-01 -7.162648941776849076e-01 -6.357080006945998729e-01
-3.119266208222098435e-01 -7.106765832182336817e-01 -6.312041396795475823e-01
-3.180830947383818108e-01 -7.020100890912227554e-01 -6.253653601439527199e-01
-3.233802773401824870e-01 -6.902642327596045790e-01 -6.181880331100936266e-01
-3.278279923560632469e-01 -6.754380661867913638e-01 -6.096681722573576989e-01
-3.314359851199381590e-01 -6.575308693982729880e-01 -5.998014413393690791e-01
-3.342139246381793938e-01 -6.365421465289424763e-01 -5.885831636624248020e-01
-3.361714070373793550e-01 -6.124716208333825795e-01 -5.760083335570650442e-01
-3.373179605588612628e-01 -5.853192286379557130e-01 -5.620716297754235757e-01
-3.376630522555004177e-01 -5.550851122150002315e-01 -5.467674307493689545e-01
-3.372160965345973871e-01 -5.217696115604074647e-01 -5.300898316483634298e-01
-3.360039612661331887e-01 -4.874578422567579228e-01 -5.125657680441251252e-01
-3.340425001671904481e-01 -4.542327474786168051e-01 -4.947311771020525550e-01
-3.313248582694551247e-01 -4.220915220021032033e-01 -4.765932679011391504e-01
-3.278445508788608298e-01 -3.910314067874602340e-01 -4.581590111505417506e-01
-3.235954507305434102e-01 -3.610496963808493276e-01 -4.394351289014943873e-01
-3.185717759456318521e-01 -3.321437463956664615e-01 -4.204280854849697935e-01
-3.127680787889369207e-01 -3.043109810497457435e-01 -4.011440796000088072e-01
-3.061792352230473524e-01 -2.775489007338092229e-01 -3.815890374801950702e-01
-2.988004352511905992e-01 -2.518550895856905836e-01 -3.617686070681627175e-01
-2.906271740384601676e-01 -2.272272230441563234e-01 -3.416881531302630171e-01
-2.816553994364690006e-01 -2.036621623298213724e-01 -3.213530431686604794e-01
-2.718812619555644461e-01 -1.811569932811160077e-01 -3.007683393847480069e-01
-2.613010098969680839e-01 -1.597098786825593142e-01 -2.799385236367633589e-01
-2.499111865824263923e-01 -1.393190895640196159e-01 -2.588677950703147657e-01
-2.377086243308524638e-01 -1.199830112644658386e-01 -2.375600674158167558e-01
-2.246904390894655379e-01 -1.017001492988585942e-01 -2.160189668736634538e-01
-2.108540256988584716e-01 -8.446913499874737774e-02 -1.942478305289130347e-01
-1.961970537703225381e-01 -6.828873089677638120e-02 -1.722497052384102945e-01
-1.807174641527312664e-01 -5.315783582485990311e-02 -1.500273469341791011e-01
-1.644134659654439834e-01 -3.907548969547696566e-02 -1.275832202878635080e-01
-1.472836207004985798e-01 -2.604104671547286670e-02 -1.049193066070309849e-01
-1.293267371085707051e-01 -1.405403844347150044e-02 -8.203730918198234856e-02
-1.105417967107703570e-01 -3.113987268096295516e-03 -5.893884041619396746e-02
-9.092804901108191007e-02 6.779438425004267500e-03 -3.562522358797644284e-02
-7.048501045534508180e-02 1.562642207711040232e-02 -1.209749279954137717e-02
-4.921246379023187095e-02 2.342699729257230468e-02 1.164360701839578516e-02
-2.711045779336980835e-02 3.018104672057223686e-02 3.559762009626049606e-02
-4.179307344986673937e-03 3.588830151645276689e-02 5.976437985836534350e-02
1.958040618949050127e-02 4.054834141713468953e-02 8.414400904678190352e-02
4.416783429735922362e-02 4.416059546575856753e-02 1.087369199833031069e-01
6.840280702363978060e-02 4.692744719343479309e-02 1.325747118421183313e-01
9.110584266516548457e-02 4.905231304629574518e-02 1.546883594145112839e-01
1.122768455149667777e-01 5.053602078884539966e-02 1.750776410852150911e-01
1.319156156437610306e-01 5.137934689197809490e-02 1.937424481351840144e-01
1.500218496350866626e-01 5.158301661315289888e-02 2.106827839638498179e-01
1.665951411758133383e-01 5.114770426621470523e-02 2.258987634450041748e-01
1.816349815214096386e-01 5.007403363955307413e-02 2.393906124139844604e-01
1.951407598553012990e-01 4.836257852179594308e-02 2.511586672838386769e-01
2.071117635614054264e-01 4.601386329461770036e-02 2.612033747881716828e-01
2.175471784287063837e-01 4.302836355252291634e-02 2.695252918485843696e-01
2.264459973420868966e-01 3.940646594357383875e-02 2.761248657491930936e-01
2.338071055665261744e-01 3.514850459005983141e-02 2.810026552854697490e-01
2.396293739179482518e-01 3.025480666135506660e-02 2.841595507570682244e-01
2.439115701970389904e-01 2.472565516609639968e-02 2.855965539192945601e-01
2.466523595060451379e-01 1.856128928748049245e-02 2.853147782326349025e-01
2.478503046056440562e-01 1.176190450321321253e-02 2.833154492296732774e-01
2.475038663282053686e-01 4.327652449646963301e-03 2.795999049997277552e-01
2.456114040636284135e-01 -3.741359510441165555e-03 2.741695967917392451e-01
2.421711763338987300e-01 -1.244506905703867371e-02 2.670260897360642316e-01
2.371813414726092473e-01 -2.178346005976872918e-02 2.581710636858073893e-01
2.306401429660820401e-01 -3.175683197149712506e-02 2.476063975207130063e-01
2.225457097243905558e-01 -4.236552577687334453e-02 2.353340799379747827e-01
2.128958783622837969e-01 -5.360965585000940919e-02 2.213561292856765506e-01
2.016883862545287009e-01 -6.548938206225791980e-02 2.056746810266630310e-01
1.889208729382043928e-01 -7.800491268279387269e-02 1.882919889578131556e-01
1.745908817237528388e-01 -9.115650790485928245e-02 1.692104265477608338e-01
1.586958615349202129e-01 -1.049444840384774758e-01 1.484324883904436232e-01
1.412331689994559547e-01 -1.193692184102683185e-01 1.259607917702382229e-01
1.222000708145092873e-01 -1.344311550107295250e-01 1.017980783325020955e-01
1.015937464131362739e-01 -1.501308109289416493e-01 7.594721585111670337e-02
8.054675234121343175e-02 -1.654882761149236714e-01 4.970018464467329533e-02
6.019500630874353303e-02 -1.795230308926632767e-01 2.434546009104207598e-02
4.054053973308708453e-02 -1.922347223984215148e-01 -1.190886579442095809e-04
2.158517118367882931e-02 -2.036230120484064932e-01 -2.369542494932062524e-02
3.330504817614896116e-03 -2.136875715243675977e-01 -4.638534532478501282e-02
-1.422207089068453813e-02 -2.224280793680895318e-01 -6.819047995755112002e-02
-3.107138415576812807e-02 -2.298442181499121273e-01 -8.911229285961948243e-02
-4.721648065196641653e-02 -2.359356721761630415e-01 -1.091520818901416529e-01
-6.265662407620235796e-02 -2.407021257002228409e-01 -1.283109785967565530e-01
-7.739129652934303993e-02 -2.441432616017473745e-01 -1.465899479226363822e-01
-9.142037412317212397e-02 -2.462586771892849857e-01 -1.639900226385447024e-01
-1.047439415938148932e-01 -2.470479487084467074e-01 -1.805120543452806425e-01
-1.173621187413183969e-01 -2.465107294333106214e-01 -1.961564826729348121e-01
-1.292752400123397538e-01 -2.446466773180017984e-01 -2.109235759141937505e-01
-1.404838547298012108e-01 -2.414554551023261608e-01 -2.248134308257843661e-01
-1.509887272919168688e-01 -2.369367306698408060e-01 -2.378259725015075821e-01
-1.607908373668680835e-01 -2.310901776222692161e-01 -2.499609543506813858e-01
-1.698913801095180420e-01 -2.239154760340796579e-01 -2.612179582157211355e-01
-1.782917664267731628e-01 -2.154123133509530386e-01 -2.715963946625065684e-01
-1.859936233183689114e-01 -2.055803853958200478e-01 -2.810955034770037941e-01
-1.929989300477310266e-01 -1.944194464006998024e-01 -2.897143925878390980e-01
-1.993098637371919224e-01 -1.819292427881093466e-01 -2.974519815559120706e-01
-2.049286708540180024e-01 -1.681094778862116945e-01 -3.043069702361559936e-01
-2.098578124277498125e-01 -1.529598723822057360e-01 -3.102778867198120460e-01
-2.140999651731052278e-01 -1.364801654648618301e-01 -3.153630891251005264e-01
-2.176580228525464289e-01 -1.186701158579132748e-01 -3.195607677900850763e-01
-2.205350979062166428e-01 -9.952950270811038169e-02 -3.228689479000649842e-01
-2.227345233765306298e-01 -7.905812629176034445e-02 -3.252854925820434229e-01
-2.242598551540692098e-01 -5.725580850369786645e-02 -3.268081064991468221e-01
-2.251148745706191279e-01 -3.412239309275172383e-02 -3.274343399783592456e-01
-2.255354165304123970e-01 -1.062004387963841161e-02 -3.271006650912884894e-01
-2.257532666459030057e-01 1.228792698613260549e-02 -3.257461845221907293e-01
-2.257664968349945012e-01 3.459988858095380121e-02 -3.233722536246891321e-01
-2.255734184891510785e-01 5.631421886168170438e-02 -3.199801935272408859e-01
-2.251725813542416188e-01 7.742930441461563784e-02 -3.155712892344548215e-01
-2.245627726103240074e-01 9.794354011263994852e-02 -3.101467880277174460e-01
-2.237430161482258650e-01 1.178553287090892826e-01 -3.037078981482174700e-01
-2.227125720405141451e-01 1.371630803968771073e-01 -2.962557877456573618e-01
-2.214709362042295293e-01 1.558652123613152862e-01 -2.877915840761502420e-01
-2.200178402526126453e-01 1.739601483550873018e-01 -2.783163729329402036e-01
-2.183529232895312089e-01 1.914462902088281959e-01 -2.678307768917022047e-01
-2.164760466645904990e-01 2.083219989172932496e-01 -2.563353441683479117e-01
-2.143876300016208936e-01 2.245856423557328341e-01 -2.438309902774329352e-01
-2.120883302642169177e-01 2.402355894882414744e-01 -2.303185943175737882e-01
-2.095790421492165767e-01 2.552702107340503734e-01 -2.157989992764018650e-01
-2.068608986527405713e-01 2.696878785288939762e-01 -2.002730124681664781e-01
-2.039352718057964586e-01 2.834869681100989358e-01 -1.837414060877343158e-01
-2.008037735762555343e-01 2.966658585542334969e-01 -1.662049178647759529e-01
-1.974682569337804228e-01 3.092229340963477680e-01 -1.476642518019680994e-01
-1.939308170739864889e-01 3.211565857600432450e-01 -1.281200789811128005e-01
-1.901943766863742613e-01 3.324663032860175615e-01 -1.075735269236614000e-01
-1.862620741846567340e-01 3.431515209053022097e-01 -8.602565896663065537e-02
-1.821366932922361959e-01 3.532105568988271882e-01 -6.347700641045911363e-02
-1.778212622222298256e-01 3.626417376759084044e-01 -3.992807563867427356e-02
-1.733190553341613649e-01 3.714434012311819688e-01 -1.537934918701320750e-02
-1.686335949238808585e-01 3.796139010885833387e-01 1.016871322089430915e-02
-1.637686531391700784e-01 3.871516107630189052e-01 3.671567368735395576e-02
-1.587282540123135799e-01 3.940549287707669213e-01 6.426111521988310538e-02
-1.535166755995540366e-01 4.003222842200941378e-01 9.280464089186904464e-02
-1.481384522158112893e-01 4.059521430140079490e-01 1.223458731003828626e-01
-1.427618059340675927e-01 4.107700319182998605e-01 1.514065984971108003e-01
-1.375474104240759499e-01 4.146045190976075379e-01 1.785074015766486000e-01
-1.324887958262421228e-01 4.174586314305151480e-01 2.036462652543910568e-01
-1.275796682339226662e-01 4.193353317384481693e-01 2.268212595015551003e-01
-1.228139063017439081e-01 4.202375107951067945e-01 2.480305413309938922e-01
-1.181855584695272743e-01 4.201679803921569145e-01 2.672723544069899315e-01
-1.136888407778696014e-01 4.191294674194672720e-01 2.845450282976832446e-01
-1.093181352484656060e-01 4.171246089195219664e-01 2.998469773881227707e-01
-1.050679887998234030e-01 4.141559480766782708e-01 3.131766994714200170e-01
-1.009331126671496048e-01 4.102259311027249278e-01 3.245327740350341661e-01
-9.690802309213675247e-02 4.053366985993776539e-01 3.339141155666047189e-01
-9.298744087654782497e-02 3.994903315437118851e-01 3.413196384509110670e-01
-8.916663428112987788e-02 3.926890459963100488e-01 3.467480377457250462e-01
-8.544104097443573631e-02 3.849349678802482799e-01 3.501980811578043751e-01
-8.180626833009922716e-02 3.762301317958711699e-01 3.516686069658580549e-01
-7.825809405803541008e-02 3.665764804903733909e-01 3.511585217470780673e-01
-7.479246713870393859e-02 3.559758649431695732e-01 3.486667979248520566e-01
-7.140550903024957263e-02 3.444300450276600589e-01 3.441924711555166549e-01
-6.809351511927543010e-02 3.319406907094631376e-01 3.377346375723246363e-01
-6.485295638721215450e-02 3.185093837406133832e-01 3.292924509051610160e-01
-6.168050677547672750e-02 3.041371068591791627e-01 3.188654715454178334e-01
-5.857304617400398844e-02 2.888247973173984073e-01 3.064532720913771824e-01
-5.552762112796739286e-02 2.725738419522573674e-01 2.920551056320294658e-01
-5.254145795099342958e-02 2.553855467738727625e-01 2.756702760519045281e-01
-4.961196444807570993e-02 2.372611390628086847e-01 2.572981354866620829e-01
-4.673673173124132108e-02 2.182017697007862800e-01 2.369380817750956769e-01
-4.391353610904635829e-02 1.982085156903419798e-01 2.145895559281883191e-01
-4.114034103254647634e-02 1.772823828183422989e-01 1.902520396362844535e-01
-3.841529908189592057e-02 1.554243084175127299e-01 1.639250528357416581e-01
-3.573675397913049501e-02 1.326351641799141945e-01 1.356081513574265429e-01
-3.297132645332347123e-02 1.100278060870456265e-01 1.069476009855571397e-01
-2.998667672054331282e-02 8.871399705685158177e-02 7.959027989088408861e-02
-2.678289617669501327e-02 6.869312359031892745e-02 5.353681160716522447e-02
-2.336015374658606536e-02 4.996467169836846939e-02 2.878773335831697269e-02
-1.971869473780713325e-02 3.252822678182111515e-02 5.343496307160796460e-03
-1.585883998675251955e-02 1.638347342495679801e-02 -1.679553414876942818e-02
-1.178098526837060255e-02 1.530195113359574585e-03 -3.762907804940088252e-02
-7.485600941145839453e-03 -1.203172611378695508e-02 -5.715694052674784309e-02
-2.973231798798345836e-03 -2.430231006724335729e-02 -7.537901145605310771e-02
1.755502899775465654e-03 -3.528147885774461645e-02 -9.229526511722915827e-02
6.699766976995097031e-03 -4.496887279540173754e-02 -1.079060159519346779e-01
1.185864839942537413e-02 -5.336403633204089142e-02 -1.222116615574156406e-01
1.723130095878764451e-02 -6.046660224513995818e-02 -1.352124273003529054e-01
2.281680185438863737e-02 -6.627610704802809616e-02 -1.469086227334556738e-01
2.861415132086342697e-02 -7.079199162881426310e-02 -1.573006414417190135e-01
3.462227224546080007e-02 -7.401360188175165611e-02 -1.663889609796218583e-01
4.084000980239693018e-02 -7.594018932167252711e-02 -1.741741429128877694e-01
4.726613113160486185e-02 -7.657091167203072812e-02 -1.806568329785580573e-01
5.389932508900095731e-02 -7.590483341695952735e-02 -1.858377613772047854e-01
6.073820209524750935e-02 -7.394092630765057572e-02 -1.897177432112530371e-01
6.778126220715451067e-02 -7.067823390597871569e-02 -1.922973043302804996e-01
7.502692989160757164e-02 -6.611570066285712977e-02 -1.935770534996710257e-01
8.247358344695100707e-02 -6.025201186415111293e-02 -1.935580584708626317e-01
9.011952155651446750e-02 -5.308576179068068973e-02 -1.922414733886620708e-01
9.796296377272499523e-02 -4.461545407600613078e-02 -1.896285399057321963e-01
1.060020512619520849e-01 -3.483950195962207119e-02 -1.857205885274867130e-01
1.142348478371355697e-01 -2.375622842582022012e-02 -1.805190402014677786e-01
1.226593413055983711e-01 -1.136386621875435515e-02 -1.740254081650637608e-01
1.312734451598759067e-01 2.339442275326292318e-03 -1.662413000651200012e-01
1.400750006399779368e-01 1.735564528721727021e-02 -1.571684203625761667e-01
1.485168482328140249e-01 3.329502675610333112e-02 -1.471642694631734860e-01
1.560526615609194312e-01 4.976618316052561219e-02 -1.365858597149040288e-01
1.626814538182185244e-01 6.676870169692476764e-02 -1.254343818745474182e-01
1.684022055262000550e-01 8.430230561776479170e-02 -1.137112194969114448e-01
1.732138655765588786e-01 1.023668544190495799e-01 -1.014179497388385670e-01
1.771153525609981128e-01 1.209623441158742402e-01 -8.855634428206872466e-02
1.801055564101115836e-01 1.400889076275460554e-01 -7.512837036149219716e-02
1.821833403635089443e-01 1.597468152935537511e-01 -6.113619188489440026e-02
1.833475432936288729e-01 1.799364755414795958e-01 -4.658217062972821315e-02
1.835969824059858480e-01 2.006584357275956743e-01 -3.146886750185375753e-02
1.829304398769815709e-01 2.219134542067184857e-01 -1.579849653396605408e-02
1.813466283459034545e-01 2.437024128419515434e-01 4.265572526638412810e-04
1.788442335946597017e-01 2.660262516293808721e-01 1.720317494188956797e-02
1.754219279377850771e-01 2.888860484837441067e-01 3.452803465865218052e-02
1.710783749406978027e-01 3.122830209071842389e-01 5.239761027554103862e-02
1.658122346502577116e-01 3.362185279521550663e-01 7.080817015814655502e-02
1.596221693624498839e-01 3.606940724958733746e-01 8.975577597115826090e-02
1.525068499524785681e-01 3.857113038427510410e-01 1.092362815687729360e-01
1.444649627930288949e-01 4.112720206702921155e-01 1.292453319949227741e-01
1.354952172869366422e-01 4.373781743327257443e-01 1.497783626208555319e-01
1.255979350835818575e-01 4.640327584607114586e-01 1.708295285546439779e-01
1.147733384461223499e-01 4.912388539529407017e-01 1.923928322289616133e-01
1.030200363564900412e-01 5.189987737354968544e-01 2.144631644156372308e-01
9.033668072632747292e-02 5.473149860860310190e-01 2.370352052525123987e-01
7.672197673477938740e-02 5.761901193573601976e-01 2.601034241371850131e-01
6.217469392657282157e-02 6.056269671311770297e-01 2.836620799366798562e-01
4.669367809828646465e-02 6.356284938055235534e-01 3.077052215578567340e-01
3.027786400083698481e-02 6.661978406171374933e-01 3.322266889271202617e-01
1.292628888618236639e-02 6.973383320970168997e-01 3.572201144320355515e-01
-5.361893073974523943e-03 7.290534829545759488e-01 3.826789248817990541e-01
-2.354253823226561473e-02 7.599992980231768946e-01 4.075893763161416716e-01
-4.056879640323972358e-02 7.888263553221225299e-01 4.309476503254116020e-01
-5.643757986591642350e-02 8.155303218615808092e-01 4.527620233933449256e-01
-7.114595218237872165e-02 8.401068457028163516e-01 4.730407696256582750e-01
-8.469114341918873579e-02 8.625515474921836567e-01 4.917921598343161227e-01
-9.707056379183870432e-02 8.828600131774225757e-01 5.090244602002833574e-01
-1.082818157219696958e-01 9.010277878814412222e-01 5.247459305568374921e-01
-1.183227042954050068e-01 9.170503709043767993e-01 5.389648223447536246e-01
-1.271912461076870338e-01 9.309232118200818640e-01 5.516893762984241834e-01
-1.348856764832593869e-01 9.426417076289999031e-01 5.629278199288431095e-01
-1.414056089793086779e-01 9.522009731275360434e-01 5.726880787534968098e-01
-1.467506381913152580e-01 9.595961239031253198e-01 5.809780230855404737e-01
-1.509192961267396271e-01 9.648224842883926788e-01 5.878057713934020656e-01
-1.539103284601485433e-01 9.678753332398397635e-01 5.931794205595011249e-01
-1.557226975149228476e-01 9.687499037487886655e-01 5.971070435509509000e-01
-1.563555835884609946e-01 9.674413830865441488e-01 5.995966872369108414e-01
-1.558083846158781482e-01 9.639449138325110189e-01 6.006563704339393794e-01
-1.540807141694612026e-01 9.582555956328178137e-01 6.002940822610453031e-01
-1.511723977935157115e-01 9.503684876363961420e-01 5.985177808854551529e-01
-1.470834676766626936e-01 9.402786115554498947e-01 5.953353927384719135e-01
-1.418165697477828113e-01 9.279802249557412841e-01 5.907554840020797782e-01
-1.353743419676549653e-01 9.134676089812853172e-01 5.847865369755218534e-01
-1.277571044526715216e-01 8.967357711987011815e-01 5.774363017033341539e-01
-1.189653694696380243e-01 8.777796907068323717e-01 5.687124932840500469e-01
-1.089998320779720087e-01 8.565943221823073550e-01 5.586227930518254947e-01
-9.786135917230040504e-02 8.331746003210790397e-01 5.471748505297733267e-01
-8.555097693758162425e-02 8.075154446352104110e-01 5.343762862094316723e-01
-7.206985672933913234e-02 7.796117645685484154e-01 5.202346952036970285e-01
-5.741929939146956513e-02 7.494584648998819931e-01 5.047576518126387635e-01
-4.160071802355045506e-02 7.170504514081350589e-01 4.879527150330676966e-01
-2.555241577360468225e-02 6.837448882231698111e-01 4.703951043536702126e-01
-1.020932911852621104e-02 6.509045514773872387e-01 4.526518272988118707e-01
4.432005693116356990e-03 6.185327189399996151e-01 4.347183013474201219e-01
1.837498196740221940e-02 5.866324970025926788e-01 4.165901399884575640e-01
3.162291239552639938e-02 5.552068203559343829e-01 3.982631455709716439e-01
4.417901948437887721e-02 5.242584520145846527e-01 3.797333026013525181e-01
5.604642656708742204e-02 4.937899836539773046e-01 3.609967714897456270e-01
6.722814937428391036e-02 4.638038362263978698e-01 3.420498827453161694e-01
7.772708814785339593e-02 4.343022608237442905e-01 3.228891316178743032e-01
8.754602027984918766e-02 4.052873397565274760e-01 3.035111731814701952e-01
9.668824979482448789e-02 3.767609035943192963e-01 2.839125385212808439e-01
1.051568167663564923e-01 3.487246355916603924e-01 2.640898794590293419e-01
1.129539105152787964e-01 3.211801489840537815e-01 2.440402676635644030e-01
1.200815879208812498e-01 2.941288947653427632e-01 2.237609298339446606e-01
1.265417681304646103e-01 2.675721627145908332e-01 2.032492444911174478e-01
1.323362277221053207e-01 2.415110824986876625e-01 1.825027391328398196e-01
1.374665963094128807e-01 2.159466248272918221e-01 1.615190877391995128e-01
1.419343525778069270e-01 1.908796026376611554e-01 1.402961086150589232e-01
1.457408207425714974e-01 1.663106722877589205e-01 1.188317625547684192e-01
1.488871674196504957e-01 1.422403347367625914e-01 9.712415131355195408e-02
1.513748274140871153e-01 1.186688690935234353e-01 7.517149552423668668e-02
1.532050150254267717e-01 9.559640399803584487e-02 5.297216353457120247e-02
1.543783279719714574e-01 7.302298420618208441e-02 3.052469038296361584e-02
1.548952050258533275e-01 5.094850203213631412e-02 7.827752946281225574e-03
1.547559246721811332e-01 2.937269779706162473e-02 -1.511983051951455020e-02
1.539606041452338536e-01 8.295160159693230201e-03 -3.831910064754194545e-02
1.525091988369126905e-01 -1.228467368802208838e-02 -6.177095705671005466e-02
1.504015020731668817e-01 -3.236751797657058671e-02 -8.547615829732431447e-02
1.476371452546090257e-01 -5.195423848158849112e-02 -1.094353216663676437e-01
1.442155983580027112e-01 -7.104585282896590248e-02 -1.336489229138495827e-01
1.402653293711696447e-01 -8.843190503352239829e-02 -1.566295172079153475e-01
1.359138352699587327e-01 -1.028989822770181861e-01 -1.768918811227503385e-01
1.311588464738438764e-01 -1.144440092076047244e-01 -1.944396653262316921e-01
1.259978826788574202e-01 -1.230641232770690319e-01 -2.092763374457370096e-01
1.204282491508540803e-01 -1.287566758099667752e-01 -2.214051801469921199e-01
1.144470344459622008e-01 -1.315192327352534829e-01 -2.308292895872483819e-01
1.080511094270617117e-01 -1.313495749206005925e-01 -2.375515743280315339e-01
1.012371274433167545e-01 -1.282456980485036091e-01 -2.415747547939424977e-01
9.400152553846853609e-02 -1.222058119728445386e-01 -2.429013633641058656e-01
8.634052655281057587e-02 -1.132283394947756761e-01 -2.415337451822454073e-01
7.824972160163647106e-02 -1.013120291840492460e-01 -2.374737384319385025e-01
6.972452230615495961e-02 -8.645582550858754711e-02 -2.307229834866423301e-01
6.076056793123324473e-02 -6.865876370700296771e-02 -2.212832493025919944e-01
5.135329217317455980e-02 -4.792009012822372876e-02 -2.091561209066476190e-01
4.149792526592425285e-02 -2.423925885045988965e-02 -1.943430036371420477e-01
3.118949619517517521e-02 2.384072608706929580e-03 -1.768451285793376238e-01
2.042283489829650744e-02 3.195004854582031428e-02 -1.566635592713546132e-01
9.192574334935274191e-03 6.445862134311411418e-02 -1.337991997546032763e-01
-2.506847678375011962e-03 9.990955881293323015e-02 -1.082528040410059567e-01
-1.468118696601697359e-02 1.383024526704376422e-01 -8.002498706790366068e-02
-2.733533618089302453e-02 1.796380020021692836e-01 -4.911820114607771959e-02
-4.047439107756716642e-02 2.239166542703349971e-01 -1.553463557779427746e-02
-5.410470409592425811e-02 2.711373671557447129e-01 2.072568457770595368e-02
-6.823282583628509368e-02 3.212989337175704563e-01 5.966285318790449238e-02
-8.286550759432995128e-02 3.743999949241943459e-01 1.012770659347422414e-01
-9.800970469657468986e-02 4.304390536757290997e-01 1.455686012517059813e-01
-1.136725806356212731e-01 4.894144903993434825e-01 1.925377992307154840e-01
-1.298615119781217631e-01 5.513245803057650329e-01 2.421850384167816839e-01
-1.465840939892913697e-01 6.161675124036902762e-01 2.945107104060650793e-01
-1.638481468850864486e-01 6.839414103760166341e-01 3.495151921591174715e-01
-1.805410467124766438e-01 7.504128155055069804e-01 4.035203003998396043e-01
-1.955364435965110670e-01 8.113509661929576566e-01 4.528496779283593399e-01
-2.088215451022880087e-01 8.667573657744661597e-01 4.975062256335698874e-01
-2.203834730605830072e-01 9.166332972342715601e-01 5.374931867580573508e-01
-2.302092718478368494e-01 9.609797947419230768e-01 5.728141797644712430e-01
-2.382859176592260209e-01 9.997976192143331886e-01 6.034732262105424461e-01
-2.446003284279526790e-01 1.033087238046431988e+00 6.294747735968423408e-01
-2.491393739802509333e-01 1.060848809155387151e+00 6.508237131727417912e-01
-2.518898859617953456e-01 1.083082169480848567e+00 6.675253927087672068e-01
-2.528386670275261094e-01 1.099786828077762513e+00 6.795856242668411040e-01
-2.519732431381763726e-01 1.110960110517057009e+00 6.870123089375034242e-01
-2.492810559953125560e-01 1.116599267200230727e+00 6.898134319227291478e-01
-2.447487637953901229e-01 1.116703207601116077e+00 6.879956183849778029e-01
-2.383630267962641713e-01 1.111270523676460398e+00 6.815659419847734934e-01
-2.301105093284011027e-01 1.100299496127357335e+00 6.705319203309849652e-01
-2.199778783384635783e-01 1.083788105836559046e+00 6.549015057900269277e-01
-2.079517979185770138e-01 1.061734050551280673e+00 6.346830717866308591e-01
-1.940189192993002354e-01 1.034134766874131195e+00 6.098853947279688770e-01
-1.781658658193877032e-01 1.000987457621157928e+00 5.805176316741644804e-01
-1.603792124304536104e-01 9.622891246062812431e-01 5.465892938604458573e-01
-1.406425491744610623e-01 9.180394312363796550e-01 5.081101139275289169e-01
-1.189394649724593023e-01 8.682377662642023486e-01 4.650900970659902489e-01
-9.525645327867081347e-02 8.128804499023991603e-01 4.175396676897021320e-01
-6.957994166218683940e-02 7.519636493094008500e-01 3.654695656464700959e-01
-4.189625116560281165e-02 6.854834273369483366e-01 3.088908094124483417e-01
-1.219154862496145061e-02 6.134357972308837059e-01 2.478146551673861553e-01
1.954820808754631489e-02 5.358167834408237296e-01 1.822525515742040303e-01
5.333733182678877111e-02 4.526224887337799152e-01 1.122160899897954173e-01
8.919047475051831986e-02 3.638491678517079553e-01 3.771694972524956141e-02
1.271227033793668471e-01 2.694933080015735616e-01 -4.123316214726423928e-02
1.655206645569115564e-01 1.742118233774020697e-01 -1.204387059191408260e-01
2.027530957544243229e-01 8.266718557094317188e-02 -1.957174058989806786e-01
2.388092312942534101e-01 -5.135065256323237230e-03 -2.670777989481192272e-01
2.736791566021811173e-01 -8.918877828851555500e-02 -3.345288312630030902e-01
3.073537505224582245e-01 -1.694872418771298794e-01 -3.980798261433513563e-01
3.398246283759257524e-01 -2.460232282185391695e-01 -4.577404576733971608e-01
3.710840863847196802e-01 -3.187890333350683059e-01 -5.135207296067204608e-01
4.011250480032214072e-01 -3.877765127812936585e-01 -5.654309588000483444e-01
4.299410126250692299e-01 -4.529771134675416588e-01 -6.134817625963920884e-01
4.575260070780309274e-01 -5.143819019597658526e-01 -6.576840496117699608e-01
4.838736632878152255e-01 -5.719825516015691891e-01 -6.980489435096849382e-01
5.089781036892666588e-01 -6.257703758036176067e-01 -7.345876845347826256e-01
5.328348365975761336e-01 -6.757353152824994158e-01 -7.673118359130729482e-01
5.554398375220738204e-01 -7.218669080181617792e-01 -7.962333134611496721e-01
5.767895070680424396e-01 -7.641543109262634026e-01 -8.213643852997224437e-01
5.968806332978517926e-01 -8.025863195940499129e-01 -8.427176726917559035e-01
6.157103588562069518e-01 -8.371513862391856131e-01 -8.603061516993431024e-01
6.332761531553489087e-01 -8.678376360168389425e-01 -8.741431553953655786e-01
6.495757899098532073e-01 -8.946328817692967839e-01 -8.842423764047643298e-01
6.646073303063882998e-01 -9.175246372843998133e-01 -8.906178695853789185e-01
6.783646649603085610e-01 -9.365057844092685713e-01 -8.932824931489723452e-01
6.908424943314435129e-01 -9.515686474771614112e-01 -8.922492448589527392e-01
7.020404950109693232e-01 -9.626994383882618855e-01 -8.875329841496379935e-01
7.119585954146320228e-01 -9.698840474242327314e-01 -8.791490020414369777e-01
7.205969753412156953e-01 -9.731080557565932043e-01 -8.671130229055493688e-01
7.279560729829503973e-01 -9.723567469404684749e-01 -8.514412051710725793e-01
7.340365997183360136e-01 -9.676151173513484194e-01 -8.321501409023280837e-01
7.388395630169953820e-01 -9.588678855250499788e-01 -8.092568541801079540e-01
7.423662977852087952e-01 -9.460995003703993600e-01 -7.827787982198332051e-01
7.446185064797475883e-01 -9.292941482404978304e-01 -7.527338511517251973e-01
7.456423083619373449e-01 -9.108727013365159886e-01 -7.215295740638097977e-01
7.454790612746016176e-01 -8.932787547245055748e-01 -6.915502203044312513e-01
7.441239088068278829e-01 -8.765297553684238130e-01 -6.627787224592598392e-01
7.415723427282646663e-01 -8.606426715142116990e-01 -6.351979877280715669e-01
7.378201669856661038e-01 -8.456339835023225504e-01 -6.087909087574583378e-01
7.328634645775409240e-01 -8.315196771143994470e-01 -5.835403750144866342e-01
7.266985672713380806e-01 -8.183152393453974049e-01 -5.594292846975188471e-01
7.193220281210903622e-01 -8.060356565005610818e-01 -5.364405571723341870e-01
7.107305967377355316e-01 -7.946954145247415724e-01 -5.145571459156155214e-01
7.009211972593306639e-01 -7.843085014785284859e-01 -4.937620519426429433e-01
6.898924699995747645e-01 -7.748871237131801371e-01 -4.740374832729819521e-01
6.776426944007123421e-01 -7.664431767613776314e-01 -4.553661058342809431e-01
6.641684907036597973e-01 -7.589894568186652535e-01 -4.377316978634173128e-01
6.494666236067648812e-01 -7.525382909683419053e-01 -4.211181098923885147e-01
6.335339872840832776e-01 -7.471015437130408277e-01 -4.055092780729828150e-01
6.163675926937519645e-01 -7.426906253073977116e-01 -3.908892377462982459e-01
5.979645571128437975e-01 -7.393165018293400559e-01 -3.772421372223899727e-01
5.783220958330111960e-01 -7.369897069291906355e-01 -3.645522517358614767e-01
5.574375159496024468e-01 -7.357203551969100364e-01 -3.528039975446674581e-01
5.353082121755660117e-01 -7.355181570883699838e-01 -3.419819461415819495e-01
5.119368553737703165e-01 -7.363927806422071454e-01 -3.320692477168699641e-01
4.873258514483086445e-01 -7.383534761117280798e-01 -3.230494227555140707e-01
4.614723140578608773e-01 -7.414087446148679428e-01 -3.149078445995681652e-01
4.343734256311069797e-01 -7.455667145119295736e-01 -3.076300584959641982e-01
4.060264377178063877e-01 -7.508351586558713597e-01 -3.012017940511730885e-01
3.764286729485109562e-01 -7.572215128911363724e-01 -2.956089775805824105e-01
3.455775285362261973e-01 -7.647328957423147333e-01 -2.908377443419832842e-01
3.134704812537206786e-01 -7.733761292325969094e-01 -2.868744506486422541e-01
2.801050938206290364e-01 -7.831577607704474087e-01 -2.837056858640019663e-01
2.454790226354273130e-01 -7.940840860409336122e-01 -2.813182842869966227e-01
2.110182730693287156e-01 -8.040650178804530368e-01 -2.785897279502977386e-01
1.781523496948873297e-01 -8.110014121135117326e-01 -2.744191777921743958e-01
1.468843105709196351e-01 -8.148861492687428099e-01 -2.688254907174387753e-01
1.172172056395194562e-01 -8.157127071666064877e-01 -2.618266829717381117e-01
8.915407754743100155e-02 -8.134751358661311826e-01 -2.534399181382477884e-01
6.269796658327118910e-02 -8.081680359874171549e-01 -2.436814961516549083e-01
3.785191934464888358e-02 -7.997865402613134611e-01 -2.325668432228917559e-01
1.461900074823685100e-02 -7.883262981585422713e-01 -2.201105025700162421e-01
-6.997691005553592636e-03 -7.737834634526757904e-01 -2.063261258489229588e-01
-2.699500690311635101e-02 -7.561546845745527046e-01 -1.912264651726850173e-01
-4.537194765589646489e-02 -7.354369090064332148e-01 -1.748229872677803942e-01
-6.212695836998607252e-02 -7.116275009263274276e-01 -1.571262737590506386e-01
-7.725592154310986781e-02 -6.847244791841247125e-01 -1.381464108510528088e-01
-9.075459398525625998e-02 -6.547263647982604073e-01 -1.178925998200325842e-01
-1.026185919172338257e-01 -6.216321790376708734e-01 -9.637314892237668074e-02
-1.128433758443753987e-01 -5.854414435533203953e-01 -7.359546481932896511e-02
-1.214242356029881925e-01 -5.461541824425309999e-01 -4.956604333995569267e-02
-1.283562759833575539e-01 -5.037709261316303255e-01 -2.429045939444290925e-02
-1.336344033405856002e-01 -4.582927169637849851e-01 2.226644159507312152e-03
-1.372533136134601595e-01 -4.097211163789891142e-01 2.998156890270095923e-02
-1.392092699120128507e-01 -3.580592243190472979e-01 5.897496579833537422e-02
-1.394980637097192888e-01 -3.033105690073811256e-01 8.920822452937365865e-02
-1.381133575233751687e-01 -2.454781491882876976e-01 1.206801712039314162e-01
-1.350485998421141476e-01 -1.845655057301224533e-01 1.533905804575051712e-01
-1.302970299618593786e-01 -1.205767323549338660e-01 1.873401958053139971e-01
-1.238516867954798234e-01 -5.351648716947546292e-02 2.225307525119274987e-01
-1.157054221659978011e-01 1.660999517194971728e-02 2.589650031478260006e-01
-1.058509191149945572e-01 8.979689086188029357e-02 2.966467459835222531e-01
-9.428071578558831767e-02 1.660377741034213261e-01 3.355808563469204198e-01
-8.098723546868415168e-02 2.453256042830396222e-01 3.757733210384445188e-01
-6.714107316373493783e-02 3.239372741810254142e-01 4.153126723117188113e-01
-5.392463860570351208e-02 3.981574391026219129e-01 4.522795015712469668e-01
-4.134772377093177964e-02 4.679903938858215873e-01 4.866689490017335196e-01
-2.941980493096795629e-02 5.334403744209719189e-01 5.184762575562765763e-01
-1.815001894521161771e-02 5.945115695126427235e-01 5.476967396993588366e-01
-7.547141734595103763e-03 6.512081307057041579e-01 5.743257483700273669e-01
2.380431169031676369e-03 7.035341801397664296e-01 5.983586520326068525e-01
1.162470206415828523e-02 7.514938165141776816e-01 6.197908136635441601e-01
2.017808654474600311e-02 7.950911192613806522e-01 6.386175735054927527e-01
2.803342699530503648e-02 8.343301510405869426e-01 6.548342354038196866e-01
3.518457778527765700e-02 8.692154733211301387e-01 6.684348878847427011e-01
4.162570114233516555e-02 8.997515086089296066e-01 6.794136774634972342e-01
4.735073540348081617e-02 9.259420686624701968e-01 6.877659624999298282e-01
5.235403573558850693e-02 9.477909248373987960e-01 6.934870965128180353e-01
5.663038189601843353e-02 9.653018076963683081e-01 6.965724220306628300e-01
6.017498397514040032e-02 9.784784057094979559e-01 6.970172667698355529e-01
6.298348609915388474e-02 9.873243631940773479e-01 6.948169419046393847e-01
6.505196807344298948e-02 9.918432776451998611e-01 6.899667421880615326e-01
6.637694495120660676e-02 9.920386966105542159e-01 6.824619476780078298e-01
6.695536451875558348e-02 9.879141142625316174e-01 6.722978268216963649e-01
6.678744685033498329e-02 9.794749170633655355e-01 6.594666175022112498e-01
6.587369747606541814e-02 9.667262960226690183e-01 6.439607533527731409e-01
6.421212440453658021e-02 9.496713573534416586e-01 6.257758041833129115e-01
6.180114423599874368e-02 9.283131353204143732e-01 6.049073609566110177e-01
5.863957493674766541e-02 9.026545904413061372e-01 5.813510387789223577e-01
5.472662684577389580e-02 8.726986081238341519e-01 5.551024799537883636e-01
5.006189196708618616e-02 8.384479978615861917e-01 5.261573568826198866e-01
4.464533160727854333e-02 7.999054931043158012e-01 4.945113746054844439e-01
3.847726242257154539e-02 7.570737519097342494e-01 4.601602727868568388e-01
3.155834094266439516e-02 7.099553584758788727e-01 4.230998269648365562e-01
2.451085424285821476e-02 6.612306463493863307e-01 3.855419050107367629e-01
1.795153857502221686e-02 6.135770793449131233e-01 3.497030014478929028e-01
1.187333698459754582e-02 5.669932692359561655e-01 3.155859378755767053e-01
6.269595585241117056e-03 5.214779237445886784e-01 2.831933156880874769e-01
1.134072102471439178e-03 4.770298350534495913e-01 2.525275306995257152e-01
-3.539056634585317079e-03 4.336478698624040562e-01 2.235907864699269998e-01
-7.755188146436218719e-03 3.913309609073729045e-01 1.963851063516271478e-01
-1.151928860682378472e-02 3.500780998560832913e-01 1.709123442806984861e-01
-1.483588791324476353e-02 3.098883314931121236e-01 1.471741943433972077e-01
-1.770907545103649408e-02 2.707607491045351811e-01 1.251721991519161303e-01
-2.014275145679653156e-02 2.326942921725542734e-01 1.049080074297237958e-01
-2.214034446238708626e-02 1.956879359409908481e-01 8.638315402863080972e-02
-2.370457316529746283e-02 1.597408985748375032e-01 6.959879011008140992e-02
-2.483771342050066985e-02 1.248524457406154364e-01 5.455592199830993499e-02
-2.554159590755934392e-02 9.102188883022964416e-02 4.125541510431249975e-02
-2.581760424071468524e-02 5.824858381204096880e-02 2.969799694235214158e-02
-2.566667348632234794e-02 2.653193061322326601e-02 1.988425928753030647e-02
-2.508928905543865787e-02 -4.128627063272701479e-03 1.181465952427106919e-02
-2.408548594216855521e-02 -3.373360158428484468e-02 5.489521236718686130e-03
-2.265484828063040260e-02 -6.228346099224420229e-02 9.090340929166422328e-04
-2.079631475703975704e-02 -8.977854247282682221e-02 -1.926463944333389484e-03
-1.850837129730605740e-02 -1.162191374723923337e-01 -3.016781923268596188e-03
-1.578924809941856938e-02 -1.416055784140438922e-01 -2.362156703688913801e-03
-1.263672690977651197e-02 -1.659381531468851756e-01 3.703278119421334888e-05
-9.048141531781666441e-03 -1.892171052142743448e-01 4.180262837804048920e-03
-5.020378514632555141e-03 -2.114426344747752096e-01 1.006686194176232077e-02
-5.498780004806799043e-04 -2.326148981748271949e-01 1.769600733820083857e-02
4.367365291684246857e-03 -2.527340125722961628e-01 2.706672136727100719e-02
9.735800966786223309e-03 -2.718000552100412470e-01 3.817786756949679422e-02
1.556032176006994124e-02 -2.898130679386872188e-01 5.102814662585583583e-02
2.166202451783787175e-02 -3.060945846310905161e-01 6.429327591310513013e-02
2.785767201075727006e-02 -3.199662889819540612e-01 7.664940845190089391e-02
3.414611271161109574e-02 -3.314284748485287757e-01 8.809565486333968687e-02
4.052636153492021609e-02 -3.404815048705462921e-01 9.863096788450005648e-02
4.699759916200003246e-02 -3.471258102734613438e-01 1.082541429536464928e-01
5.355917145237332894e-02 -3.513618908722845879e-01 1.169638185924700424e-01
6.021058899204263792e-02 -3.531903152597661855e-01 1.247584766327122091e-01
6.695152682914605469e-02 -3.526117211629500869e-01 1.316364423339772549e-01
7.378182444772593551e-02 -3.496268159524105745e-01 1.375958844390798852e-01
8.070148603059799919e-02 -3.442363772887237494e-01 1.426348152128561753e-01
8.771060253898414760e-02 -3.364414130981221995e-01 1.467508455269875278e-01
9.480942749233361999e-02 -3.262429956835460332e-01 1.499414106952633441e-01
1.019984534127924281e-01 -3.136421079032902237e-01 1.522040221972599805e-01
1.092783347920578685e-01 -2.986398073133514908e-01 1.535360319372725824e-01
1.166498899255466043e-01 -2.812372271608495899e-01 1.539346331423736003e-01
1.241141033551246137e-01 -2.614355774220723516e-01 1.533968615183851358e-01
1.316721289735366673e-01 -2.392361458698351873e-01 1.519195967100279432e-01
1.393252938433185983e-01 -2.146402991544767713e-01 1.494995641128718522e-01
1.470751027824373502e-01 -1.876494838821599342e-01 1.461333370864998926e-01
1.549232437680555796e-01 -1.582652276734143049e-01 1.418173396205468506e-01
1.628726544207793059e-01 -1.264891922451852335e-01 1.365486628495267696e-01
1.709263988965114278e-01 -9.232310172539509585e-02 1.303242019326402712e-01
1.790866335784827013e-01 -5.576870215128421071e-02 1.231398663445288505e-01
1.873557044872493083e-01 -1.682782484068925943e-02 1.149914219919142139e-01
1.957361561617467494e-01 2.449761279627547805e-02 1.058744964755266582e-01
2.042307416519502927e-01 6.820560658252264319e-02 9.578458514133893209e-02
2.128424336605870548e-01 1.142940650629898358e-01 8.471705799597566144e-02
2.215744368668451092e-01 1.627608091867810136e-01 7.266716756776844810e-02
2.304302014597255088e-01 2.136035722150804450e-01 5.963005780227385866e-02
2.394134379025611714e-01 2.668199998911142123e-01 4.560077408904499724e-02
2.478033894112350588e-01 3.195937079175312778e-01 3.190517630293319973e-02
2.548724786360770378e-01 3.691127496587083279e-01 1.987521430738429726e-02
2.606141525374793266e-01 4.153816641026862322e-01 9.514505088288029155e-03
2.650214228727880150e-01 4.584049613865843753e-01 8.261932538122366589e-04
2.680868577104523753e-01 4.981871201550679418e-01 -6.187065488727688800e-03
2.698025752612107642e-01 5.347325851023942977e-01 -1.152311990326987737e-02
2.701602398646427150e-01 5.680457648613799204e-01 -1.518033767655951188e-02
2.691510599573458951e-01 5.981310304101719044e-01 -1.715761857970239321e-02
2.667657878368871471e-01 6.249927141728969238e-01 -1.745440616506506795e-02
2.629947210240839439e-01 6.486351099945532050e-01 -1.607069782224280347e-02
2.578275309887145261e-01 6.690622400996365515e-01 -1.300787780295057511e-02
2.512534580114256788e-01 6.862780532872327921e-01 -8.267733244652322039e-03
2.432614950109094343e-01 7.002866720622765717e-01 -1.851713010617058071e-03
2.338402132342633499e-01 7.110921780424671601e-01 6.238159850702654219e-03
2.229777660790979443e-01 7.186986169655104062e-01 1.599928358697575229e-02
2.106618932564665314e-01 7.231100056332985249e-01 2.742847585306230906e-02
1.968799250521150179e-01 7.243303409777955837e-01 4.052197460398995754e-02
1.816187864426790088e-01 7.223636114313103374e-01 5.527544191926889172e-02
1.648650008254527177e-01 7.172138107809056251e-01 7.168397090591206722e-02
1.466046931253251473e-01 7.088849546830654491e-01 8.974209582655835737e-02
1.268228475202376471e-01 6.973842970177525080e-01 1.094441113586428344e-01
1.055040430478520613e-01 6.827189212218341963e-01 1.307838431312301486e-01
8.263321863472927742e-02 6.648926383285913566e-01 1.537542836030874327e-01
5.819493824779466140e-02 6.439093102511098676e-01 1.783478701683507139e-01
3.217338895746955224e-02 6.197728774307411648e-01 2.045565060350998943e-01
4.552377193936578414e-03 5.924873901295034662e-01 2.323715851933644272e-01
-2.468467694968871917e-02 5.620570435146277077e-01 2.617840216464578651e-01
-5.555474748151328912e-02 5.284862166759253244e-01 2.927842830960690756e-01
-8.807521242011073781e-02 4.917795157079590251e-01 3.253624292919242156e-01
-1.222638658848488324e-01 4.519418209795159624e-01 3.595081552806304037e-01
-1.565408046485903537e-01 4.110719484195058393e-01 3.929074857946959765e-01
-1.893025346256567987e-01 3.712647833629471594e-01 4.232584655335261958e-01
-2.205328723640916921e-01 3.325194357004948031e-01 4.505690187883237274e-01
-2.502165890733547005e-01 2.948354789563494283e-01 4.748469317885134489e-01
-2.783393975960675171e-01 2.582129199909812267e-01 4.960998225555402485e-01
-3.048879396893817706e-01 2.226521739539463474e-01 5.143351142162256862e-01
-3.298497737995038648e-01 1.881540441468037561e-01 5.295600115333412017e-01
-3.532133634878029116e-01 1.547197064494966467e-01 5.417814804297798048e-01
-3.749680666447650079e-01 1.223506979610810841e-01 5.510062302961946656e-01
-3.951041256105209398e-01 9.104890950432567576e-02 5.572406988833794594e-01
-4.136131626738644429e-01 6.081531166565046220e-02 5.604916879528895057e-01
-4.304875283892161675e-01 3.165146366995084948e-02 5.607655257637359503e-01
-4.457198642886348594e-01 3.560713779734546967e-03 5.580675432961156313e-01
-4.593036717821985526e-01 -2.345317660035663859e-02 5.524028183907230272e-01
-4.712333068462539742e-01 -4.938603489151063841e-02 5.437761690252609359e-01
-4.815039762575956672e-01 -7.423327755852089649e-02 5.321921480482243449e-01
-4.901117354797341341e-01 -9.798990891230467681e-02 5.176550391881472590e-01
-4.970534883090300671e-01 -1.206505188309735244e-01 5.001688541580990854e-01
-5.023269883912642175e-01 -1.422092797326410252e-01 4.797373306759082356e-01
-5.059308427228607075e-01 -1.626599431331872403e-01 4.563639312205302612e-01
-5.078662337938555371e-01 -1.820002323889624296e-01 4.300503527461688735e-01
-5.081350899052866632e-01 -2.002271679953389616e-01 4.007979249996026505e-01
-5.067384147634022007e-01 -2.173327844456938440e-01 3.686091746938180980e-01
-5.036780671228302531e-01 -2.333086587509489440e-01 3.334863912077343784e-01
-4.989567734553216338e-01 -2.481459137050653352e-01 2.954316267243123351e-01
-4.925781434360698152e-01 -2.618352227566898005e-01 2.544466958963467196e-01
-4.845466883800252922e-01 -2.743668168356788728e-01 2.105331748491005017e-01
-4.748678427570685590e-01 -2.857304934951463982e-01 1.636923993287638102e-01
-4.635479889090070027e-01 -2.959156287442885613e-01 1.139254618059384466e-01
-4.505944850840252203e-01 -3.049111919645745017e-01 6.123320734796119241e-02
-4.369591828240325659e-01 -3.125752572378868166e-01 8.516769287874490293e-03
-4.235822351275966291e-01 -3.187819111202430111e-01 -4.131879036026338270e-02
-4.104548405537152278e-01 -3.235436793860003712e-01 -8.826648335483668062e-02
-3.975687341566306876e-01 -3.268728839876477443e-01 -1.323196164768448424e-01
-3.849161593876558318e-01 -3.287816196204143560e-01 -1.734717853673628518e-01
-3.724898435528306018e-01 -3.292817332578116818e-01 -2.117168678326361297e-01
-3.602829767378274428e-01 -3.283848064327196115e-01 -2.470490167078353561e-01
-3.482891940978099510e-01 -3.261021400571629258e-01 -2.794626523617105285e-01
-3.365025613987582820e-01 -3.224447415900837388e-01 -3.089524549167253498e-01
-3.249175636875771822e-01 -3.174233143762803522e-01 -3.355133562534737268e-01
-3.135281612347854963e-01 -3.110478976941642437e-01 -3.591417293282533896e-01
-3.023288363603266471e-01 -3.033281961770226687e-01 -3.798339766183962407e-01
-2.913154994822230726e-01 -2.942739643101453528e-01 -3.975854325050023896e-01
-2.804844997857572353e-01 -2.838946665392709789e-01 -4.123916582402009090e-01
-2.698326205084887741e-01 -2.721994715447599855e-01 -4.242484351664315145e-01
-2.593570765539008338e-01 -2.591972477269903208e-01 -4.331517580981563698e-01
-2.490555143014160921e-01 -2.448965597543752426e-01 -4.390978289241039834e-01
-2.389260134805864799e-01 -2.293056660269821301e-01 -4.420830504885016610e-01
-2.289670909778395713e-01 -2.124325169087508125e-01 -4.421040208108713565e-01
-2.191777064453302171e-01 -1.942847535801756897e-01 -4.391575277055156934e-01
-2.095557206930909189e-01 -1.748684224512357110e-01 -4.332413976840000513e-01
-2.000995637071811550e-01 -1.541893080610005073e-01 -4.243535272228741162e-01
-1.908097299712352146e-01 -1.322542073575298516e-01 -4.124910837608132819e-01
-1.816871785996104771e-01 -1.090696232503136215e-01 -3.976514134967048530e-01
-1.727333410805620140e-01 -8.464176250267556323e-02 -3.798320395727350363e-01
-1.639501301038453762e-01 -5.897653322396317899e-02 -3.590306610664387721e-01
-1.553399493511171403e-01 -3.207954178889141361e-02 -3.352451528657923729e-01
-1.469057041258665930e-01 -3.956089005910498960e-03 -3.084735665046395847e-01
-1.386508126968568899e-01 2.538883464949445723e-02 -2.787141320389793231e-01
-1.305792182251081790e-01 5.595055492619533527e-02 -2.459652610487503277e-01
-1.228717943057607842e-01 8.594096696343284103e-02 -2.125051814272956030e-01
-1.157022196921845825e-01 1.135755793834325317e-01 -1.806151607045023422e-01
-1.090643087290335406e-01 1.388552451441154856e-01 -1.502985530211388976e-01
-1.029521939323868457e-01 1.617809018708436242e-01 -1.215586847360650424e-01
-9.736032083935299009e-02 1.823535623103707537e-01 -9.439884785068743123e-02
-9.228344340924279909e-02 2.005743059714308330e-01 -6.882229469658619758e-02
-8.771661999709053081e-02 2.164442718880356664e-01 -4.483223378895851569e-02
-8.365520991323847910e-02 2.299646524425742744e-01 -2.243182675197313153e-02
-8.009487057677101840e-02 2.411366881868822476e-01 -1.624186225184077233e-03
-7.703155526584062884e-02 2.499616636004771408e-01 1.758762533725568081e-02
-7.446136082012855262e-02 2.564406167133579939e-01 3.520077056662263698e-02
-7.238069612652806017e-02 2.605746126810843388e-01 5.121242239218880277e-02
-7.078642753460495651e-02 2.623650438689333897e-01 6.561960258447824268e-02
-6.967571916035852908e-02 2.618133490184775258e-01 7.841937427727117826e-02
-6.904603201347515873e-02 2.589210112112085849e-01 8.960884187671724899e-02
-6.889512370513156680e-02 2.536895564173517470e-01 9.918515058455226741e-02
-6.922104873295988059e-02 2.461205525725279064e-01 1.071454856176538017e-01
-7.002215933984418106e-02 2.362156091253048151e-01 1.134870712060583320e-01
-7.129710694358047662e-02 2.239763769989167042e-01 1.182071694517734806e-01
-7.304484413507701668e-02 2.094045489104360003e-01 1.213030791312842277e-01
-7.526459827559250915e-02 1.925019036315534782e-01 1.227725011663825944e-01
-7.795590870197659228e-02 1.732702664786663627e-01 1.226131420728866078e-01
-8.111865042012152138e-02 1.517114658061809174e-01 1.208223607494429142e-01
-8.475300353726721025e-02 1.278273757739880334e-01 1.173975494008641790e-01
-8.885945662558111802e-02 1.016199167844481499e-01 1.123361340741116793e-01
-9.343881066317351325e-02 7.309105592271800123e-02 1.056355756551354413e-01
-9.849218355259291291e-02 4.224280733970321722e-02 9.729337141685341639e-02
-1.040210152159289497e-01 9.077232515299129070e-03 8.730705721081040427e-02
-1.100270732641059068e-01 -2.640355966205024801e-02 7.567421039765995228e-02
-1.165124592358167538e-01 -6.419741306573910344e-02 6.239245361435515058e-02
-1.230097548348541570e-01 -1.017476448014926760e-01 4.865114084987192528e-02
-1.290485518269629539e-01 -1.364997859306270878e-01 3.564317150929906253e-02
-1.346268044834628974e-01 -1.684549597571519675e-01 2.337152972764306239e-02
-1.397425735162943217e-01 -1.976142808034396792e-01 1.183920563278366249e-02
-1.443940210267705693e-01 -2.239788544413330307e-01 1.049192153376820149e-03
-1.485794060730066812e-01 -2.475497765812178508e-01 -8.995517638074029126e-03
-1.522970808584216407e-01 -2.683281334078980729e-01 -1.829193268494547567e-02
-1.555454875418093852e-01 -2.863150011531069294e-01 -2.683706564408979561e-02
-1.583231556680385899e-01 -3.015114458956383858e-01 -3.462793415400543251e-02
-1.606287002172782641e-01 -3.139185233808288178e-01 -4.166156170416296378e-02
-1.624605479936600261e-01 -3.235372801768316431e-01 -4.793514743295200498e-02
-1.638172356272526997e-01 -3.303687414453058135e-01 -5.344587836237844197e-02
-1.646976720398681815e-01 -3.344139155914797601e-01 -5.819076570125805009e-02
-1.651008532990238253e-01 -3.356738010719278464e-01 -6.216682257546466556e-02
-1.650258621820888116e-01 -3.341493862368201673e-01 -6.537106420171111265e-02
-1.644718683467454312e-01 -3.298416491450235077e-01 -6.780050783854980889e-02
-1.634381291055385932e-01 -3.227515573452382491e-01 -6.945217254099893267e-02
-1.619239908025276731e-01 -3.128800676163305816e-01 -7.032307874536780634e-02
-1.599288907904005685e-01 -3.002281256599175219e-01 -7.041024771140173832e-02
-1.574523600068341023e-01 -2.847966657380220368e-01 -6.971070084975897196e-02
-1.544941292571592184e-01 -2.665865685976758770e-01 -6.822165619986760021e-02
-1.510540333040688854e-01 -2.455986973825012576e-01 -6.594031447163069271e-02
-1.471319025524028823e-01 -2.218339428462416663e-01 -6.286366917673844035e-02
-1.427276655912642078e-01 -1.952931842670520834e-01 -5.898871145660001397e-02
-1.378413532852267864e-01 -1.659772888024918791e-01 -5.431242981778928308e-02
-1.324731034704931809e-01 -1.338871107340491862e-01 -4.883180995140863623e-02
-1.266231662566194294e-01 -9.902349059088844108e-02 -4.254383467498244753e-02
-1.202919099342565634e-01 -6.138725414171203321e-02 -3.544548403869095254e-02
-1.134798274889869257e-01 -2.097921124274738230e-02 -2.753373564131653475e-02
-1.061875437207111667e-01 2.219984547108537487e-02 -1.880556520520590413e-02
-9.880259660312906700e-02 6.555980458402443922e-02 -9.757281694701058425e-03
-9.171181436068698289e-02 1.065109745711947109e-01 -8.889733454739293453e-04
-8.491492503951114657e-02 1.450535165481757482e-01 7.796810251180147366e-03
-7.841179761225916534e-02 1.811876092148707040e-01 1.629756932074090392e-02
-7.220243734439990568e-02 2.149134479751707572e-01 2.461085411143518892e-02
-6.628698164700159989e-02 2.462312441801345064e-01 3.273426484335364289e-02
-6.066569640198028746e-02 2.751412244874468227e-01 4.066545144539732148e-02
-5.533897274519194998e-02 3.016436303311035849e-01 4.840211312236007007e-02
-5.030732429257378513e-02 3.257387174954670672e-01 5.594199779224950236e-02
-4.557138479451446761e-02 3.474267557881747792e-01 6.328290143201746598e-02
-4.113181785547016800e-02 3.667081818982597108e-01 7.042268123378410405e-02
-3.698941715211963993e-02 3.835834393715176205e-01 7.735924497993441895e-02
-3.314519294309000580e-02 3.980528299950598647e-01 8.409053316080496165e-02
-2.960027750260652360e-02 4.101166705601115292e-01 9.061452964356545015e-02
-2.635592373608977232e-02 4.197752928607125789e-01 9.692926096177346962e-02
-2.341350413957137694e-02 4.270290437618156076e-01 1.030327957231347152e-01
-2.077451009134585400e-02 4.318782853321654347e-01 1.089232441686877606e-01
-1.844055146481036675e-02 4.343233950375618990e-01 1.145987579161936026e-01
-1.641335655195692161e-02 4.343647659902319380e-01 1.200575299201845220e-01
-1.469477228737920381e-02 4.320028072502322680e-01 1.252977946810449050e-01
-1.328637667615283936e-02 4.272379981745121902e-01 1.303177444779261007e-01
-1.218988966676764346e-02 4.200708262214157274e-01 1.351156188773546263e-01
-1.140755119486856761e-02 4.105017378396726424e-01 1.396897833330531247e-01
-1.094172273679053925e-02 3.985311972559150706e-01 1.440386422603919248e-01
-1.079488806879979820e-02 3.841596869368840705e-01 1.481606404307769520e-01
-1.096965426580374069e-02 3.673877080771726922e-01 1.520542648241683947e-01
-1.146875293007325672e-02 3.482157811084543031e-01 1.557180469743748019e-01
-1.229504163965942573e-02 3.266444462261558490e-01 1.591505658424276770e-01
-1.345150560503449201e-02 3.026742639293153458e-01 1.623504512541579237e-01
-1.494125952100471000e-02 2.763058155692351692e-01 1.653163879389680513e-01
-1.641446957691709840e-02 2.498260002774610189e-01 1.681808168810053350e-01
-1.751673425532622452e-02 2.255212506292235686e-01 1.710779168185902477e-01
-1.824444688290894831e-02 2.033909266089602985e-01 1.740089546030844370e-01
-1.859393485403863441e-02 1.834343688837986597e-01 1.769751431979293133e-01
-1.856145854519795912e-02 1.656508982476792291e-01 1.799776379154765793e-01
-1.814321046210904190e-02 1.500398150745484716e-01 1.830175331391470372e-01
-1.733531460848488151e-02 1.366003987811748865e-01 1.860958595476533417e-01
-1.613382606430809399e-02 1.253319072967150616e-01 1.892135818584227414e-01
-1.453473076024136210e-02 1.162335765359874817e-01 1.923715971078443221e-01
-1.253394543370340078e-02 1.093046198733085422e-01 1.955707334863430180e-01
-1.012736830169216722e-02 1.045443939239322773e-01 1.988118729255528017e-01
-7.310822634701831697e-03 1.019522470632367173e-01 2.020958240806605410e-01
-4.080009102892379405e-03 1.015273453577560520e-01 2.054232037848610914e-01
-4.305594041419871375e-04 1.032688307249079313e-01 2.087945629160927741e-01
3.641963510981355116e-03 1.071758203059877401e-01 2.122103868433639073e-01
8.142065132103443181e-03 1.132474058188951832e-01 2.156710965403314251e-01
1.307431901498949667e-02 1.214826528875242867e-01 2.191770503847792761e-01
1.844336635511761163e-02 1.318806003449751740e-01 2.227285466626107713e-01
2.425391552247969582e-02 1.444402595080323815e-01 2.263258267949126712e-01
3.051074156990767755e-02 1.591606134207223799e-01 2.299690793065854999e-01
3.721850621764079964e-02 1.760401414669231224e-01 2.336584085260395849e-01
4.438194924284731557e-02 1.950773190690893721e-01 2.373938304185108927e-01
5.200606322769862899e-02 2.162710792209950050e-01 2.411753270566393270e-01
6.009590816865249818e-02 2.396203241835654918e-01 2.450028356263690144e-01
6.865661124598247678e-02 2.651239245135540989e-01 2.488762546816576660e-01
7.769336662556827755e-02 2.927807180492345562e-01 2.527954512549442367e-01
8.721143529127914351e-02 3.225895088542012901e-01 2.567602688425895674e-01
9.721614490239177675e-02 3.545490661213529515e-01 2.607705362846380881e-01
1.077128896661182361e-01 3.886581230401931486e-01 2.648260775583762827e-01
1.187071302096725650e-01 4.249153756279422378e-01 2.689267225045677834e-01
1.295807720195745749e-01 4.605899499524171437e-01 2.725695245886872731e-01
1.397090346998523525e-01 4.929528144759859898e-01 2.752522832107376360e-01
1.490874214533297604e-01 5.220047310579311040e-01 2.769758988455371385e-01
1.577116533344837257e-01 5.477464030079713941e-01 2.777413403344454190e-01
1.655776683118263815e-01 5.701784756398442511e-01 2.775496389231841832e-01
1.726816204388241238e-01 5.893015365175969800e-01 2.764018835703446197e-01
1.790198791593483885e-01 6.051161154136824871e-01 2.742992174374063730e-01
1.845890287708517319e-01 6.176226839986076467e-01 2.712428354720548551e-01
1.893858680666004601e-01 6.268216552821425092e-01 2.672339829974458847e-01
1.934074101774481413e-01 6.327133828264099868e-01 2.622739552207844493e-01
1.966510118824609799e-01 6.352982017830390848e-01 2.563631933735538992e-01
1.991142507691897323e-01 6.345763433184521407e-01 2.495022657560032886e-01
2.007947887263163145e-01 6.305479124953106140e-01 2.416927447558367970e-01
2.016904970109469064e-01 6.232129506422843246e-01 2.329362683277683144e-01
2.017994569703326357e-01 6.125714345019963591e-01 2.232345406148624478e-01
2.011199611600084647e-01 5.986232752554125902e-01 2.125893329663613440e-01
1.996505148906483618e-01 5.813683174396153674e-01 2.010024852683346686e-01
1.973898382380046279e-01 5.608063377757926959e-01 1.884759075029503461e-01
1.943368685524836936e-01 5.369370439240982451e-01 1.750115814511692403e-01
1.904907635071219907e-01 5.097600731820555175e-01 1.606115624523891394e-01
1.858515009228180193e-01 4.792751133217239001e-01 1.452772045341999552e-01
1.804192519076282530e-01 4.454817555618499902e-01 1.290100019255275010e-01
1.741937942318714516e-01 4.083793855822947516e-01 1.118123379183918603e-01
1.671751268392396850e-01 3.679673174578691475e-01 9.368667753829978961e-02
1.593634753915074975e-01 3.242447928060784301e-01 7.463556728534737061e-02
1.507592986395920043e-01 2.772109799673093677e-01 5.466163438836852545e-02
1.413632956647334071e-01 2.268649732376347428e-01 3.376758546991089766e-02
1.311764140321506067e-01 1.732057921766066710e-01 1.195620451437047135e-02
1.201998588972251619e-01 1.162323810148380432e-01 -1.076964997470807560e-02
1.084351031011796113e-01 5.594360819049885858e-02 -3.440704874878793007e-02
9.646643138245708515e-02 -3.863952128208073857e-03 -5.764361653279769654e-02
8.487536792204204705e-02 -5.939195975680455070e-02 -7.917187930543818919e-02
7.365954711393246646e-02 -1.106386126836355482e-01 -9.899585160784810101e-02
6.281663136379810053e-02 -1.576022329566006963e-01 -1.171192650657283951e-01
5.234430072933934225e-02 -2.002812668359401638e-01 -1.335455618385546217e-01
4.224024460681571891e-02 -2.386742849229665508e-01 -1.482778888709362086e-01
3.250215530520535190e-02 -2.727799822634298099e-01 -1.613190929186568978e-01
2.312772334374186070e-02 -3.025971784196485048e-01 -1.726717163317766646e-01
1.411463430361738387e-02 -3.281248175020053393e-01 -1.823379935847013189e-01
5.460567060347417540e-03 -3.493619681477337369e-01 -1.903198485486159441e-01
-2.836978094002256048e-03 -3.663079053052063494e-01 -1.966188921633261755e-01
-1.078047056117808176e-02 -3.789620112818131714e-01 -2.012364422697368593e-01
-1.837218526403313484e-02 -3.873237022424717568e-01 -2.041735186197559948e-01
-2.561438924603375716e-02 -3.913925185807183293e-01 -2.054308328893809377e-01
-3.250934176013412641e-02 -3.911681248580048953e-01 -2.050087879372652633e-01
-3.905929404532968580e-02 -3.866503096148629637e-01 -2.029074777748011149e-01
-4.526648897335137922e-02 -3.778389850423876095e-01 -1.991266882391277138e-01
-5.113316074777055076e-02 -3.647341865029405938e-01 -1.936658983589042704e-01
-5.666153483688589343e-02 -3.473360718895160404e-01 -1.865242824010880651e-01
-6.185382832021136396e-02 -3.256449208136490969e-01 -1.777007125855482594e-01
-6.671289514383346719e-02 -2.996612277309063099e-01 -1.671938575681669314e-01
-7.124153803914085037e-02 -2.693856018215474712e-01 -1.550020890323222933e-01
-7.544188127787068709e-02 -2.348186773551760587e-01 -1.411233852554391877e-01
-7.931603844010741422e-02 -1.959612102665387046e-01 -1.255554289063781637e-01
-8.286611735620259822e-02 -1.528140770009463190e-01 -1.082956112298396056e-01
-8.609422648809066103e-02 -1.053782731413962642e-01 -8.934103680529408009e-02
-8.900248291081917784e-02 -5.365491180395298015e-02 -6.868852887915674610e-02
-9.159302204985590723e-02 2.354778215264192402e-03 -4.633463527716400604e-02
-9.386800932384876950e-02 6.264945456168941051e-02 -2.227563491449134972e-02
-9.582965383600924869e-02 1.272276637377553754e-01 3.492455066163353220e-03
-9.731003780626969191e-02 1.917192131087736839e-01 2.959319059008913913e-02
-9.813921038103934347e-02 2.517555129115516266e-01 5.464522301308766261e-02
-9.831674330346702739e-02 3.073373216909885963e-01 7.864563195282073260e-02
-9.784269471747573943e-02 3.584652503146718572e-01 1.015918470906157639e-01
-9.671760188304112660e-02 4.051397619557929319e-01 1.234816480665629213e-01
-9.494247574731644324e-02 4.473611725066413691e-01 1.443131631870213094e-01
-9.251879715991551123e-02 4.851296513883831540e-01 1.640848672075529979e-01
-8.944851451986876589e-02 5.184452227246709732e-01 1.827955784470180756e-01
-8.573404264287404208e-02 5.473077668482426716e-01 2.004444554837848669e-01
-8.137826264018382938e-02 5.717170221100636995e-01 2.170309936820356556e-01
-7.638438399379707255e-02 5.916723847271284642e-01 2.325545469561878520e-01
-7.075609713598383921e-02 6.071730809306212784e-01 2.470148130031513956e-01
-6.449772107925937081e-02 6.182183885415739599e-01 2.604122888949979009e-01
-5.761406379205572664e-02 6.248074541814471194e-01 2.727477835609097845e-01
-5.011042275644873867e-02 6.269392966080545859e-01 2.840224162169515121e-01
-4.199258536663765667e-02 6.246128101543245714e-01 2.942376161477667229e-01
-3.326682899930812759e-02 6.178267682301415986e-01 3.033951241045829694e-01
-2.393992059108027148e-02 6.065798268467857968e-01 3.114969955858790662e-01
-1.401911556077711785e-02 5.908705281231955153e-01 3.185456062687359036e-01
-3.512155914922242446e-03 5.706973037334155396e-01 3.245436598599757416e-01
7.573896127259699407e-03 5.460590798064366425e-01 3.294959102544884888e-01
1.923144342068761406e-02 5.169546007317599168e-01 3.334073972685795417e-01
3.145120363941281832e-02 4.833818720681811731e-01 3.362817428959795629e-01
4.422339970219965610e-02 4.453388053980097405e-01 3.381228982468046373e-01
5.753776731130760130e-02 4.028232219081304133e-01 3.389351628806236971e-01
7.138356435508724784e-02 3.558328556738010184e-01 3.387232081872538769e-01
8.574958238232062435e-02 3.043653566164304380e-01 3.374921050695947056e-01
1.006241603813289864e-01 2.484182931129665928e-01 3.352473561722937312e-01
1.159952011272640665e-01 1.879891542420985551e-01 3.319949328868609939e-01
1.318501903969636624e-01 1.230753516612782539e-01 3.277413173476359520e-01
1.473221295835432931e-01 5.752622387997172182e-02 3.229098513416585603e-01
1.615595483772583607e-01 -4.804320205585002092e-03 3.179156603092201938e-01
1.745728605668395161e-01 -6.391261615518702144e-02 3.127535367657486853e-01
1.863722492098823791e-01 -1.197951402010114380e-01 3.074186091487471351e-01
1.969676515355226476e-01 -1.724485095871095552e-01 3.019063112237359015e-01
2.063687456759467076e-01 -2.218694823011048978e-01 2.962123547541803403e-01
2.145849390514521504e-01 -2.680549562604765401e-01 2.903327053534554003e-01
2.216253582570809622e-01 -3.110019680097748651e-01 2.842635614249439668e-01
2.274988403192122755e-01 -3.507076909786271401e-01 2.780013360864410643e-01
2.322139252083943173e-01 -3.871694333450462766e-01 2.715426419666703284e-01
2.357788594659763204e-01 -4.203849987299505542e-01 2.648835654700848474e-01
2.382015638207976571e-01 -4.503522102815913919e-01 2.580204166111723096e-01
2.394896492731191928e-01 -4.770685971265270497e-01 2.509504525152550514e-01
2.396504380439671289e-01 -5.005318091763103494e-01 2.436711450743263008e-01
2.386909592283421588e-01 -5.207396146506446666e-01 2.361801723336906800e-01
2.366179452242713199e-01 -5.376898974170825074e-01 2.284754119836180097e-01
2.334378288676824953e-01 -5.513806541788255355e-01 2.205549368276115696e-01
2.291567412070265597e-01 -5.618099915414167533e-01 2.124170120976031362e-01
2.237805098539935311e-01 -5.689761229886458604e-01 2.040600944857918764e-01
2.173146578476888580e-01 -5.728773657981244272e-01 1.954828327626801365e-01
2.097633023489108572e-01 -5.735132410080349130e-01 1.866819837185737518e-01
2.011302772849700993e-01 -5.708833004307590775e-01 1.776546343516247628e-01
1.914202330066645252e-01 -5.649860551069958436e-01 1.684002326228457580e-01
1.806375272340805249e-01 -5.558201097634628551e-01 1.589184396272257660e-01
1.687862242692549641e-01 -5.433841606506966126e-01 1.492091322869237846e-01
1.558700942300405012e-01 -5.276769935354869157e-01 1.392724068954093453e-01
1.418926122251089328e-01 -5.086974818841798474e-01 1.291085833923866499e-01
1.268569573864142819e-01 -4.864445852745302168e-01 1.187182102502154224e-01
1.107660116714052484e-01 -4.609173480751779239e-01 1.081020698530699986e-01
9.362235834319525274e-02 -4.321148984333988419e-01 9.726118425038643434e-02
7.649738373971838590e-02 -4.030466620318161608e-01 8.653101503784416115e-02
6.046064385869519275e-02 -3.767234739467437143e-01 7.624477190205773691e-02
4.551161756692174987e-02 -3.531459232979899943e-01 6.640009179572343989e-02
3.164993438247778318e-02 -3.323145625206101461e-01 5.699445896640983195e-02
1.887537743552327937e-02 -3.142299057609392876e-01 4.802520424417854733e-02
7.187886085656521908e-03 -2.988924272664387205e-01 3.948950461266038936e-02
-3.412441848598693917e-03 -2.863025597989024562e-01 3.138438301419105986e-02
-1.292534829483957780e-02 -2.764606930969275567e-01 2.370670833775775574e-02
-2.135041361356191866e-02 -2.693671724140714874e-01 1.645319553724758008e-02
-2.868705581420125800e-02 -2.650222971595591059e-01 9.620405826427333093e-03
-3.493443123075232887e-02 -2.634253296673135236e-01 3.205180733464001522e-03
-4.009152497185225483e-02 -2.645754837088826195e-01 -2.795797660184744585e-03
-4.415725903892497167e-02 -2.684729164613541830e-01 -8.386440504261622256e-03
-4.713039962059822202e-02 -2.751177386409509595e-01 -1.357081650074052487e-02
-4.900955832473497670e-02 -2.845100135305466682e-01 -1.835315223895420469e-02
-4.979319422991970029e-02 -2.966497562764973117e-01 -2.273783279007763822e-02
-4.947961680642733867e-02 -3.115369334828138048e-01 -2.672940261273255846e-02
-4.806698975732986989e-02 -3.291714631308959027e-01 -3.033256681990942338e-02
-4.555333583126112973e-02 -3.495532148532549677e-01 -3.355219285520994604e-02
-4.193654265951396454e-02 -3.726820105898968616e-01 -3.639331262353433238e-02
-3.721470704483682834e-02 -3.985617874658765047e-01 -3.886177031071171711e-02
-3.138574040576362634e-02 -4.271964371029113861e-01 -4.096357165400647121e-02
-2.444706055017209501e-02 -4.585856422589468795e-01 -4.270424429085399598e-02
-1.639596630608626537e-02 -4.927290399435465540e-01 -4.408949047228562929e-02
-7.229647239134338703e-03 -5.296262234738154939e-01 -4.512519153914490433e-02
3.054805255096786857e-03 -5.692767450888498448e-01 -4.581741308509422461e-02
1.446038541420589102e-02 -6.116801191545223615e-01 -4.617241081775040612e-02
2.699015905376778504e-02 -6.568358259912817632e-01 -4.619663711971060127e-02
4.064724791522689867e-02 -7.047433163585187232e-01 -4.589674830037201309e-02
5.543481233202061931e-02 -7.554020166247131796e-01 -4.527961251712047525e-02
7.044788597153217591e-02 -8.050274521285128992e-01 -4.429293842371787721e-02
8.478034427829447828e-02 -8.498361327419918787e-01 -4.287830476762863330e-02
9.843362084107853960e-02 -8.898280296516064558e-01 -4.103384157283983952e-02
1.114094196575075441e-01 -9.250030449267920840e-01 -3.875808956621001194e-02
1.237097175093420098e-01 -9.553610107682733998e-01 -3.605000366201545348e-02
1.353367651233118307e-01 -9.809016891806100480e-01 -3.290895640191934118e-02
1.462930873473249904e-01 -1.001624772053775425e+00 -2.933474117615700316e-02
1.565814825777885611e-01 -1.017529881637446287e+00 -2.532757505283742688e-02
1.662050216796351343e-01 -1.028616571390150281e+00 -2.088810104508504600e-02
1.751670466464362030e-01 -1.034884327184102615e+00 -1.601738964988438582e-02
1.834747054950860157e-01 -1.036394052862832815e+00 -1.072698162415020376e-02
1.911352244118887378e-01 -1.033206589282090526e+00 -5.028701249345827844e-03
1.981524399576718443e-01 -1.025321233950059030e+00 1.075310057577889182e-03
2.045304219386362699e-01 -1.012737227268002416e+00 7.582479240373801201e-03
2.102734744211305906e-01 -9.954537548163429062e-01 1.448980407233650854e-02
2.153861379012574351e-01 -9.734699498529777451e-01 2.179385708729413701e-02
2.198731928850992112e-01 -9.467848959975869727e-01 2.949079108822959608e-02
2.237396651326796770e-01 -9.153976300759497642e-01 3.757634634713340888e-02
2.269908328143436516e-01 -8.793071450988643178e-01 4.604585960978889447e-02
2.296322358217775528e-01 -8.385123933514765371e-01 5.489427502150078658e-02
2.316624974768742018e-01 -7.927829702979587445e-01 6.415230329804505471e-02
2.330809129156504733e-01 -7.418882278097274074e-01 7.384955583080127228e-02
2.338944206546508531e-01 -6.858267535906537038e-01 8.397871346427386585e-02
2.341102236889630317e-01 -6.245971078308104607e-01 9.453204720360101898e-02
2.337358131073805079e-01 -5.581978272001690833e-01 1.055014402944103730e-01
2.327789958683258442e-01 -4.866274288458041775e-01 1.168784134842985184e-01
2.312479269239460788e-01 -4.098844143876534396e-01 1.286541536821506349e-01
2.291511458473097229e-01 -3.279672739157252215e-01 1.408195462695487066e-01
2.264976180803222883e-01 -2.408744899998012945e-01 1.533652113628626024e-01
2.232967808774146412e-01 -1.486045417342440333e-01 1.662815443749474098e-01
2.200185599560872118e-01 -5.786432315609505578e-02 1.787616083349122253e-01
2.171160319826830887e-01 2.463652330958840397e-02 1.900169866526439377e-01
2.145738968290114013e-01 9.889468796765749081e-02 2.000657181846773602e-01
2.123769304122771762e-01 1.649069448377160629e-01 2.089259229149184882e-01
2.105099226541645718e-01 2.226701565982577014e-01 2.166157497432750767e-01
2.089576256612488692e-01 2.721812787418435575e-01 2.231533327029651126e-01
2.077047122567418080e-01 3.134373629652403848e-01 2.285567554575577698e-01
2.067357449108033762e-01 3.464355598014883242e-01 2.328440240271556216e-01
2.060351550484162686e-01 3.711731204874860746e-01 2.360330477736500288e-01
2.055872326597249500e-01 3.876473980507300632e-01 2.381416287374269747e-01
2.052901377466416211e-01 3.990643230251643137e-01 2.395918224177503164e-01
2.050502669290345525e-01 4.086313569806359070e-01 2.407965866608861583e-01
2.048641515376602162e-01 4.163478754101546664e-01 2.417599361327007479e-01
2.047282997371193125e-01 4.222132758988632051e-01 2.424858686026749033e-01
2.046391954317131612e-01 4.262269782572150056e-01 2.429783636767947619e-01
2.045932976838131523e-01 4.283884246115795547e-01 2.432413819542320610e-01
2.045870406381818940e-01 4.286970794522949046e-01 2.432788646154866452e-01
2.046168339453538487e-01 4.271524296380317942e-01 2.430947334497441381e-01
2.046790636769894589e-01 4.237539843553739805e-01 2.426928913292289436e-01
