0.000000000000000000e+00 0.000000000000000000e+00 -5.869431355575254194e-01
-9.296409609349964853e-03 -6.690309626835588830e-03 -5.962284526962111642e-01
-1.857715548759930613e-02 -1.324720307578264311e-02 -6.055250619829215530e-01
-2.787466759184376031e-02 -1.969101517692450898e-02 -6.148536478090149693e-01
-3.722201239603162293e-02 -2.604107025464541536e-02 -6.242356861757847319e-01
-4.665289186523313703e-02 -3.231565473948805334e-02 -6.336934352942358295e-01
-5.620164496120860775e-02 -3.853198238577792978e-02 -6.432499312435071559e-01
-6.590325170186428494e-02 -4.470615142624012606e-02 -6.529289884357072360e-01
-7.579333971068535902e-02 -5.085309298803775135e-02 -6.627552045616527110e-01
-8.590819309932129499e-02 -5.698651008367416892e-02 -6.727539696070095054e-01
-9.628476342423297751e-02 -6.311880647557321922e-02 -6.829514784294423713e-01
-1.069373808580280638e-01 -6.924938712984696210e-02 -6.933589015329086891e-01
-1.177869070295596288e-01 -7.533139613477857210e-02 -7.039237236859103852e-01
-1.287289571104892616e-01 -8.130955569991105136e-02 -7.145752691532138989e-01
-1.396569551116666474e-01 -8.713236104852040143e-02 -7.252402637767776383e-01
-1.504621726879662447e-01 -9.275217965179827218e-02 -7.358428995436669950e-01
-1.610338172165555193e-01 -9.812526822257128245e-02 -7.463049621519597387e-01
-1.712591672356182926e-01 -1.032117004059429632e-01 -7.565460176499709810e-01
-1.810237523003408455e-01 -1.079751987053239048e-01 -7.664836534793457723e-01
-1.902115734586233842e-01 -1.123828650619671521e-01 -7.760337687542584462e-01
-1.987053599694874606e-01 -1.164048056356969951e-01 -7.851109084497669421e-01
-2.063933754691085198e-01 -1.200162246565783519e-01 -7.936332416690441427e-01
-2.131894463834402842e-01 -1.232042348251569663e-01 -8.015369527070559386e-01
-2.190139642644970408e-01 -1.259589640293730106e-01 -8.087630728865269347e-01
-2.237876276771268991e-01 -1.282703701677547770e-01 -8.152531949274983702e-01
-2.274316596771157606e-01 -1.301276829601012430e-01 -8.209497507157426099e-01
-2.298680302199809233e-01 -1.315188045459212418e-01 -8.257963004408002128e-01
-2.310196853948127682e-01 -1.324296730494420871e-01 -8.297378369570553858e-01
-2.308107862558026468e-01 -1.328435940838397222e-01 -8.327211104977965128e-01
-2.291669607809749820e-01 -1.327405460523571890e-01 -8.346949800816987342e-01
-2.260155730362640725e-01 -1.320964661146724062e-01 -8.356107990184225010e-01
-2.213135731064337364e-01 -1.308928463056351355e-01 -8.354412368995545179e-01
-2.151302567373942765e-01 -1.291475665109036441e-01 -8.342354393576285609e-01
-2.075641739901055161e-01 -1.268850230131679524e-01 -8.320630203821965942e-01
-1.987151544547209880e-01 -1.241268402801338766e-01 -8.289951073690100536e-01
-1.886839422990806980e-01 -1.208927867365900966e-01 -8.251038871928155771e-01
-1.775718567926443114e-01 -1.172016265999085149e-01 -8.204621788973929242e-01
-1.654804746527887005e-01 -1.130719015024936880e-01 -8.151430271483155465e-01
-1.525113320825912666e-01 -1.085226370873995094e-01 -8.092193127402387276e-01
-1.387656458096504508e-01 -1.035739711279477504e-01 -8.027633784606589273e-01
-1.243440536947950648e-01 -9.824770102030155883e-02 -7.958466703974509393e-01
-1.093468505544512581e-01 -9.256794674857982130e-02 -7.885396884434929810e-01
-9.387517881327234193e-02 -8.656216019193951894e-02 -7.809125194581376661e-01
-7.802938558373195832e-02 -8.026090024358634167e-02 -7.730336223946920882e-01
-6.190837989982433953e-02 -7.369787498521951363e-02 -7.649692559058967056e-01
-4.560950123533302758e-02 -6.691009545077442056e-02 -7.567832369688516359e-01
-2.922842347269138941e-02 -5.993795663542478280e-02 -7.485367377220457641e-01
-1.285909563876774797e-02 -5.282525116183300895e-02 -7.402881246061321363e-01
3.406280158663843594e-03 -4.561912157910352761e-02 -7.320928434135209883e-01
1.947723411331159227e-02 -3.836995764221828864e-02 -7.240033532675047567e-01
3.526497889239177397e-02 -3.113124509325349010e-02 -7.160691119298183693e-01
5.068242315779958318e-02 -2.395930614775076961e-02 -7.083364924599662160e-01
6.564434448406109013e-02 -1.691286248077039644e-02 -7.008485217668640743e-01
8.006695713856659680e-02 -1.005296027646052082e-02 -6.936454127535340852e-01
9.386765597170976250e-02 -3.442753366050599340e-03 -6.867648908467467450e-01
1.069648396756091024e-01 2.852797076917212848e-03 -6.802424506763453671e-01
1.192777201601198378e-01 8.767238788212061706e-03 -6.741116673908864598e-01
1.307261213965960067e-01 1.423295799843637965e-02 -6.684045624293730725e-01
1.412302703117265246e-01 1.918152084355551068e-02 -6.631520235039776168e-01
1.507105812642266507e-01 2.354402630732543855e-02 -6.583842785080817883e-01
1.590874343196313490e-01 2.725147172866471124e-02 -6.541314230268158170e-01
1.663037938577218711e-01 3.025009697965330702e-02 -6.504128690155548398e-01
1.723932388793172343e-01 3.254723626087852040e-02 -6.472051419517157456e-01
1.774108948002441899e-01 3.416748051131301978e-02 -6.444764712903161552e-01
1.814106845295384574e-01 3.513756884593721708e-02 -6.421977816398620753e-01
1.844454967765778441e-01 3.548610097972115796e-02 -6.403423711215014968e-01
1.865673341067068947e-01 3.524328152579769835e-02 -6.388856013996728755e-01
1.878274436431062178e-01 3.444069166357044409e-02 -6.378046004054720441e-01
1.882764331894146714e-01 3.311108424702347008e-02 -6.370779785981048882e-01
1.879643753382431726e-01 3.128819895346479640e-02 -6.366855594658704653e-01
1.869409018607082196e-01 2.900659456146925663e-02 -6.366081248463757447e-01
1.852552991264544424e-01 2.630150194285452159e-02 -6.368271752511818207e-01
1.829566149543895293e-01 2.320870241206662854e-02 -6.373247053614874424e-01
1.800937083162410524e-01 1.976438070728914198e-02 -6.380829969131922574e-01
1.767153130244856207e-01 1.600499820210554702e-02 -6.390844267367912224e-01
1.728701070354401459e-01 1.196718068981184047e-02 -6.403112909403447794e-01
1.686067789175575982e-01 7.687614220856175962e-03 -6.417456457338932552e-01
1.639740915487544193e-01 3.202948568280739039e-03 -6.433691650093504855e-01
1.590209428567148642e-01 -1.450291856618157738e-03 -6.451630147694484840e-01
1.537964231992403619e-01 -6.235789592968110640e-03 -6.471077444884700824e-01
1.483498687998898724e-01 -1.111750797851129846e-02 -6.491831954844062835e-01
1.427309029432137777e-01 -1.605974876451021771e-02 -6.513684316051087109e-01
1.369894569102454440e-01 -2.102718535495728958e-02 -6.536416970137985949e-01
1.311758302136842858e-01 -2.598493554073577627e-02 -6.559803594786619563e-01
1.253407277778038065e-01 -3.089860720809678440e-02 -6.583608822321482812e-01
1.195352810868897109e-01 -3.573432471293980228e-02 -6.607588187143873526e-01
1.138110600213484425e-01 -4.045874318476494480e-02 -6.631488249627341958e-01
1.082200744991661523e-01 -4.503904982499618015e-02 -6.655046897475074275e-01
1.028147651197008905e-01 -4.944295128054632116e-02 -6.677993825449384246e-01
9.764798210861780348e-02 -5.363864622265168691e-02 -6.700051194254403875e-01
9.277295198394908127e-02 -5.759478234455706058e-02 -6.720934469195851690e-01
8.823112093990381766e-02 -6.128737897434488602e-02 -6.740415159028918524e-01
8.401561232456833395e-02 -6.472050706410925613e-02 -6.758510078291672940e-01
8.010726123335665250e-02 -6.790497620536317669e-02 -6.775301804866820099e-01
7.648669645167105458e-02 -7.085132451413311827e-02 -6.790877373514883075e-01
7.313435466623285919e-02 -7.356984271618394189e-02 -6.805327892137977841e-01
7.003049494706425904e-02 -7.607059731406362602e-02 -6.818748176386701942e-01
6.715521331251261827e-02 -7.836345262415722601e-02 -6.831236402449945011e-01
6.448845720961005057e-02 -8.045809149181248898e-02 -6.842893777921967846e-01
6.201003975984642480e-02 -8.236403451176732560e-02 -6.853824230688299046e-01
5.969965363638030098e-02 -8.409065759943867846e-02 -6.864134115812188242e-01
5.753688474961027310e-02 -8.564720854135909889e-02 -6.873931925931113796e-01
5.550122594222228756e-02 -8.704282313994760045e-02 -6.883327990890752979e-01
5.357208823243553297e-02 -8.828653472606440289e-02 -6.892434282581882954e-01
5.172881186951894250e-02 -8.938728313148835980e-02 -6.901364208596820760e-01
4.995067683903853251e-02 -9.035392224456284538e-02 -6.910232409623446870e-01
4.821691246181014634e-02 -9.119522531148316347e-02 -6.919154575194665924e-01
4.650670603515560941e-02 -9.191988792871974567e-02 -6.928247277828005757e-01
4.479921047483870211e-02 -9.253652868160733291e-02 -6.937627825561043515e-01
4.307355092570341881e-02 -9.305368739239572307e-02 -6.947414132850338042e-01
4.130883031853116449e-02 -9.347982094796725150e-02 -6.957724609753062062e-01
3.948413318563259722e-02 -9.382329859761817659e-02 -6.968678077516385905e-01
3.757852707270448178e-02 -9.409239852662310000e-02 -6.980393718881581222e-01
3.557106694063882912e-02 -9.429529036900419214e-02 -6.992990996755299449e-01
3.344079714027303751e-02 -9.444001915675936942e-02 -7.006589606454238783e-01
3.116675168216342939e-02 -9.453448868770042424e-02 -7.021309453013313551e-01
2.872795351467694047e-02 -9.458644236156654728e-02 -7.037270644768636174e-01
2.610341285473571915e-02 -9.460344146632060358e-02 -7.054593502519699300e-01
2.327212462557914918e-02 -9.459284089344910385e-02 -7.073398583445800192e-01
2.021306506624087618e-02 -9.456176225699586269e-02 -7.093806718810298229e-01
1.690518758819470335e-02 -9.451706438617346606e-02 -7.115939064332184039e-01
1.333393200109256327e-02 -9.446475103309515120e-02 -7.139873933294413888e-01
9.510767050757706897e-03 -9.440838881881630229e-02 -7.165517104320433539e-01
5.453652764786820484e-03 -9.435101516643440434e-02 -7.192731442944344522e-01
1.180523759850782284e-03 -9.429575908982190668e-02 -7.221380165739361701e-01
-3.290714194190691444e-03 -9.424586952658264849e-02 -7.251326888772120505e-01
-7.942187299121883370e-03 -9.420474111615639856e-02 -7.282435672533966731e-01
-1.275605653175126974e-02 -9.417593743603269729e-02 -7.314571063215686841e-01
-1.771452010579466219e-02 -9.416321171267671986e-02 -7.347598130061410160e-01
-2.279981556373300577e-02 -9.417052502722933482e-02 -7.381382498420836491e-01
-2.799422146277130707e-02 -9.420206203930314715e-02 -7.415790378016660078e-01
-3.328005869780881198e-02 -9.426224343119349314e-02 -7.450688608111035727e-01
-3.863969148648394025e-02 -9.435573441770950254e-02 -7.485944740374432804e-01
-4.405552727942918523e-02 -9.448745589567497660e-02 -7.521426980886873892e-01
-4.951001624700346326e-02 -9.466259135432109062e-02 -7.557004170367154217e-01
-5.498565019120249531e-02 -9.488659059305959431e-02 -7.592545778589290251e-01
-6.046496073581941744e-02 -9.516517114350575568e-02 -7.627921889699087465e-01
-6.593051673409355828e-02 -9.550431743262599582e-02 -7.663003177577483171e-01
-7.136492083234635686e-02 -9.591027772375593230e-02 -7.697660870385893972e-01
-7.675080512778542641e-02 -9.638955887128020095e-02 -7.731766703425217990e-01
-8.207082585862046642e-02 -9.694891892303525438e-02 -7.765192859442651141e-01
-8.730765879877733227e-02 -9.759535857885470733e-02 -7.797811883002232491e-01
-9.244399688815807536e-02 -9.833611256998509020e-02 -7.829496554600834379e-01
-9.746253615738442733e-02 -9.917863307880026014e-02 -7.860119824107063558e-01
-1.023459640662593984e-01 -1.001305728817634133e-01 -7.889554704608872093e-01
-1.070769483220361806e-01 -1.011997673896716243e-01 -7.917674137252994626e-01
-1.116381243501809450e-01 -1.023942146322256441e-01 -7.944350838602898257e-01
-1.160120813543734641e-01 -1.037220531787150790e-01 -7.969457129772794524e-01
-1.201813469012389390e-01 -1.051915379754726487e-01 -7.992864746619940952e-01
-1.241283699636710480e-01 -1.068110140680982312e-01 -8.014444630302919315e-01
-1.278355023546193792e-01 -1.085888881622683044e-01 -8.034066697539254953e-01
-1.312905095395695554e-01 -1.105305847322037849e-01 -8.051640843179970197e-01
-1.345031583633566896e-01 -1.126293864749370321e-01 -8.067240524941241553e-01
-1.374886492366531598e-01 -1.148753165190017356e-01 -8.080979127405454321e-01
-1.402621067047213899e-01 -1.172581554963558759e-01 -8.092968945705112382e-01
-1.428385981797450910e-01 -1.197674683269949192e-01 -8.103321413416173513e-01
-1.452331516778215814e-01 -1.223926289979080373e-01 -8.112147317957010273e-01
-1.474607725367578226e-01 -1.251228434186550942e-01 -8.119557002951673930e-01
-1.495364590875709609e-01 -1.279471704226136097e-01 -8.125660557029203979e-01
-1.514752172490325677e-01 -1.308545409705823559e-01 -8.130567988535641888e-01
-1.532920740106256119e-01 -1.338337756019067903e-01 -8.134389385634088754e-01
-1.550020894828580964e-01 -1.368735997151633299e-01 -8.137235053481144398e-01
-1.566203674132449208e-01 -1.399626561097697675e-01 -8.139215621798223665e-01
-1.581620663645741942e-01 -1.430895185194844821e-01 -8.140442184232785650e-01
-1.596424087399919145e-01 -1.462427028384185590e-01 -8.141026402999624878e-01
-1.610766881175358378e-01 -1.494106762482156903e-01 -8.141080587923155143e-01
-1.624802751713172455e-01 -1.525818646515637589e-01 -8.140717757457105463e-01
-1.638686221208995875e-01 -1.557446584024191338e-01 -8.140051681067625999e-01
-1.652572656488775493e-01 -1.588874163196258849e-01 -8.139196902354814966e-01
-1.666618282257266159e-01 -1.619984679680896988e-01 -8.138268742279026746e-01
-1.680980177807933629e-01 -1.650661141903544404e-01 -8.137383281852725858e-01
-1.695816240292504773e-01 -1.680786273346668303e-01 -8.136657309099275537e-01
-1.711285099462731552e-01 -1.710242525134186842e-01 -8.136208216438283181e-01
-1.727546112967033309e-01 -1.738911981684858610e-01 -8.136153963962242663e-01
-1.744759307136511950e-01 -1.766676278823564594e-01 -8.136612988457154749e-01
-1.763085281524183756e-01 -1.793416518510886348e-01 -8.137704073832270346e-01
-1.782685093526081843e-01 -1.819013165342546756e-01 -8.139546197277289785e-01
-1.803720122703911244e-01 -1.843345924945136716e-01 -8.142258350598501337e-01
-1.826351914506565421e-01 -1.866293604499156267e-01 -8.145959336226051839e-01
-1.850742003178407202e-01 -1.887733955741244252e-01 -8.150767537434764343e-01
-1.877051713748985051e-01 -1.907543500934902880e-01 -8.156800662381420430e-01
-1.905378190213244949e-01 -1.925626275180154501e-01 -8.164143203168614527e-01
-1.935562775318979689e-01 -1.942001013437781864e-01 -8.172749268804007095e-01
-1.967381971409745134e-01 -1.956715375797806189e-01 -8.182539147076535180e-01
-2.000611277712849301e-01 -1.969817349331588474e-01 -8.193431760449558787e-01
-2.035025326231796328e-01 -1.981355437502849703e-01 -8.205344907177658520e-01
-2.070398015470589215e-01 -1.991378831489241108e-01 -8.218195494132185530e-01
-2.106502641245864282e-01 -1.999937562914451128e-01 -8.231899760715246650e-01
-2.143112023845938907e-01 -2.007082637614936438e-01 -8.246373493174989910e-01
-2.179998630805730642e-01 -2.012866150184722258e-01 -8.261532228582972870e-01
-2.216934694584011822e-01 -2.017341379155039860e-01 -8.277291447697709970e-01
-2.253692342402606741e-01 -2.020562854890579629e-01 -8.293566760818658068e-01
-2.290043754665598286e-01 -2.022586394776566543e-01 -8.310274089959035493e-01
-2.325761208276375669e-01 -2.023469168552693986e-01 -8.327329807489562974e-01
-2.360617149856025776e-01 -2.023269725539811326e-01 -8.344650871424148519e-01
-2.394384279016943395e-01 -2.022047994626516854e-01 -8.362154950788145413e-01
-2.426835623048582136e-01 -2.019865265829023926e-01 -8.379760535294029644e-01
-2.457744602638891607e-01 -2.016784153838999671e-01 -8.397387028701368550e-01
-2.486885088326715731e-01 -2.012868544011316985e-01 -8.414954825312208619e-01
-2.514031447455256085e-01 -2.008183521268023242e-01 -8.432385369136587983e-01
-2.538958581472190446e-01 -2.002795282406522048e-01 -8.449601195355178618e-01
-2.561441935656798563e-01 -1.996771018803533693e-01 -8.466525961991790972e-01
-2.581257463062565094e-01 -1.990178758293050798e-01 -8.483084478264562023e-01
-2.598181685710798661e-01 -1.983087274241519538e-01 -8.499202664175720123e-01
-2.611991711279522121e-01 -1.975565950184696717e-01 -8.514807510311972472e-01
-2.622465222728500578e-01 -1.967684616026632582e-01 -8.529827028167469294e-01
-2.629380458852406122e-01 -1.959513370020160572e-01 -8.544190182744006989e-01
-2.632516186074278508e-01 -1.951122386736581227e-01 -8.557826807853579076e-01
-2.631651661839606859e-01 -1.942581711145239254e-01 -8.570667504678199933e-01
-2.626566590014540736e-01 -1.933961038827551882e-01 -8.582643524275286318e-01
-2.617041068730117104e-01 -1.925329482245254908e-01 -8.593686634854678097e-01
-2.602953206919522700e-01 -1.916752219899739984e-01 -8.603766305945237391e-01
-2.584571874701930838e-01 -1.908280854293096240e-01 -8.613001191785358834e-01
-2.562263281774024293e-01 -1.899962660419820537e-01 -8.621546406539071228e-01
-2.536393235358707088e-01 -1.891844076861479707e-01 -8.629556033791763170e-01
-2.507327131765162420e-01 -1.883971094121736911e-01 -8.637183073992442672e-01
-2.475429958777706219e-01 -1.876389586265410081e-01 -8.644579409437831430e-01
-2.441066308288535325e-01 -1.869145586358520461e-01 -8.651895786050287640e-01
-2.404600398777017034e-01 -1.862285506272254310e-01 -8.659281811608683377e-01
-2.366396107390933423e-01 -1.855856301460625524e-01 -8.666885970435576070e-01
-2.326817011503656829e-01 -1.849905581350688166e-01 -8.674855654825828211e-01
-2.286226440019891726e-01 -1.844481667146937731e-01 -8.683337193878188920e-01
-2.244987536479161605e-01 -1.839633598030161465e-01 -8.692475864439388467e-01
-2.203463331319106544e-01 -1.835411077179380790e-01 -8.702416042733052137e-01
-2.162016822043817399e-01 -1.831864369283371374e-01 -8.713301329768996517e-01
-2.121011062977480321e-01 -1.829044148121106161e-01 -8.725274675875245300e-01
-2.080809264690888227e-01 -1.827001293292513928e-01 -8.738478525916808515e-01
-2.041774903028104049e-01 -1.825786636400765772e-01 -8.753054985850901026e-01
-2.004271837574886916e-01 -1.825450656854172848e-01 -8.769146011106130345e-01
-1.968664439303298153e-01 -1.826043127297696245e-01 -8.786893617058746386e-01
-1.935317726997105581e-01 -1.827612708501042960e-01 -8.806440111611451016e-01
-1.904597460638353112e-01 -1.830206505246314563e-01 -8.827928391292330090e-01
-1.876870147107947417e-01 -1.833869594621777566e-01 -8.851502338904948530e-01
-1.852503366726923062e-01 -1.838644429871845176e-01 -8.877306985861888045e-01
-1.831865992952925737e-01 -1.844570213679492809e-01 -8.905488777605166106e-01
-1.815328363086301522e-01 -1.851682228120181684e-01 -8.936195896778000858e-01
-1.803262451101534936e-01 -1.860011107701895483e-01 -8.969578599062155710e-01
-1.796042040319054678e-01 -1.869582053438909597e-01 -9.005789558065138145e-01
-1.794042893138483308e-01 -1.880413985596454118e-01 -9.044984214802953559e-01
-1.797642914470580777e-01 -1.892518632442428128e-01 -9.087321126377871927e-01
-1.807222304818445480e-01 -1.905899552063026192e-01 -9.132962307385339429e-01
-1.823051286772408019e-01 -1.920526397377346761e-01 -9.182017378038209721e-01
-1.844951928156808307e-01 -1.936262536918555988e-01 -9.234374175387607409e-01
-1.872633393570914961e-01 -1.952943836414267054e-01 -9.289865122299874045e-01
-1.905803673544923527e-01 -1.970404919630146523e-01 -9.348322496355616629e-01
-1.944169164188949139e-01 -1.988480107446357614e-01 -9.409577800393491565e-01
-1.987434285151845614e-01 -2.007004315502829428e-01 -9.473461183103992767e-01
-2.035301137971039509e-01 -2.025813911564178227e-01 -9.539800913567981766e-01
-2.087469206832501811e-01 -2.044747533029314113e-01 -9.608422913182077529e-01
-2.143635103646150952e-01 -2.063646864326775798e-01 -9.679150347939020627e-01
-2.203492359167764647e-01 -2.082357373302379244e-01 -9.751803283524917987e-01
-2.266731298467927758e-01 -2.100729016033682228e-01 -9.826198381674062787e-01
-2.333039030825023730e-01 -2.118616915803173129e-01 -9.902148620142203761e-01
-2.402099261136072528e-01 -2.135881928101150962e-01 -9.979463225955762518e-01
-2.473592235501289593e-01 -2.152391183336668234e-01 -1.005794762394212061e+00
-2.547194775360264174e-01 -2.168018588496902765e-01 -1.013740342645663706e+00
-2.622580360735042859e-01 -2.182645272673795489e-01 -1.021762848725999095e+00
-2.699419261170259432e-01 -2.196159973053655179e-01 -1.029841701743162918e+00
-2.777378712322899901e-01 -2.208459357942218482e-01 -1.037955976047202800e+00
-2.856123135512884659e-01 -2.219448283462117644e-01 -1.046084422303384276e+00
-2.935314396923285329e-01 -2.229039980709961455e-01 -1.054205495705008211e+00
-3.014612177109334823e-01 -2.237156152685901844e-01 -1.062297380770318433e+00
-3.093674510690878066e-01 -2.243726958826055551e-01 -1.070338004817152466e+00
-3.172157897469949361e-01 -2.248691028087277388e-01 -1.078305103888600680e+00
-3.249717599425654413e-01 -2.251995361291383446e-01 -1.086176274343610970e+00
-3.326008030921769887e-01 -2.253595135682111561e-01 -1.093929018446071932e+00
-3.400683159451709514e-01 -2.253453427936040754e-01 -1.101540791562692245e+00
-3.473396911362076622e-01 -2.251540855263787222e-01 -1.108989050340143390e+00
-3.543803577147457418e-01 -2.247835134771056786e-01 -1.116251301255830164e+00
-3.611558211196346235e-01 -2.242320561777257915e-01 -1.123305148975625389e+00
-3.676317021287109910e-01 -2.234987408300455058e-01 -1.130128344005615126e+00
-3.737802602962041476e-01 -2.225859975947646063e-01 -1.136702041824424914e+00
-3.795999552081665840e-01 -2.215079719055990104e-01 -1.143020537867236230e+00
-3.850961119694984447e-01 -2.202814532955472693e-01 -1.149081727177663215e+00
-3.902744251258791763e-01 -2.189229382094577403e-01 -1.154883870492089182e+00
-3.951409286330740400e-01 -2.174486296743225466e-01 -1.160425556817979542e+00
-3.997019660266998287e-01 -2.158744384503812341e-01 -1.165705667102847176e+00
-4.039641609922064447e-01 -2.142159855252874223e-01 -1.170723339171607202e+00
-4.079343884990471736e-01 -2.124886058165618152e-01 -1.175477934078925868e+00
-4.116197466296851459e-01 -2.107073529518030952e-01 -1.179969003993862398e+00
-4.150275292034555363e-01 -2.088870050014910440e-01 -1.184196261706891073e+00
-4.181651965646162594e-01 -2.070420693977794713e-01 -1.188159552236553118e+00
-4.210403422423336650e-01 -2.051867859719505027e-01 -1.191858827004655508e+00
-4.236606770407744804e-01 -2.033351408978987251e-01 -1.195294117365456765e+00
-4.260340081138789259e-01 -2.015008766964268005e-01 -1.198465510750612140e+00
-4.281682161581912283e-01 -1.996975008410561969e-01 -1.201373128949167368e+00
-4.300712334912866197e-01 -1.979382947164358697e-01 -1.204017108081415266e+00
-4.317510229787329123e-01 -1.962363228538679394e-01 -1.206397580229664923e+00
-4.332155577624856591e-01 -1.946044423751764896e-01 -1.208514656678234100e+00
-4.344728017354206884e-01 -1.930553125824880922e-01 -1.210368412705749019e+00
-4.355306907002471917e-01 -1.916014046374980850e-01 -1.211958873864790842e+00
-4.363971147812879536e-01 -1.902550112004504079e-01 -1.213286003154452120e+00
-4.370799027599581166e-01 -1.890282560320217797e-01 -1.214349688564768215e+00
-4.375868031226559651e-01 -1.879331040713791978e-01 -1.215149735073216997e+00
-4.379254665818175241e-01 -1.869813710323775524e-01 -1.215685856641695040e+00
-4.381034295204004891e-01 -1.861847327678392006e-01 -1.215957668737750019e+00
-4.381280976800026039e-01 -1.855547344862906733e-01 -1.215964681825798754e+00
-4.380067300188636992e-01 -1.851027997920899892e-01 -1.215706295728079089e+00
-4.377464226668390523e-01 -1.848402395217094707e-01 -1.215181794751079458e+00
-4.373540929054975379e-01 -1.847782603502672316e-01 -1.214390343469041067e+00
-4.368364631025904998e-01 -1.849279731432194041e-01 -1.213330983051829515e+00
-4.362008030608670595e-01 -1.852964835876114158e-01 -1.212005998496933357e+00
-4.354572252106763131e-01 -1.858751623433105848e-01 -1.210431047088400547e+00
-4.346164805953662835e-01 -1.866514377989414442e-01 -1.208625091468670698e+00
-4.336892444107096622e-01 -1.876127386890784621e-01 -1.206607056426135527e+00
-4.326861512433861634e-01 -1.887465144357172164e-01 -1.204395850738908091e+00
-4.316178276305535633e-01 -1.900402535304657192e-01 -1.202010387247642864e+00
-4.304949219820457529e-01 -1.914815000016738544e-01 -1.199469601235266802e+00
-4.293281319008483976e-01 -1.930578679915253559e-01 -1.196792467173443120e+00
-4.281282289321381995e-01 -1.947570544507000179e-01 -1.193998013879062903e+00
-4.269060807661073653e-01 -1.965668499425667903e-01 -1.191105338108988665e+00
-4.256726711586074074e-01 -1.984751473035144542e-01 -1.188133617388511309e+00
-4.244391178734883141e-01 -2.004699478813796176e-01 -1.185102122863173291e+00
-4.232166866951638795e-01 -2.025393671482795810e-01 -1.182030225912975130e+00
-4.220168033647002659e-01 -2.046716378095592148e-01 -1.178937404743112927e+00
-4.208510632600761525e-01 -2.068551105754306008e-01 -1.175843250156174635e+00
-4.197312385891294184e-01 -2.090782527575405503e-01 -1.172767469692634457e+00
-4.186692830913676389e-01 -2.113296446190040534e-01 -1.169729890098564207e+00
-4.176773342405288858e-01 -2.135979734040702738e-01 -1.166750458073595453e+00
-4.167677129352052035e-01 -2.158720249729784157e-01 -1.163849239246906420e+00
-4.159529206598922002e-01 -2.181406729687274115e-01 -1.161046415324260339e+00
-4.152456346792199327e-01 -2.203928663699628032e-01 -1.158362279193151601e+00
-4.146587018064762376e-01 -2.226176162106492384e-01 -1.155817227806154257e+00
-4.142051259994596890e-01 -2.248039740012472976e-01 -1.153431753979566654e+00
-4.138980544567836262e-01 -2.269410093681556440e-01 -1.151226435738470499e+00
-4.137507615851720999e-01 -2.290177858788498000e-01 -1.149221923325928651e+00
-4.137766301918990308e-01 -2.310233340865766039e-01 -1.147438923955721668e+00
-4.139891298343716386e-01 -2.329466217848263909e-01 -1.145898184223848038e+00
-4.144017922495262241e-01 -2.347765214796089239e-01 -1.144620470090588205e+00
-4.150281837762408443e-01 -2.365017751078641872e-01 -1.143626544341940443e+00
-4.158818746745929218e-01 -2.381109560530951796e-01 -1.142937141436954462e+00
-4.169717257779534947e-01 -2.395945156773109375e-01 -1.142567534014949038e+00
-4.182877790313206390e-01 -2.409510283814899623e-01 -1.142511263972420421e+00
-4.198152191217072726e-01 -2.421809691239857898e-01 -1.142756308463942494e+00
-4.215390521490087750e-01 -2.432846645824575660e-01 -1.143290488860237097e+00
-4.234441159968502788e-01 -2.442623273507278370e-01 -1.144101481947336740e+00
-4.255150907454758880e-01 -2.451140886096299099e-01 -1.145176831283856167e+00
-4.277365091956912835e-01 -2.458400291969939921e-01 -1.146503958767949083e+00
-4.300927675581451837e-01 -2.464402090064776729e-01 -1.148070176451083224e+00
-4.325681363476245878e-01 -2.469146946495395234e-01 -1.149862698621332724e+00
-4.351467715074690545e-01 -2.472635853195939148e-01 -1.151868654164724060e+00
-4.378127257623427582e-01 -2.474870361547498732e-01 -1.154075099981306973e+00
-4.405499600635156554e-01 -2.475852784023668818e-01 -1.156469036119556870e+00
-4.433423552655986200e-01 -2.475586415532378126e-01 -1.159037416359034900e+00
-4.461737241786600805e-01 -2.474075722227828678e-01 -1.161767160680689193e+00
-4.490278237978895248e-01 -2.471326503594886148e-01 -1.164645168676355258e+00
-4.518883676432396967e-01 -2.467346033966775209e-01 -1.167658333030367812e+00
-4.547390381527023351e-01 -2.462143183259559720e-01 -1.170793553004374710e+00
-4.575634990659267487e-01 -2.455728516772199832e-01 -1.174037747850312341e+00
-4.603454077292479241e-01 -2.448114373967165136e-01 -1.177377870071931287e+00
-4.630684272492047171e-01 -2.439314926213445034e-01 -1.180800918452298287e+00
-4.657162387561033512e-01 -2.429346209945615342e-01 -1.184293950975379150e+00
-4.682725539027234873e-01 -2.418226132199672307e-01 -1.187844097639873642e+00
-4.707211248732239284e-01 -2.405974477619445828e-01 -1.191438571399871638e+00
-4.730457548324782380e-01 -2.392612887456699866e-01 -1.195064679140438901e+00
-4.752303082275286528e-01 -2.378164814724392784e-01 -1.198709832260616892e+00
-4.772587205032703395e-01 -2.362655459516549428e-01 -1.202361556554951472e+00
-4.791150071724512571e-01 -2.346111684880844983e-01 -1.206007501334725562e+00
-4.807832721869775838e-01 -2.328561913670883499e-01 -1.209635447739094261e+00
-4.822477155652915570e-01 -2.310036006840103795e-01 -1.213233316196387523e+00
-4.834926402391559463e-01 -2.290565123667551717e-01 -1.216789173006899594e+00
-4.845058222905160861e-01 -2.270185339084758169e-01 -1.220291791330773368e+00
-4.852886022868636573e-01 -2.248948327366888655e-01 -1.223732293364330426e+00
-4.858457844148897919e-01 -2.226909083836696723e-01 -1.227102433139606541e+00
-4.861822701156928161e-01 -2.204121945713160002e-01 -1.230394026207811908e+00
-4.863030566319412884e-01 -2.180640513618343768e-01 -1.233598941213513323e+00
-4.862132352304007199e-01 -2.156517577949932374e-01 -1.236709091647890668e+00
-4.859179891307441324e-01 -2.131805050094297549e-01 -1.239716427810337640e+00
-4.854225911693319517e-01 -2.106553898460177265e-01 -1.242612929005242561e+00
-4.847324012245177727e-01 -2.080814089318470117e-01 -1.245390595998272065e+00
-4.838528634278658203e-01 -2.054634532438570638e-01 -1.248041443753920898e+00
-4.827895029146702655e-01 -2.028063042133618765e-01 -1.250557493021213329e+00
-4.815479220913445602e-01 -2.001146325709033391e-01 -1.252930759213614076e+00
-4.801337985534335218e-01 -1.973929914009846520e-01 -1.255153250268151499e+00
-4.785528820100699576e-01 -1.946458115928857424e-01 -1.257216962144015460e+00
-4.768109907576825179e-01 -1.918773988032098643e-01 -1.259113873250286897e+00
-4.749140080386329288e-01 -1.890919309048886277e-01 -1.260835939229669078e+00
-4.728678782958901650e-01 -1.862934559244733279e-01 -1.262375088102621223e+00
-4.706786033332903685e-01 -1.834858904696838877e-01 -1.263723215774032793e+00
-4.683522383894480612e-01 -1.806730186492240264e-01 -1.264872181902457315e+00
-4.658948881319604496e-01 -1.778584914868495126e-01 -1.265813806129853836e+00
-4.633126996376848439e-01 -1.750458238767533814e-01 -1.266539865791271646e+00
-4.606118496928957029e-01 -1.722383863801684178e-01 -1.267042096166172804e+00
-4.577985499085031051e-01 -1.694394154575276090e-01 -1.267312184315874113e+00
-4.548790455349154271e-01 -1.666520179338348839e-01 -1.267341765612470361e+00
-4.518596112092359007e-01 -1.638791729524404772e-01 -1.267122421730239701e+00
-4.487465466357587474e-01 -1.611237344336613475e-01 -1.266645678947857512e+00
-4.455461721975311207e-01 -1.583884340380037337e-01 -1.265903006748721138e+00
-4.422648244955702523e-01 -1.556758846329682200e-01 -1.264885816705729082e+00
-4.389088518110462189e-01 -1.529885842615459346e-01 -1.263585461636018703e+00
-4.354846094844333493e-01 -1.503289206095432817e-01 -1.261993235010479664e+00
-4.319991763378148164e-01 -1.476988362201483440e-01 -1.260105403378868338e+00
-4.284624636570697476e-01 -1.450988919151612322e-01 -1.257938294924382916e+00
-4.248849634085942739e-01 -1.425294329818846961e-01 -1.255513184040627950e+00
-4.212770170500981237e-01 -1.399909654050617291e-01 -1.252851257917390049e+00
-4.176488181856035098e-01 -1.374841714476509047e-01 -1.249973618726591296e+00
-4.140104151046095637e-01 -1.350099229711392290e-01 -1.246901285703936990e+00
-4.103717132479918206e-01 -1.325692925437600422e-01 -1.243655197169790894e+00
-4.067424776513011153e-01 -1.301635623841796985e-01 -1.240256212534836644e+00
-4.031323354227041023e-01 -1.277942311874995518e-01 -1.236725114337091203e+00
-3.995507783179448325e-01 -1.254630188797896118e-01 -1.233082610357009390e+00
-3.960071657342316698e-01 -1.231718707146569614e-01 -1.229349335019967349e+00
-3.925107282970969891e-01 -1.209229618718774546e-01 -1.225545849650643726e+00
-3.890705700575196602e-01 -1.187186916842239981e-01 -1.221692648227648004e+00
-3.856956717578645666e-01 -1.165616790516903478e-01 -1.217810161179396777e+00
-3.823948948468842701e-01 -1.144547574463770090e-01 -1.213918758538318432e+00
-3.791769860243174861e-01 -1.124009681226953994e-01 -1.210038753412766566e+00
-3.760505823805200265e-01 -1.104035515721517591e-01 -1.206190405806760735e+00
-3.730242171932225403e-01 -1.084659372598846261e-01 -1.202393926814034453e+00
-3.701063264393891217e-01 -1.065917316775468748e-01 -1.198669483209073405e+00
-3.673052560752783080e-01 -1.047847047440528812e-01 -1.195037202454017677e+00
-3.646292717670753802e-01 -1.030487751423017073e-01 -1.191517177123036619e+00
-3.620865726096953452e-01 -1.013879950089169313e-01 -1.188129467908061399e+00
-3.596852958318423887e-01 -9.980652956969038314e-02 -1.184894113262396242e+00
-3.574335259097507489e-01 -9.830863659825705980e-02 -1.181831137200602955e+00
-3.553393062982781458e-01 -9.689864492729816092e-02 -1.178960556490336042e+00
-3.534106521197220019e-01 -9.558093140977197422e-02 -1.176302388289778289e+00
-3.516555638110734350e-01 -9.435989632327856924e-02 -1.173876658224535907e+00
-3.500820417203129864e-01 -9.323993720256051887e-02 -1.171703408894667398e+00
-3.486981016315633397e-01 -9.222542107635955944e-02 -1.169802708799269064e+00
-3.475117911871805632e-01 -9.132065507552811212e-02 -1.168194661662655287e+00
-3.465276114859818790e-01 -9.052880270788188355e-02 -1.166893601763326238e+00
-3.457357700899983399e-01 -8.984866126833690458e-02 -1.165890677042025203e+00
-3.451230090225756442e-01 -8.927776016387944935e-02 -1.165171318175013404e+00
-3.446761940959088832e-01 -8.881343457498669380e-02 -1.164721046055540610e+00
-3.443823023228294034e-01 -8.845285590943063880e-02 -1.164525461091205027e+00
-3.442284096209675681e-01 -8.819306017044947765e-02 -1.164570232875293820e+00
-3.442016788718653686e-01 -8.803097430016659786e-02 -1.164841090269420398e+00
-3.442893483861677595e-01 -8.796344055224425418e-02 -1.165323811925519149e+00
-3.444787208157196190e-01 -8.798723894110427324e-02 -1.166004217267269771e+00
-3.447571525442469920e-01 -8.809910780857466150e-02 -1.166868157944108253e+00
-3.451120431985170711e-01 -8.829576186503240720e-02 -1.167901510585103386e+00
-3.455308249161426204e-01 -8.857390705606427161e-02 -1.169090171670214895e+00
-3.460009544297424355e-01 -8.893025769492801658e-02 -1.170420047959866094e+00
-3.465099049148889776e-01 -8.936155045825522336e-02 -1.171877049048967612e+00
-3.470451579870799108e-01 -8.986455594140085879e-02 -1.173447081207882992e+00
-3.475941962245263639e-01 -9.043608846081419017e-02 -1.175116041677521483e+00
-3.481444962073876326e-01 -9.107301410851320611e-02 -1.176869813405610365e+00
-3.486835220609343367e-01 -9.177225706010894157e-02 -1.178694260209856459e+00
-3.491987194875463274e-01 -9.253080413453140807e-02 -1.180575222352960862e+00
-3.496775102705056426e-01 -9.334570760068405804e-02 -1.182498512514162714e+00
-3.501072877816806539e-01 -9.421408633157790646e-02 -1.184449910945382767e+00
-3.504754139846246730e-01 -9.513312539849039240e-02 -1.186415158584080531e+00
-3.507692135229110164e-01 -9.610007322318026013e-02 -1.188379957681977128e+00
-3.509759693708964789e-01 -9.711223714928740591e-02 -1.190329970398676718e+00
-3.510829194276121612e-01 -9.816697731013990236e-02 -1.192250816534060398e+00
-3.510772534778690002e-01 -9.926169866833500777e-02 -1.194128071587751361e+00
-3.509461105082269938e-01 -1.003938412101064159e-01 -1.195947265144220673e+00
-3.506765763690999904e-01 -1.015608682767972226e-01 -1.197693879586703813e+00
-3.502556817787318977e-01 -1.027602530153046700e-01 -1.199353349148356562e+00
-3.496704006700959155e-01 -1.039894629291793215e-01 -1.200911059315199036e+00
-3.489095322877284744e-01 -1.052447189289220653e-01 -1.202353729894487078e+00
-3.479693526087572764e-01 -1.065173005354189684e-01 -1.203673579302074303e+00
-3.468479704212485970e-01 -1.077971941208080153e-01 -1.204864204027159325e+00
-3.455434509455095338e-01 -1.090743079455234188e-01 -1.205919207992027786e+00
-3.440538234193128986e-01 -1.103384653924486258e-01 -1.206832212469492571e+00
-3.423770894742652615e-01 -1.115793980875321445e-01 -1.207596866422444348e+00
-3.405112323144310338e-01 -1.127867389246199892e-01 -1.208206857289349179e+00
-3.384542267050125730e-01 -1.139500150151859792e-01 -1.208655922236420599e+00
-3.362040497752554202e-01 -1.150586405867439765e-01 -1.208937859893462141e+00
-3.337586926355875505e-01 -1.161019098569830987e-01 -1.209046542586015738e+00
-3.311161725933544631e-01 -1.170689897868468776e-01 -1.208975927228880698e+00
-3.282745459199478688e-01 -1.179489123863746158e-01 -1.208720062907499004e+00
-3.252319228378883764e-01 -1.187305676641741137e-01 -1.208273109916159882e+00
-3.219864826356513277e-01 -1.194026967652157545e-01 -1.207629355801332238e+00
-3.185364892724482644e-01 -1.199538852009141010e-01 -1.206783230066662105e+00
-3.148803076866331097e-01 -1.203725562917994374e-01 -1.205729319320113069e+00
-3.110164207628898225e-01 -1.206469648750490009e-01 -1.204462382824990074e+00
-3.069434469044907132e-01 -1.207651913325267223e-01 -1.202977368406254133e+00
-3.026601581473311597e-01 -1.207151359980791483e-01 -1.201269428652476323e+00
-2.981654987424917636e-01 -1.204845140056600705e-01 -1.199333937342100809e+00
-2.934585993937988135e-01 -1.200608544982060266e-01 -1.197166509017164149e+00
-2.885387828555030509e-01 -1.194315075733496379e-01 -1.194763024364959847e+00
-2.834055985600105743e-01 -1.185836282738019776e-01 -1.192119637321767511e+00
-2.780588471480172075e-01 -1.175041697574790156e-01 -1.189232788395102380e+00
-2.724986000972187128e-01 -1.161798812292929028e-01 -1.186099220738346949e+00
-2.667252191658331384e-01 -1.145973067165941828e-01 -1.182715995757865679e+00
-2.607393755036522265e-01 -1.127427847546691453e-01 -1.179080508089831225e+00
-2.545420682743442242e-01 -1.106024490460120191e-01 -1.175190499771646246e+00
-2.481346426250343740e-01 -1.081622301533968766e-01 -1.171044073421398934e+00
-2.415188068329729987e-01 -1.054078582819424348e-01 -1.166639704228529251e+00
-2.346994019425281408e-01 -1.023298508081369462e-01 -1.161979884085506676e+00
-2.276925133288703051e-01 -9.893862267268183075e-02 -1.157081838556365927e+00
-2.205169037192025172e-01 -9.524982313338270501e-02 -1.151966267749855666e+00
-2.131911663201062623e-01 -9.127942275675637873e-02 -1.146653616083008087e+00
-2.057336739277371152e-01 -8.704374317894814084e-02 -1.141164025437047869e+00
-1.981625329530931623e-01 -8.255948216937580852e-02 -1.135517292722421523e+00
-1.904955424358441007e-01 -7.784373412172662654e-02 -1.129732831978406793e+00
-1.827501580790675817e-01 -7.291400613580290013e-02 -1.123829641086799391e+00
-1.749434612962108559e-01 -6.778822988704646946e-02 -1.117826273134081561e+00
-1.670921332216401822e-01 -6.248476950824333187e-02 -1.111740812412961077e+00
-1.592124360326909738e-01 -5.702242259130985147e-02 -1.105590856107416364e+00
-1.513202031972955552e-01 -5.142041250999529467e-02 -1.099393502779617560e+00
-1.434308190637105795e-01 -4.569839721961077572e-02 -1.093165338741739046e+00
-1.355592086635031279e-01 -3.987646726761129301e-02 -1.086922430665811401e+00
-1.277198343512671030e-01 -3.397513772769622520e-02 -1.080680323313970348e+00
-1.199266964588385775e-01 -2.801533774237885410e-02 -1.074454041124368597e+00
-1.121933377205506233e-01 -2.201839795082438656e-02 -1.068258093436255773e+00
-1.045328512148007150e-01 -1.600603606957751168e-02 -1.062106483125953460e+00
-9.695789156056289215e-02 -1.000034088180878911e-02 -1.056012718418629426e+00
-8.948068910539230814e-02 -4.023754876326002261e-03 -1.049989827638603934e+00
-8.211307301944348325e-02 1.900950015159885709e-03 -1.044050374421583438e+00
-7.486650870415623160e-02 7.750708235870540364e-03 -1.038206471043261025e+00
-6.775210002565046352e-02 1.350216189034192382e-02 -1.032469807578847210e+00
-6.078060672206131443e-02 1.913167562644790820e-02 -1.026851678488268416e+00
-5.396246993696074412e-02 2.461535797045932839e-02 -1.021363008815298734e+00
-4.730783937856131161e-02 2.992908297327456779e-02 -1.016014382103627600e+00
-4.082660193292930728e-02 3.504851206077841397e-02 -1.010816069884897583e+00
-3.452841158390285159e-02 3.994911600216344283e-02 -1.005778062618079005e+00
-2.842272051911010067e-02 4.460619693079159731e-02 -1.000910101985706291e+00
-2.251881133011224279e-02 4.899491037265502058e-02 -9.962217144803684477e-01
-1.682373284076721376e-02 5.309538596824125989e-02 -9.917204686466232211e-01
-1.133614962305706797e-02 5.690811951039176364e-02 -9.874068164726512720e-01
-6.052835468924655515e-03 6.043881661333116995e-02 -9.832796809488559830e-01
-9.707882187255378881e-04 6.369330815614970831e-02 -9.793382562272174852e-01
3.912780987131547761e-03 6.667754474308118517e-02 -9.755819940362209230e-01
8.600457629059032882e-03 6.939759179154059154e-02 -9.720105908873235556e-01
1.309463298378643614e-02 7.185962520602728887e-02 -9.686239760131911680e-01
1.739751263171473994e-02 7.406992759995389974e-02 -9.654222999823507401e-01
2.151112436892255175e-02 7.603488503105815255e-02 -9.624059239387796616e-01
2.543732559247491309e-02 7.776098421920263348e-02 -9.595754094184125726e-01
2.917781126946072945e-02 7.925480824192643325e-02 -9.569315097023265437e-01
3.273412332968961280e-02 8.052302929676491416e-02 -9.544751638015473993e-01
3.610765327204346065e-02 8.157241411062088332e-02 -9.522074849162964760e-01
3.929964700528953969e-02 8.240982483019454463e-02 -9.501297510675494884e-01
4.231121056594577823e-02 8.304221814653089950e-02 -9.482433970730808070e-01
4.514331564752005477e-02 8.347664476505656239e-02 -9.465500068666781175e-01
4.779680498859528726e-02 8.372024920353160482e-02 -9.450513061266341275e-01
5.027239766507296537e-02 8.378026990145048813e-02 -9.437491551805829992e-01
5.257069432994887492e-02 8.366403962527080296e-02 -9.426455421545680835e-01
5.469218244217577407e-02 8.337898615457284279e-02 -9.417425763348883372e-01
5.663724219252186387e-02 8.293263193712352432e-02 -9.410424818377407519e-01
5.840615367455903595e-02 8.233259164773265582e-02 -9.405475916203633879e-01
5.999910004492381432e-02 8.158657792570256362e-02 -9.402603407943201930e-01
6.141617240914509779e-02 8.070240433662867474e-02 -9.401832603569886260e-01
6.265737558891837367e-02 7.968798718165626127e-02 -9.403189711268438167e-01
6.372263409524103750e-02 7.855134750265069243e-02 -9.406701777142116860e-01
6.461179833982200194e-02 7.730061326833137514e-02 -9.412396624990164717e-01
6.532465111620622267e-02 7.594402172579695076e-02 -9.420302795875121760e-01
6.586091438108976348e-02 7.448992190109837708e-02 -9.430449487205518899e-01
6.622025636533468429e-02 7.294677723161990812e-02 -9.442866491066341794e-01
6.640583594985560723e-02 7.132518335387505459e-02 -9.457537070021957426e-01
6.643496531257531146e-02 6.964389296712436561e-02 -9.474256496335833333e-01
6.632859217493036752e-02 6.792371269648489474e-02 -9.492772746881366075e-01
6.610779738935779193e-02 6.618544559160488561e-02 -9.512833332274097664e-01
6.579381493694258509e-02 6.444985734089492269e-02 -9.534185142599600482e-01
6.540804696943958163e-02 6.273764764067912836e-02 -9.556574331891418694e-01
6.497207384806102937e-02 6.106942678747095954e-02 -9.579746242564812775e-01
6.450765914169709347e-02 5.946569758159814256e-02 -9.603445370965797423e-01
6.403674955887206366e-02 5.794684264427463205e-02 -9.627415375116372687e-01
6.358146980075662924e-02 5.653311725790555187e-02 -9.651399125627144748e-01
6.316411121928089401e-02 5.524464878013279900e-02 -9.675138789304060793e-01
6.280711333268040875e-02 5.410144361168978122e-02 -9.698375934269591880e-01
6.253304709117468718e-02 5.312339430187318357e-02 -9.720851747274652510e-01
6.236459063895027910e-02 5.233029453514070894e-02 -9.742307274127783856e-01
6.232449898295566726e-02 5.174186104349587367e-02 -9.762483694240144949e-01
6.243556881790413016e-02 5.137776150865747127e-02 -9.781122640303814286e-01
6.272059861666123837e-02 5.125764843372904167e-02 -9.797966562663193990e-01
6.320234411519765061e-02 5.140119891916938855e-02 -9.812759137680049371e-01
6.390346934167556725e-02 5.182816022685887702e-02 -9.825245719125477173e-01
6.484649336014847165e-02 5.255840095923769439e-02 -9.835173831355472629e-01
6.605373843163864223e-02 5.361196704479898045e-02 -9.842293771435919325e-01
6.754728492421069319e-02 5.500914140161627941e-02 -9.846359379924893851e-01
6.934888912299941310e-02 5.677051150084810871e-02 -9.847128428908948905e-01
7.147990915220425734e-02 5.891704035341316370e-02 -9.844363190131968366e-01
7.396123339460602963e-02 6.147014070624834403e-02 -9.837831104074763466e-01
7.681320613659892160e-02 6.445175235960665105e-02 -9.827305476357657277e-01
8.005555080138249124e-02 6.788442191995169850e-02 -9.812566197693923797e-01
8.370729117484687620e-02 7.179138422273290132e-02 -9.793400483098011478e-01
8.778667107636373146e-02 7.619664458061459200e-02 -9.769603625462401908e-01
9.231107298058827126e-02 8.112506093698357290e-02 -9.740979757953533991e-01
9.728737289716127279e-02 8.659137260693583471e-02 -9.707456964114329345e-01
1.026835737585027886e-01 9.256673056131337063e-02 -9.669426697380782976e-01
1.084582465063474999e-01 9.901112010282275833e-02 -9.627392769763498670e-01
1.145703710764247596e-01 1.058841489788009405e-01 -9.581854405547525211e-01
1.209795052996076592e-01 1.131448927665017479e-01 -9.533304783059253218e-01
1.276459294862073435e-01 1.207517640733875020e-01 -9.482229777317403574e-01
1.345307669327908684e-01 1.286624050610294390e-01 -9.429106901288815124e-01
1.415960807427278922e-01 1.368336024796552586e-01 -9.374404441084469575e-01
1.488049474928265781e-01 1.452212241401857895e-01 -9.318580778261735809e-01
1.561215084060703084e-01 1.537801755500853851e-01 -9.262083890474150927e-01
1.635109922304480712e-01 1.624643735319475368e-01 -9.205350954697029131e-01
1.709397052346046664e-01 1.712267339135902233e-01 -9.148807993129670635e-01
1.783750415425235936e-01 1.800191858207296214e-01 -9.092870068727947341e-01
1.857854596508152767e-01 1.887926960915291552e-01 -9.037941454863722690e-01
1.931404340864419922e-01 1.974973044536376676e-01 -8.984415851028382249e-01
2.004103900840950025e-01 2.060821698895161092e-01 -8.932676700822046456e-01
2.075666223077350381e-01 2.144956268774103059e-01 -8.883097599621283535e-01
2.145811986223282730e-01 2.226852503286451679e-01 -8.836042780457504797e-01
2.214268498919254036e-01 2.305979281961594296e-01 -8.791867668227815180e-01
2.280768467419025392e-01 2.381799409009164314e-01 -8.750919494392555009e-01
2.345048780735639049e-01 2.453770455332655587e-01 -8.713538003597873782e-01
2.406849454084016848e-01 2.521345631214675365e-01 -8.680056291619244746e-01
2.465911620095386780e-01 2.583974796060974910e-01 -8.650801471750728666e-01
2.521975699443359531e-01 2.641105491512245607e-01 -8.626095454950957198e-01
2.574779617705633683e-01 2.692184015988887680e-01 -8.606255828294377963e-01
2.624056934556722176e-01 2.736656559206918082e-01 -8.591596809497024090e-01
2.669534890125486726e-01 2.773970403571257570e-01 -8.582430294456657727e-01
2.710932371998544532e-01 2.803575202062136285e-01 -8.579067019254464910e-01
2.747957804535050563e-01 2.824924345150821026e-01 -8.581817862600007452e-01
2.780306959735052708e-01 2.837476432472749721e-01 -8.590995319180385614e-01
2.807746495691714195e-01 2.840839380645250323e-01 -8.606799826715332280e-01
2.830370878686365721e-01 2.835199946116682135e-01 -8.628977131265931355e-01
2.848347969618401088e-01 2.820897000270603527e-01 -8.657167761509128034e-01
2.861835787709559042e-01 2.798277915661300241e-01 -8.691022170977054095e-01
2.870984696101812617e-01 2.767697347730391222e-01 -8.730200069698961229e-01
2.875939417392880948e-01 2.729516110875778168e-01 -8.774369794075722595e-01
2.876840885104994250e-01 2.684100133478244388e-01 -8.823207692109074074e-01
2.873827937967181612e-01 2.631819479036496823e-01 -8.876397505657824816e-01
2.867038864798607811e-01 2.573047422794854100e-01 -8.933629735688155549e-01
2.856612808609830800e-01 2.508159575212380865e-01 -8.994600980449383165e-01
2.842690994586600794e-01 2.437533048542355196e-01 -9.059013227287491254e-01
2.825417749791996336e-01 2.361545664947319878e-01 -9.126573075932564727e-01
2.804941688281141765e-01 2.280575175731138771e-01 -9.196991001914041064e-01
2.781416708377690838e-01 2.194998512911441324e-01 -9.269980572912306371e-01
2.755002851544823272e-01 2.105191069910876678e-01 -9.345257621041218599e-01
2.725867076311585535e-01 2.011526007921302650e-01 -9.422539386934132288e-01
2.694183955555740084e-01 1.914373588438618157e-01 -9.501543642099696818e-01
2.660136304517561889e-01 1.814100533414326755e-01 -9.581987796965720783e-01
2.623915745844773717e-01 1.711069415379280478e-01 -9.663588002728036308e-01
2.585723216788151646e-01 1.605638080774287602e-01 -9.746058255608636145e-01
2.545769179635066770e-01 1.498159129421026137e-01 -9.829109423986275296e-01
2.504273327026917961e-01 1.388979470177718056e-01 -9.912448127391777497e-01
2.461465718815376569e-01 1.278439809642746283e-01 -9.995776183614824006e-01
2.417587336159043865e-01 1.166874239949939884e-01 -1.007878990643410244e+00
2.372890332557591186e-01 1.054609908768906479e-01 -1.016117936004192757e+00
2.327638230244684081e-01 9.419667596725211922e-02 -1.024262766953340620e+00
2.282106058818396122e-01 8.292573515259693551e-02 -1.032281039633757391e+00
2.236580432061616719e-01 7.167867661090943088e-02 -1.040139498727108869e+00
2.191359558074759128e-01 6.048526136476350956e-02 -1.047804030568368017e+00
2.146753177105353849e-01 4.937451462783171152e-02 -1.055239625294924988e+00
2.103012028858448623e-01 3.837066412784562175e-02 -1.062418032992484385e+00
2.060112109501717192e-01 2.748124730158041373e-02 -1.069341161952732655e+00
2.017958123131071702e-01 1.670995494987348451e-02 -1.076018653060508701e+00
1.976452763494225273e-01 6.060785820796610324e-03 -1.082460287066445925e+00
1.935496690142497478e-01 -4.461968228135937409e-03 -1.088675986735351042e+00
1.894988504734311796e-01 -1.485373628666408763e-02 -1.094675818592705241e+00
1.854824728591193406e-01 -2.510968162958349126e-02 -1.100469994205660385e+00
1.814899782611698598e-01 -3.522471409815786103e-02 -1.106068870928336612e+00
1.775105970654369258e-01 -4.519350158786128446e-02 -1.111482952034944738e+00
1.735333467506041671e-01 -5.501048060550006724e-02 -1.116722886158426409e+00
1.695470374855481133e-01 -6.466986875776958854e-02 -1.121799462633010780e+00
1.655402889807997546e-01 -7.416568035174453399e-02 -1.126723601058736701e+00
1.615015094195308976e-01 -8.349172239199820211e-02 -1.131506361028600693e+00
1.574188906871367699e-01 -9.264159789607795403e-02 -1.136158941501006936e+00
1.532804113462051809e-01 -1.016087113793133767e-01 -1.140692675207100493e+00
1.490738407603968696e-01 -1.103862731458296054e-01 -1.145119021731072717e+00
1.447867444803940806e-01 -1.189673023567650034e-01 -1.149449559150441891e+00
1.404064910026256996e-01 -1.273446288502304569e-01 -1.153695974121805801e+00
1.359202600082323187e-01 -1.355108936919156015e-01 -1.157870050296946340e+00
1.313150521854757891e-01 -1.434585484404520273e-01 -1.161983654954534151e+00
1.265777066008197949e-01 -1.511798695466484155e-01 -1.166048717537634838e+00
1.216949307932178037e-01 -1.586670028224137496e-01 -1.170077194760271277e+00
1.166532970686762205e-01 -1.659119067794092572e-01 -1.174081071380139951e+00
1.114392537970703145e-01 -1.729063295966568603e-01 -1.178072344751481371e+00
1.060391447998254577e-01 -1.796418015798160184e-01 -1.182063000585675594e+00
1.004392308023764890e-01 -1.861096263638870596e-01 -1.186064986283858369e+00
9.462571298793642782e-02 -1.923008709110840542e-01 -1.190090181764162480e+00
8.858475867150161775e-02 -1.982063543703480590e-01 -1.194150367718731731e+00
8.230252909285207252e-02 -2.038166358809614387e-01 -1.198257191250469367e+00
7.576520930434549328e-02 -2.091220014198276189e-01 -1.202422128856641015e+00
6.896746091212602181e-02 -2.141144104749836963e-01 -1.206650967601413660e+00
6.193781064817871496e-02 -2.187936525107705421e-01 -1.210927206493303876e+00
5.471355110084274997e-02 -2.231619799723651987e-01 -1.215228291636415214e+00
4.733230216696338033e-02 -2.272222501989591414e-01 -1.219531130182288203e+00
3.983196287126489210e-02 -2.309779498356920868e-01 -1.223812162884929000e+00
3.225066105388174620e-02 -2.344332103036075310e-01 -1.228047437941893083e+00
2.462670165731717375e-02 -2.375928140567493685e-01 -1.232212685385547957e+00
1.699851437481614269e-02 -2.404621914310718367e-01 -1.236283391244200391e+00
9.404601434048309727e-03 -2.430474079664275422e-01 -1.240234870669280953e+00
1.883486282265423029e-03 -2.453551421588002768e-01 -1.244042339223101479e+00
-5.526337946749393382e-03 -2.473926463720257374e-01 -1.247680980718061328e+00
-1.278646007676353946e-02 -2.491676857739122397e-01 -1.251126009774846892e+00
-1.985858766027881472e-02 -2.506885133959859679e-01 -1.254352735338479796e+00
-2.670458608200654282e-02 -2.519638184230004185e-01 -1.257336618594079303e+00
-3.328651590753839429e-02 -2.530026577631971918e-01 -1.260053325013642311e+00
-3.956666593967739232e-02 -2.538143790127440624e-01 -1.262478770867433209e+00
-4.550758176313784986e-02 -2.544085351498086567e-01 -1.264589163930938120e+00
-5.107208968705023722e-02 -2.547947913132313502e-01 -1.266361038254781635e+00
-5.622331612814690516e-02 -2.549828240305780369e-01 -1.267771283008612748e+00
-6.092470261291893507e-02 -2.549822132610732872e-01 -1.268797165558173790e+00
-6.514002190213652455e-02 -2.548023228891627134e-01 -1.269416339039678654e+00
-6.883339995761161845e-02 -2.544521663512426812e-01 -1.269606825722799259e+00
-7.196930303966198039e-02 -2.539402951096496608e-01 -1.269347057220697073e+00
-7.451253420537007344e-02 -2.532746700608079493e-01 -1.268615890000235780e+00
-7.642823366580753230e-02 -2.524625223124532525e-01 -1.267392607947927630e+00
-7.768187850610175360e-02 -2.515102085943254906e-01 -1.265656923268978939e+00
-7.823928279806935393e-02 -2.504230615498719281e-01 -1.263388976900525540e+00
-7.806659923175907068e-02 -2.492052351477465066e-01 -1.260569339753824458e+00
-7.713032348092774271e-02 -2.478595454535970077e-01 -1.257179016229284851e+00
-7.539730259770216492e-02 -2.463873070181445968e-01 -1.253199451572188483e+00
-7.284813741729756487e-02 -2.447883551876715025e-01 -1.248622188140896538e+00
-6.951727112580741164e-02 -2.430618417891148297e-01 -1.243477704037975196e+00
-6.545264709714437856e-02 -2.412063899410368251e-01 -1.237806280617870902e+00
-6.070226327345551454e-02 -2.392202498903670538e-01 -1.231648293797797722e+00
-5.531413661597728293e-02 -2.371015508360279078e-01 -1.225044174053328883e+00
-4.933626547875569202e-02 -2.348485343920927448e-01 -1.218034365069914360e+00
-4.281658927692522099e-02 -2.324597693788934549e-01 -1.210659280126641146e+00
-3.580294517365345541e-02 -2.299343476734598823e-01 -1.202959255687707341e+00
-2.834302183009640430e-02 -2.272720608994660552e-01 -1.194974502040988984e+00
-2.048431054733601542e-02 -2.244735577943801630e-01 -1.186745051148492491e+00
-1.227405196629316464e-02 -2.215404832974403604e-01 -1.178310705539825198e+00
-3.759177457867579619e-03 -2.184756000276704135e-01 -1.169710991983303527e+00
5.013734571322370215e-03 -2.152828831103481555e-01 -1.160985093606112795e+00
1.399850737580132787e-02 -2.119675986492994824e-01 -1.152171789319393680e+00
2.314941528839931095e-02 -2.085363645483688799e-01 -1.143309398146788114e+00
3.242123011522357601e-02 -2.049971928162257484e-01 -1.134435726211152407e+00
4.176926335036856841e-02 -2.013595138258597039e-01 -1.125588017587761058e+00
5.114940309725479750e-02 -1.976341830955106182e-01 -1.116802910209488076e+00
6.051814466106941737e-02 -1.938334712439488960e-01 -1.108116397952210175e+00
6.983261388168848782e-02 -1.899710378466381577e-01 -1.099563799942163467e+00
7.905059275968762122e-02 -1.860618954420427684e-01 -1.091179746196368150e+00
8.813055645166079088e-02 -1.821223693262146170e-01 -1.082998187855293892e+00
9.703163836055850311e-02 -1.781700104901124959e-01 -1.075052367373027895e+00
1.057136072113782355e-01 -1.742235077524592057e-01 -1.067374816254953451e+00
1.141368448631343568e-01 -1.703025935851743000e-01 -1.059997371688728318e+00
1.222623143012775415e-01 -1.664279387739791005e-01 -1.052951203945933223e+00
1.300515178904171343e-01 -1.626210366225793180e-01 -1.046266854653569833e+00
1.374664460864645221e-01 -1.589040773212504476e-01 -1.039974285913642937e+00
1.444695169099525778e-01 -1.552998129933884641e-01 -1.034102940140697147e+00
1.510235065671348131e-01 -1.518314138080221198e-01 -1.028681810392297447e+00
1.571002672334236294e-01 -1.485194394308542165e-01 -1.023730830474136599e+00
1.627068373540456747e-01 -1.453727042090546817e-01 -1.019235095984644790e+00
1.678586808247874984e-01 -1.423962467101516083e-01 -1.015171335851542178e+00
1.725708523092861491e-01 -1.395941912170481913e-01 -1.011516651905155495e+00
1.768580123183904895e-01 -1.369698283649420922e-01 -1.008248511142978199e+00
1.807344447064296311e-01 -1.345256911874317396e-01 -1.005344735608266760e+00
1.842140760304040725e-01 -1.322636267681227551e-01 -1.002783490378497344e+00
1.873104962979650345e-01 -1.301848636976394857e-01 -1.000543270085730629e+00
1.900369807008934764e-01 -1.282900755352072153e-01 -9.986028843262455545e-01
1.924065119933486834e-01 -1.265794404697011544e-01 -9.969414422603737336e-01
1.944318022011395364e-01 -1.250526970092513679e-01 -9.955383359546043920e-01
1.961253124306328033e-01 -1.237091956531379822e-01 -9.943732218339538242e-01
1.974992788126708199e-01 -1.225479494932431024e-01 -9.934260061274473586e-01
1.985657361163748469e-01 -1.215676807332135567e-01 -9.926768291725482918e-01
1.993365399590203424e-01 -1.207668638648442538e-01 -9.921060491379156687e-01
1.998233885490994233e-01 -1.201437660347450809e-01 -9.916942259114933655e-01
2.000378438890555444e-01 -1.196964847224877282e-01 -9.914221052251988020e-01
1.999913523852763220e-01 -1.194229828394286486e-01 -9.912706030705984439e-01
1.996952648311380862e-01 -1.193211213455653841e-01 -9.912207904454009011e-01
1.991608557447199779e-01 -1.193886894703224399e-01 -9.912538784580404716e-01
1.983993426551275974e-01 -1.196234329973053789e-01 -9.913512027899633594e-01
1.974219059514652486e-01 -1.200230810726585773e-01 -9.914942065580927277e-01
1.962397045113783989e-01 -1.205853685056750280e-01 -9.916644297059016289e-01
1.948638919043252926e-01 -1.213080566663369275e-01 -9.918434966615756743e-01
1.933056326213620224e-01 -1.221889526445689711e-01 -9.920131033208399174e-01
1.915761177744261801e-01 -1.232259263150070616e-01 -9.921550043617979320e-01
1.896865803089338165e-01 -1.244169253252871421e-01 -9.922510008646812096e-01
1.876483097774901410e-01 -1.257599880179491869e-01 -9.922829282043883481e-01
1.854726667256021422e-01 -1.272532542885271845e-01 -9.922326441790776386e-01
1.831710967424622361e-01 -1.288949743751963695e-01 -9.920820173338253944e-01
1.807567133921130775e-01 -1.306817624278329149e-01 -9.918171201185583818e-01
1.782489878601336564e-01 -1.326032973660771219e-01 -9.914408059469703716e-01
1.756689901460890546e-01 -1.346475000516282883e-01 -9.909600356576464542e-01
1.730378051471079814e-01 -1.368022625497262723e-01 -9.903816492701591478e-01
1.703765254236944138e-01 -1.390554359422031538e-01 -9.897123508195058150e-01
1.677062447196244754e-01 -1.413948196346739294e-01 -9.889586956702980380e-01
1.650480521849724269e-01 -1.438081521153975473e-01 -9.881270803351576149e-01
1.624230272429496580e-01 -1.462831031164020246e-01 -9.872237348229169207e-01
1.598522350341156084e-01 -1.488072671222475662e-01 -9.862547175430305124e-01
1.573567223657836855e-01 -1.513681581682937427e-01 -9.852259127931137783e-01
1.549575134945415655e-01 -1.539532059449220114e-01 -9.841430317604826783e-01
1.526756050848905311e-01 -1.565497531902226847e-01 -9.830116180692658467e-01
1.505319650017722388e-01 -1.591450536875220756e-01 -9.818370506659501729e-01
1.485475300488858785e-01 -1.617262714949649904e-01 -9.806245510725681847e-01
1.467432032135151942e-01 -1.642804812593903208e-01 -9.793791942303005094e-01
1.451398509469532527e-01 -1.667946694891213610e-01 -9.781059220734809045e-01
1.437583004136966380e-01 -1.692557367512002031e-01 -9.768095598519397349e-01
1.426193366511085969e-01 -1.716505007686803808e-01 -9.754948352157408742e-01
1.417436995919896248e-01 -1.739657004053052347e-01 -9.741664000716387939e-01
1.411520809155648593e-01 -1.761880005382154835e-01 -9.728288552148374180e-01
1.408651225923116534e-01 -1.783040008646521457e-01 -9.714867746779027868e-01
1.409034189384099633e-01 -1.803002513496343440e-01 -9.701447269811649399e-01
1.412875070729100457e-01 -1.821632501170933338e-01 -9.688073176909073325e-01
1.420378610310275569e-01 -1.838794488778239256e-01 -9.674792282647071140e-01
1.431748876940148740e-01 -1.854352626002344628e-01 -9.661652544628882566e-01
1.447189227359846342e-01 -1.868170804282440756e-01 -9.648703473840223310e-01
1.466902267115832714e-01 -1.880112779827705083e-01 -9.635996570568319264e-01
1.491089814399719771e-01 -1.890042312079280862e-01 -9.623585785058126341e-01
1.519952868738436713e-01 -1.897823319488054494e-01 -9.611528001918379083e-01
1.553691586769194721e-01 -1.903320054744965795e-01 -9.599883547120762195e-01
1.592412941323728681e-01 -1.906431374422266067e-01 -9.588689822295624055e-01
1.635853978441748069e-01 -1.907193098906709849e-01 -9.577880562927951758e-01
1.683659261793946094e-01 -1.905675646238940146e-01 -9.567365518177184391e-01
1.735473273255232485e-01 -1.901949705579770722e-01 -9.557056691425915851e-01
1.790940416229500620e-01 -1.896086014839579725e-01 -9.546867802423180116e-01
1.849705022577117219e-01 -1.888155169143397316e-01 -9.536713776020864231e-01
1.911411361432273637e-01 -1.878227458468773037e-01 -9.526510257816074301e-01
1.975703648450819472e-01 -1.866372733222068092e-01 -9.516173156779084152e-01
2.042226054273932334e-01 -1.852660296916579519e-01 -9.505618214736597515e-01
2.110622711227274628e-01 -1.837158825483657942e-01 -9.494760602392977589e-01
2.180537707670207048e-01 -1.819936312905987563e-01 -9.483514571026003814e-01
2.251615058673950287e-01 -1.801060045325844072e-01 -9.471793180677141599e-01
2.323498731588826693e-01 -1.780596605935103049e-01 -9.459507868897052418e-01
2.395832649667690717e-01 -1.758611905110507578e-01 -9.446568114846263242e-01
2.468260682178491372e-01 -1.735171238611838973e-01 -9.432881158583872327e-01
2.540426630732035562e-01 -1.710339375621536817e-01 -9.418351743029846901e-01
2.611974212124663630e-01 -1.684180677977797913e-01 -9.402881877702076174e-01
2.682547038134934780e-01 -1.656759252110595604e-01 -9.386370623366735444e-01
2.751788592846686754e-01 -1.628139135327231202e-01 -9.368713896813503084e-01
2.819342208202786360e-01 -1.598384518210700378e-01 -9.349804295077430716e-01
2.884851110746984304e-01 -1.567559921352774666e-01 -9.329530917360711051e-01
2.947958601437532522e-01 -1.535730249870379538e-01 -9.307779163892950791e-01
3.008307793708779876e-01 -1.502961397977675695e-01 -9.284430683965272380e-01
3.065541512949101488e-01 -1.469320725497951230e-01 -9.259363302352867642e-01
3.119302274422994792e-01 -1.434877496239614914e-01 -9.232450944292303063e-01
3.169232266578703161e-01 -1.399703364981386144e-01 -9.203563581063556320e-01
3.214973341640749993e-01 -1.363872915111654649e-01 -9.172567197552536911e-01
3.256167015641575624e-01 -1.327464248911360833e-01 -9.139323783678219293e-01
3.292454480335877953e-01 -1.290559632380734456e-01 -9.103691352137301962e-01
3.323476629766632939e-01 -1.253246196382917788e-01 -9.065523985550636432e-01
3.348962588300583576e-01 -1.215615345916321033e-01 -9.024737906848665503e-01
3.368996054501387505e-01 -1.177758551155090316e-01 -8.981510869643010153e-01
3.383751305348927652e-01 -1.139769748492449608e-01 -8.936086587980405227e-01
3.393404998798330574e-01 -1.101745649940193417e-01 -8.888709292332959144e-01
3.398136265642182074e-01 -1.063784896482493636e-01 -8.839623977652344422e-01
3.398126779935024544e-01 -1.025987251338653650e-01 -8.789076647395925868e-01
3.393560807127156131e-01 -9.884528334852848985e-02 -8.737314549368555561e-01
3.384625229249480505e-01 -9.512813919800544582e-02 -8.684586399602727269e-01
3.371509546681537017e-01 -9.145716218150123922e-02 -8.631142590893050581e-01
3.354405856225195492e-01 -8.784205222024699111e-02 -8.577235383006898140e-01
3.333508761724766067e-01 -8.429228136016053696e-02 -8.523119053722685301e-01
3.309015187546604508e-01 -8.081704289990465639e-02 -8.469049997539483954e-01
3.281124443177150241e-01 -7.742519564981886759e-02 -8.415286912417094811e-01
3.250038158734431804e-01 -7.412521586501608084e-02 -8.362090910519297537e-01
3.215960150822776420e-01 -7.092515563596446526e-02 -8.309725582040914382e-01
3.179096266596475040e-01 -6.783260637353460965e-02 -8.258457032103652118e-01
3.139654207222988269e-01 -6.485466754284230362e-02 -8.208553890761796090e-01
3.097843332137895089e-01 -6.199792079626131880e-02 -8.160287296581718586e-01
3.053874445669468862e-01 -5.926840964860957683e-02 -8.113930854662587677e-01
3.007959567774447507e-01 -5.667162482695209391e-02 -8.069760570342650041e-01
2.960311544788289950e-01 -5.421250147806100372e-02 -8.028054817696159695e-01
2.911143371855819950e-01 -5.189543416519093455e-02 -7.989094404698420249e-01
2.860668394476117982e-01 -4.972426118264028361e-02 -7.953162275231813183e-01
2.809100188120674524e-01 -4.770226730655213743e-02 -7.920543304726770373e-01
2.756652281977913788e-01 -4.583219877660571484e-02 -7.891524138697465496e-01
2.703537878481383494e-01 -4.411628441505488496e-02 -7.866393020051862806e-01
2.649969570368901906e-01 -4.255626287623037740e-02 -7.845439607895605683e-01
2.596159056791567110e-01 -4.115341599332156264e-02 -7.828954790555942012e-01
2.542316859697648646e-01 -3.990860816263275268e-02 -7.817230495503664223e-01
2.488652041357024558e-01 -3.882233167873483382e-02 -7.810559498750153651e-01
2.435352618831729821e-01 -3.789224350195841140e-02 -7.809139259561765911e-01
2.382527175027115973e-01 -3.710587982337543167e-02 -7.812783271984407030e-01
2.330262499516946306e-01 -3.644858868966727172e-02 -7.821207849038498416e-01
2.278643311115855496e-01 -3.590611069952220902e-02 -7.834127908134700391e-01
2.227752728282541561e-01 -3.546459085617215123e-02 -7.851256970941564717e-01
2.177672694706180856e-01 -3.511058766864039171e-02 -7.872307178550643769e-01
2.128484360857845203e-01 -3.483107964125542466e-02 -7.896989319943505947e-01
2.080268422422570929e-01 -3.461346925627761806e-02 -7.925012872082555226e-01
2.033105416653286923e-01 -3.444558452320833908e-02 -7.956086050222079820e-01
1.987075977802552629e-01 -3.431567814051783571e-02 -7.989915867271553118e-01
1.942261083133214328e-01 -3.421242573295657508e-02 -8.026208240570227304e-01
1.898742317581634254e-01 -3.412492417240464704e-02 -8.064668174526210542e-01
1.856601914795783514e-01 -3.404267854134657156e-02 -8.104999706683857497e-01
1.815922826021196812e-01 -3.395559022298133556e-02 -8.146905954061041122e-01
1.776788786727121483e-01 -3.385394409072262079e-02 -8.190089207092721146e-01
1.739284351719248001e-01 -3.372839319646381284e-02 -8.234251028912891179e-01
1.703494900290789538e-01 -3.356994090296350208e-02 -8.279092359646540444e-01
1.669506612950750757e-01 -3.336992040400144077e-02 -8.324313625433359398e-01
1.637406421232796561e-01 -3.311997157682267101e-02 -8.369614851949207512e-01
1.607281932030448779e-01 -3.281201511477949140e-02 -8.414695782231698118e-01
1.579221394388357069e-01 -3.243822492111547717e-02 -8.459256025190029504e-01
1.553313770907922553e-01 -3.199099965239504684e-02 -8.502995256077845454e-01
1.529648383498893871e-01 -3.146292526388672073e-02 -8.545613258102733312e-01
1.508314680044517964e-01 -3.084673700312512423e-02 -8.586810029095759411e-01
1.489402049500001546e-01 -3.013527962775741642e-02 -8.626285920063812007e-01
1.472999618039634306e-01 -2.932146480100605856e-02 -8.663741777846323266e-01
1.459196026608378105e-01 -2.839822569585148671e-02 -8.698879092009388359e-01
1.448079189985609361e-01 -2.735846885769932513e-02 -8.731400146166610199e-01
1.439736037200964880e-01 -2.619502339560852988e-02 -8.761008173970656898e-01
1.434252232856882969e-01 -2.490058759408153577e-02 -8.787407520068999389e-01
1.431662287118156129e-01 -2.347100479947528129e-02 -8.810380972526421495e-01
1.431800703807173392e-01 -2.191516295085005339e-02 -8.830021089238946352e-01
1.434451116965673734e-01 -2.024492888638640409e-02 -8.846498093046184508e-01
1.439396211509804679e-01 -1.847185828833852739e-02 -8.859982361452649613e-01
1.446418005646576965e-01 -1.660724883055442191e-02 -8.870644160128464684e-01
1.455298105982802959e-01 -1.466218984584077845e-02 -8.878653405590211101e-01
1.465817936912561237e-01 -1.264760841672929459e-02 -8.884179455979399620e-01
1.477758945747522645e-01 -1.057431182115520230e-02 -8.887390928993470496e-01
1.490902784929191149e-01 -8.453026289323872788e-03 -8.888455546160667353e-01
1.505031472537150528e-01 -6.294432049749332236e-03 -8.887540002782325921e-01
1.519927527967714909e-01 -4.109195654978581302e-03 -8.884809857109887687e-01
1.535374078490536753e-01 -1.908000560782330268e-03 -8.880429434306198466e-01
1.551154971840142949e-01 2.984320143752938748e-04 -8.874561791785606779e-01
1.567054864232675371e-01 2.499323882185322532e-03 -8.867368694382808947e-01
1.582859287064364295e-01 4.683823251405261345e-03 -8.859010606957484768e-01
1.598354696776067563e-01 6.840991612172775405e-03 -8.849646710615419742e-01
1.613328508357545488e-01 8.959794082238570212e-03 -8.839434942467878642e-01
1.627569112880182800e-01 1.102909315792377498e-02 -8.828532058881921607e-01
1.640865879363868629e-01 1.303764581304944770e-02 -8.817093722192015370e-01
1.653009141202068655e-01 1.497410389165798605e-02 -8.805274610849540551e-01
1.663790169022050236e-01 1.682701776212525147e-02 -8.793228540728699194e-01
1.673001131664810792e-01 1.858484324281128863e-02 -8.781108586751575906e-01
1.680435031692493197e-01 2.023595159106683639e-02 -8.769067302432778099e-01
1.685885629485377457e-01 2.176864257638300160e-02 -8.757256935920949559e-01
1.689147353572293397e-01 2.317116067538238511e-02 -8.745829656417032361e-01
1.690015195091074673e-01 2.443171438732250067e-02 -8.734937803390034894e-01
1.688284585967125828e-01 2.553849869110536019e-02 -8.724734158348486091e-01
1.683751260293888663e-01 2.647972068343174001e-02 -8.715372238866496701e-01
1.676211098292950119e-01 2.724362845837013936e-02 -8.707006614497792008e-01
1.665459952126067122e-01 2.781854331122435298e-02 -8.699793244139373272e-01
1.651368639170609498e-01 2.819719190638414474e-02 -8.693852216298427749e-01
1.634108178730051542e-01 2.838962209220685651e-02 -8.689155026017436612e-01
1.613923978697240358e-01 2.841030186766246857e-02 -8.685637004635564651e-01
1.591060734882607797e-01 2.827379842735755489e-02 -8.683234480503378983e-01
1.565762553637495280e-01 2.799475519042715632e-02 -8.681884375724795433e-01
1.538273066184774329e-01 2.758787038198429187e-02 -8.681523838992597497e-01
1.508835535337871292e-01 2.706787709437863398e-02 -8.682089914597157509e-01
1.477692955039073830e-01 2.644952478191386902e-02 -8.683519247637470073e-01
1.445088142923443009e-01 2.574756216633034001e-02 -8.685747825417236001e-01
1.411263825916941883e-01 2.497672155138719319e-02 -8.688710754966439964e-01
1.376462724549627481e-01 2.415170386225007348e-02 -8.692342082418660354e-01
1.340927641076201660e-01 2.328716387771123664e-02 -8.696574659044347122e-01
1.304901504183195726e-01 2.239770128879481348e-02 -8.701340007145659250e-01
1.268627417573728877e-01 2.149785171849494247e-02 -8.706568234295377628e-01
1.232348705703465441e-01 2.060207862024920900e-02 -8.712187989025856893e-01
1.196308950158329054e-01 1.972476685870638846e-02 -8.718126451716230463e-01
1.160752016096595618e-01 1.888021804584516516e-02 -8.724309360437252359e-01
1.125922068204645576e-01 1.808264770587086900e-02 -8.730661071501946147e-01
1.092063575667481246e-01 1.734618434013945887e-02 -8.737104654462939379e-01
1.059421305730561258e-01 1.668487045857602880e-02 -8.743562021294026820e-01
1.028240304387106896e-01 1.611266598832727936e-02 -8.749954096081227206e-01
9.987658629207851746e-02 1.564345449881177075e-02 -8.756201030742389868e-01
9.712434795776614394e-02 1.529104941469672241e-02 -8.762222414062215137e-01
9.459188072385593671e-02 1.506920295305302915e-02 -8.767937528363027866e-01
9.230375884027441913e-02 1.499161752237121448e-02 -8.773265646015744323e-01
9.028455790895284494e-02 1.507195922983051162e-02 -8.778126358829161369e-01
8.855884623448018189e-02 1.532387345815866553e-02 -8.782439940182262816e-01
8.715117522752136026e-02 1.576100244832101538e-02 -8.786127739810605242e-01
8.608606897889403697e-02 1.639700479669858879e-02 -8.789112611213716342e-01
8.538801314996913305e-02 1.724557674548066188e-02 -8.791319371716275199e-01
8.507397214491696502e-02 1.831596400192170293e-02 -8.792690586586906498e-01
8.513096842182221735e-02 1.959945228511283943e-02 -8.793232569415843081e-01
8.553850547613039979e-02 2.108291042254295533e-02 -8.792968893065675751e-01
8.627604845510727927e-02 2.275329178905893812e-02 -8.791924598476690278e-01
8.732303179332756571e-02 2.459762228805306705e-02 -8.790125773410322196e-01
8.865886644788201210e-02 2.660298865320598338e-02 -8.787599158964329860e-01
9.026294663721268208e-02 2.875652717950760717e-02 -8.784371783667794809e-01
9.211465601385038227e-02 3.104541296926477401e-02 -8.780470624967344762e-01
9.419337322545295876e-02 3.345684975737839295e-02 -8.775922297922327253e-01
9.647847684053889594e-02 3.597806036035233745e-02 -8.770752770936258713e-01
9.894935021899042837e-02 3.859627787453856484e-02 -8.764987108133492910e-01
1.015853868583045383e-01 4.129873776082959580e-02 -8.758649237871258819e-01
1.043659915752068734e-01 4.407267004264259214e-02 -8.751761749214068686e-01
1.072705823881019427e-01 4.690529232793805292e-02 -8.744345714730661356e-01
1.102785925116211985e-01 4.978380352427702604e-02 -8.736420539527749440e-01
1.133694719338520507e-01 5.269537811032254382e-02 -8.728003836654458780e-01
1.165226886541130824e-01 5.562716091476938018e-02 -8.719111328847577447e-01
1.197177296666538382e-01 5.856626234680728516e-02 -8.709756776614305807e-01
1.229341017814671311e-01 6.149975401684493193e-02 -8.699951932675475952e-01
1.261513323774923201e-01 6.441466468249412713e-02 -8.689706522818347878e-01
1.293489711658382113e-01 6.729797557909256156e-02 -8.679028256698049226e-01
1.325065939454797004e-01 7.013661425359707380e-02 -8.667922871945199503e-01
1.356038006325581691e-01 7.291745380896319517e-02 -8.656394184276732240e-01
1.386202157152736092e-01 7.562731036763814529e-02 -8.644444171988929781e-01
1.415354901247791730e-01 7.825293963864732305e-02 -8.632073091025227463e-01
1.443293035997648133e-01 8.078103342154285826e-02 -8.619279617224502310e-01
1.469813676171281003e-01 8.319821599942756052e-02 -8.606061015899069133e-01
1.494714289498770832e-01 8.549104038188648502e-02 -8.592413338885811491e-01
1.517792738999750313e-01 8.764598436891102295e-02 -8.578331649200867659e-01
1.538847332381836353e-01 8.964944641861016805e-02 -8.563810273408019036e-01
1.557742384625662169e-01 9.149185317158714525e-02 -8.548844603085159477e-01
1.574604650607973610e-01 9.318003149893172576e-02 -8.533436662369227044e-01
1.589626499276057814e-01 9.472493991084007803e-02 -8.517591819359173755e-01
1.603000314313702823e-01 9.613756959582175909e-02 -8.501317214597698957e-01
1.614918453300546730e-01 9.742894898894505218e-02 -8.484621527845241928e-01
1.625573205890495920e-01 9.861014832770553795e-02 -8.467514765876358318e-01
1.635156751899740080e-01 9.969228413296526981e-02 -8.450008071436050372e-01
1.643861120070253534e-01 1.006865235627234512e-01 -8.432113553492723845e-01
1.651878148162122528e-01 1.016040885956446260e-01 -8.413844138921082738e-01
1.659399444927891487e-01 1.024562600093181786e-01 -8.395213445744045266e-01
1.666616357411929705e-01 1.032543816200233167e-01 -8.376235674248424523e-01
1.673719947658085516e-01 1.040098652890657505e-01 -8.356925512587536353e-01
1.680900955197786040e-01 1.047341927107483528e-01 -8.337298087240578859e-01
1.688349767821128999e-01 1.054389178519032910e-01 -8.317368927352899455e-01
1.696256398765902951e-01 1.061356695747903700e-01 -8.297153947445163880e-01
1.704810467748676395e-01 1.068361539451161413e-01 -8.276669452492555479e-01
1.714201186056620863e-01 1.075521562135963727e-01 -8.255932165468551354e-01
1.724617345926300338e-01 1.082955424581824033e-01 -8.234959277445947912e-01
1.736247314458201352e-01 1.090782608715095137e-01 -8.213768520348021518e-01
1.749279032353618923e-01 1.099123426744519350e-01 -8.192378262444326431e-01
1.763900002028000458e-01 1.108099019844654975e-01 -8.170807626057490225e-01
1.780297251159614902e-01 1.117831339852730643e-01 -8.149076629218034995e-01
1.798657398214089653e-01 1.128443165290500261e-01 -8.127206356485752181e-01
1.819166691034217465e-01 1.140058098907097417e-01 -8.105219149062801165e-01
1.842011036700217375e-01 1.152800552996744443e-01 -8.083138817260349107e-01
1.867376039658372733e-01 1.166795728365808138e-01 -8.060990876617197820e-01
1.895447049136445017e-01 1.182169586165269237e-01 -8.038802807857869936e-01
1.926409217040019328e-01 1.199048811673755210e-01 -8.016604340907815818e-01
1.960447567718244244e-01 1.217560768972738572e-01 -7.994427763220284255e-01
1.997747081201386443e-01 1.237833445300280388e-01 -7.972308252714133125e-01
2.038412628449628450e-01 1.259946532861899726e-01 -7.950290918384883554e-01
2.082228922690321227e-01 1.283784008918598118e-01 -7.928449656919487332e-01
2.128901561406348897e-01 1.309179175481869351e-01 -7.906864341861683521e-01
2.178137232318468897e-01 1.335963229270440422e-01 -7.885613302539549174e-01
2.229643679967985292e-01 1.363965221436878039e-01 -7.864772875788084150e-01
2.283129656604514501e-01 1.393012044371921831e-01 -7.844417004302628449e-01
2.338304857847428586e-01 1.422928444777182833e-01 -7.824616881919577160e-01
2.394879843988189094e-01 1.453537061902059335e-01 -7.805440646195287435e-01
2.452565948164826537e-01 1.484658489588026598e-01 -7.786953118725112866e-01
2.511075172968175728e-01 1.516111360554077692e-01 -7.769215593712397450e-01
2.570120081507702992e-01 1.547712449200799867e-01 -7.752285706292427747e-01
2.629413688173793950e-01 1.579276787019701089e-01 -7.736217408343253332e-01
2.688669317966598804e-01 1.610617805293825811e-01 -7.721060805368971103e-01
2.747600472560525198e-01 1.641547491937282999e-01 -7.706862111308452334e-01
2.805920700369881615e-01 1.671876559718521449e-01 -7.693663687051484068e-01
2.863343468758912103e-01 1.701414625337260844e-01 -7.681504131669250057e-01
2.919582040923813793e-01 1.729970397443363339e-01 -7.670418427192178257e-01
2.974349359876589105e-01 1.757351871796157816e-01 -7.660438137764167266e-01
3.027357941794668328e-01 1.783366531914176711e-01 -7.651591663977099778e-01
3.078319780762535096e-01 1.807821553757373856e-01 -7.643904553139804214e-01
3.126946284176419510e-01 1.830524002369493530e-01 -7.637399895348488954e-01
3.172948255813570206e-01 1.851281008785168325e-01 -7.632098831761209290e-01
3.216035786904569704e-01 1.869900014062939597e-01 -7.628020942516924308e-01
3.255918200175123012e-01 1.886188993303461459e-01 -7.625184755707929973e-01
3.292304027202930250e-01 1.899956670120643842e-01 -7.623608344411656468e-01
3.324901000187456823e-01 1.911012732970336359e-01 -7.623309981626760212e-01
3.353416056467524164e-01 1.919168054444710947e-01 -7.624308852710912632e-01
3.377555353325023546e-01 1.924234915194098505e-01 -7.626625824645003604e-01
3.397024289764254412e-01 1.926027234740717020e-01 -7.630284271161360543e-01
3.411527531063613949e-01 1.924360812099799034e-01 -7.635310952478286950e-01
3.420872544365844981e-01 1.919131554053130628e-01 -7.641713065387873982e-01
3.425280408646629304e-01 1.910549379473618359e-01 -7.649407397080181248e-01
3.425075830500494689e-01 1.898903775861091603e-01 -7.658291657917679629e-01
3.420583808648021140e-01 1.884485362022445543e-01 -7.668267266272246196e-01
3.412129717955889596e-01 1.867585486069960332e-01 -7.679238270548660594e-01
3.400039380981616510e-01 1.848495860038896765e-01 -7.691110357769010974e-01
3.384639131639937126e-01 1.827508227473084723e-01 -7.703789950441857215e-01
3.366255874143067039e-01 1.804914061281528426e-01 -7.717183393069508845e-01
3.345217139058784817e-01 1.781004290040719695e-01 -7.731196229308157086e-01
3.321851137169349322e-01 1.756069051706052875e-01 -7.745732570496319802e-01
3.296486804652887237e-01 1.730397476474405671e-01 -7.760694554895226638e-01
3.269453834190598762e-01 1.704277500564517212e-01 -7.775981898181516527e-01
3.241082739330800599e-01 1.677995694847460584e-01 -7.791491544237918454e-01
3.211704896059845993e-01 1.651837127559212526e-01 -7.807117404015779805e-01
3.181652566855097675e-01 1.626085260429537271e-01 -7.822750184700697496e-01
3.151258910825158743e-01 1.601021877967792051e-01 -7.838277310374159867e-01
3.120857976888369301e-01 1.576927051994743145e-01 -7.853582933894593943e-01
3.090784677011373383e-01 1.554079143597100199e-01 -7.868548039682039530e-01
3.061374736736821589e-01 1.532754844674215633e-01 -7.883050637060122767e-01
3.032964620567639713e-01 1.513229261142492454e-01 -7.896966043782369660e-01
3.005891412631771509e-01 1.495776052776385256e-01 -7.910167259874993917e-01
2.980492635518356970e-01 1.480667643101121200e-01 -7.922525432213465280e-01
2.957106147150843078e-01 1.468175395357498303e-01 -7.933910404614419321e-01
2.936069970754937586e-01 1.458569862843930309e-01 -7.944191356375127633e-01
2.917722078728006707e-01 1.452121099513155045e-01 -7.953237528981480509e-01
2.902400150547697066e-01 1.449099016811157270e-01 -7.960919040058245244e-01
2.890441307954132455e-01 1.449773785320753738e-01 -7.967107784051319364e-01
2.882181831904016001e-01 1.454416278887165070e-01 -7.971678419167278484e-01
2.877956867183493195e-01 1.463298557931311805e-01 -7.974509440173687125e-01
2.878100122090350155e-01 1.476694387605119729e-01 -7.975484336801406116e-01
2.882842211609526473e-01 1.494774004788892441e-01 -7.974523787114202733e-01
2.892006510915976492e-01 1.517287103839475293e-01 -7.971678547364602352e-01
2.905313628785193281e-01 1.543879875766691612e-01 -7.967034500458578528e-01
2.922483137673337339e-01 1.574200350052157305e-01 -7.960680222480305268e-01
2.943233899431167977e-01 1.607897983566690669e-01 -7.952705778025821459e-01
2.967284363772644262e-01 1.644623272265581804e-01 -7.943201613988226661e-01
2.994352835001747870e-01 1.684027388997346719e-01 -7.932257551722874389e-01
3.024157704402830049e-01 1.725761849763021161e-01 -7.919961877337913236e-01
3.056417647406979299e-01 1.769478209849415506e-01 -7.906400529718373704e-01
3.090851786168138382e-01 1.814827790435051824e-01 -7.891656385810827956e-01
3.127179818057643779e-01 1.861461427526487356e-01 -7.875808658258773853e-01
3.165122110410512057e-01 1.909029233543986237e-01 -7.858932419424089488e-01
3.204399777190034548e-01 1.957180435111895989e-01 -7.841098127448620225e-01
3.244734733825596074e-01 2.005563223257054162e-01 -7.822371281392812570e-01
3.285849736278949607e-01 2.053824620159137027e-01 -7.802812188044176978e-01
3.327468411704730400e-01 2.101610367752648756e-01 -7.782475824616925664e-01
3.369315287204308618e-01 2.148564835569448661e-01 -7.761411797657276068e-01
3.411115823324024632e-01 2.194330945102844765e-01 -7.739664398633694375e-01
3.452596458914602984e-01 2.238550107947050449e-01 -7.717272756814899104e-01
3.493484673737881074e-01 2.280862175017057680e-01 -7.694271090100528454e-01
3.533509117885800244e-01 2.320905381868678674e-01 -7.670689007145323757e-01
3.572399851742549259e-01 2.358316275297012155e-01 -7.646551816820852387e-01
3.609888356532633402e-01 2.392729719234107932e-01 -7.621881225051816422e-01
3.645707674129510245e-01 2.423778879109108608e-01 -7.596696034650674001e-01
3.679592629755008559e-01 2.451095194917733977e-01 -7.571012896480247001e-01
3.711280093677125080e-01 2.474308354476018046e-01 -7.544847158452214764e-01
3.740509280368171652e-01 2.493046266565719371e-01 -7.518213810279656961e-01
3.767022081501023578e-01 2.506935034280726171e-01 -7.491128520973275862e-01
3.790563426860238394e-01 2.515598929535980410e-01 -7.463608765045539606e-01
3.810881664750733755e-01 2.518660370395124914e-01 -7.435675032302069276e-01
3.827796786746757718e-01 2.515853837221744271e-01 -7.407355158239532500e-01
3.841403053114378352e-01 2.507368431991214841e-01 -7.378694881580933895e-01
3.851863233539849496e-01 2.493507401037984295e-01 -7.349749119360473593e-01
3.859340023155803934e-01 2.474574460526719477e-01 -7.320578016945735733e-01
3.863995587015320865e-01 2.450873887918221250e-01 -7.291245955341674190e-01
3.865991121100229577e-01 2.422710610922909069e-01 -7.261820620078700550e-01
3.865486439049834466e-01 2.390390291536670375e-01 -7.232372135051323703e-01
3.862639592062646621e-01 2.354219403224360185e-01 -7.202972263685287757e-01
3.857606527782735384e-01 2.314505299754587853e-01 -7.173693678828785281e-01
3.850540792455454664e-01 2.271556274589912050e-01 -7.144609301822888447e-01
3.841593271244096996e-01 2.225681600518045755e-01 -7.115791732409011416e-01
3.830911963217347171e-01 2.177191544261019018e-01 -7.087312789182447226e-01
3.818641855772204607e-01 2.126397430700914803e-01 -7.059242980117650390e-01
3.804924827671434251e-01 2.073611669493056198e-01 -7.031651079902689894e-01
3.789899589984742079e-01 2.019147760519075518e-01 -7.004603790223247195e-01
3.773701671618678866e-01 1.963320289445071865e-01 -6.978165457732337096e-01
3.756463446984539267e-01 1.906444913934501884e-01 -6.952397846320019781e-01
3.738314202940160591e-01 1.848838341151797238e-01 -6.927359960199730438e-01
3.719380241842396018e-01 1.790818297250220681e-01 -6.903107914330273154e-01
3.699785017350354366e-01 1.732703489568958588e-01 -6.879694848783670658e-01
3.679649246877008117e-01 1.674813557023697719e-01 -6.857170944801405099e-01
3.659090947213243794e-01 1.617469005666833937e-01 -6.835583596181193933e-01
3.638225810781965386e-01 1.560991171423822266e-01 -6.814977246206730399e-01
3.617167492155966002e-01 1.505702165247608804e-01 -6.795393385310974921e-01
3.596027857123229587e-01 1.451924808755391538e-01 -6.776870641710308618e-01
3.574917244555919638e-01 1.399982566576074561e-01 -6.759444901444324749e-01
3.553944738337109222e-01 1.350199475915516700e-01 -6.743149456652326457e-01
3.533218446884882624e-01 1.302900073781589896e-01 -6.728015181339146444e-01
3.512845788137273217e-01 1.258409322241638151e-01 -6.714070734306285537e-01
3.492933778224411867e-01 1.217052532011653199e-01 -6.701342789344835182e-01
3.473554801301279582e-01 1.179054476036474064e-01 -6.689841104099820690e-01
3.454644097194718988e-01 1.144236584842843740e-01 -6.679514544392772812e-01
3.436104697085968773e-01 1.112318942710448511e-01 -6.670298985656439861e-01
3.417841857331151978e-01 1.083021121702203438e-01 -6.662132591959184502e-01
3.399762769843563959e-01 1.056062247515292540e-01 -6.654955583486641402e-01
3.381776301606174151e-01 1.031161057909075751e-01 -6.648710041917769153e-01
3.363792760797936765e-01 1.008035954384514099e-01 -6.643339751174743846e-01
3.345723687396104928e-01 9.864050477005914530e-02 -6.638790071438598339e-01
3.327481666424114692e-01 9.659861977406070110e-02 -6.635007844678266764e-01
3.308980162258676749e-01 9.464970481821222137e-02 -6.631941330246560184e-01
3.290133395596921417e-01 9.276550803595196015e-02 -6.629540157016569069e-01
3.270856285203063152e-01 9.091777103861620191e-02 -6.627755278727183175e-01
3.251064268900725196e-01 8.907822380936680773e-02 -6.626539030654949869e-01
3.230673185834183059e-01 8.721858405724880470e-02 -6.625845188332579738e-01
3.209599196637498153e-01 8.531055863238634629e-02 -6.625629039961378197e-01
3.187758717428130772e-01 8.332584463145487064e-02 -6.625847484439377766e-01
3.165068366313605885e-01 8.123613022851117194e-02 -6.626459154688988384e-01
3.141444920962648268e-01 7.901309526842936748e-02 -6.627424566025079677e-01
3.116805285614723253e-01 7.662841166311151753e-02 -6.628706289344949987e-01
3.091066465685239351e-01 7.405374363435957008e-02 -6.630269148949192726e-01
3.064145453254103479e-01 7.126073762077700380e-02 -6.632080459610767420e-01
3.035958928872997120e-01 6.822099149411897656e-02 -6.634110319557540159e-01
3.006423533933153536e-01 6.490608501655525941e-02 -6.636331840839360119e-01
2.975455948183349797e-01 6.128759014099749436e-02 -6.638721430848146809e-01
2.942972866030149071e-01 5.733707126183684721e-02 -6.641259112321042934e-01
2.908890962835433136e-01 5.302608568848832249e-02 -6.643928867529709237e-01
2.873126846762277253e-01 4.832618443166536437e-02 -6.646719006809500563e-01
2.835596991193742866e-01 4.320891340154897620e-02 -6.649622561763499640e-01
2.796217642178433493e-01 3.764581512700493349e-02 -6.652637703728818686e-01
2.754904694736786119e-01 3.160843111580424747e-02 -6.655768188434323385e-01
2.711627657772188726e-01 2.508009410778289094e-02 -6.659023180288712318e-01
2.666571922160088093e-01 1.809128444270236002e-02 -6.662412152384349362e-01
2.619976506254939608e-01 1.068424904275344645e-02 -6.665940303757897922e-01
2.572080058640353606e-01 2.901208025336110552e-03 -6.669607505038945838e-01
2.523121013796556511e-01 -5.215651148663624781e-03 -6.673407534169446542e-01
2.473337797580974495e-01 -1.362418019853084417e-02 -6.677327408336708459e-01
2.422969076052949866e-01 -2.228227698639262400e-02 -6.681346809521144792e-01
2.372254039721086727e-01 -3.114789264838258021e-02 -6.685437601386903239e-01
2.321432714062230396e-01 -4.017903859162785807e-02 -6.689563435763341559e-01
2.270746286132716563e-01 -4.933379302762386232e-02 -6.693679447652440828e-01
2.220436253877986488e-01 -5.857047466414933012e-02 -6.697732442148232046e-01
2.170741179752622152e-01 -6.784814989458709533e-02 -6.701662053963817200e-01
2.121900497342621428e-01 -7.712612957334474828e-02 -6.705399633168527274e-01
2.074155955006236063e-01 -8.636380168974611138e-02 -6.708867914277347744e-01
2.027751841306471015e-01 -9.552063012728595481e-02 -6.711981161852946798e-01
1.982935156885314854e-01 -1.045561508707124609e-01 -6.714645412268209768e-01
1.939955720743280487e-01 -1.134299653166559452e-01 -6.716758816762418149e-01
1.899066199206420613e-01 -1.221017303654279296e-01 -6.718212091566253541e-01
1.860522046394783580e-01 -1.305311450029815745e-01 -6.718889081326260282e-01
1.824581345783515829e-01 -1.386779331238074953e-01 -6.718667442284136371e-01
1.791509164869906634e-01 -1.465012093267397120e-01 -6.717417574612141173e-01
1.761591115974776578e-01 -1.539576151985526664e-01 -6.714997716609971690e-01
1.735119097033854807e-01 -1.610031292994200669e-01 -6.711260335851760850e-01
1.712385993834257825e-01 -1.675936430056923498e-01 -6.706055310079626075e-01
1.693684833284234692e-01 -1.736849179491635198e-01 -6.699231462354160449e-01
1.679307787670611951e-01 -1.792325389859805718e-01 -6.690638269757713807e-01
1.669545035038977332e-01 -1.841918631655774519e-01 -6.680127744139507939e-01
1.664683485566205157e-01 -1.885179653527577770e-01 -6.667556480121881179e-01
1.665005389082945264e-01 -1.921655813504914434e-01 -6.652787861868301178e-01
1.670786844700162810e-01 -1.950890495725854379e-01 -6.635694416026880482e-01
1.682168406170596597e-01 -1.972608349749469525e-01 -6.616211836504803934e-01
1.698771462284942579e-01 -1.987273559578768278e-01 -6.594495397359327882e-01
1.720084336639056133e-01 -1.995535057888275787e-01 -6.570763665147345556e-01
1.745592355867238155e-01 -1.998042064261111861e-01 -6.545243410072063561e-01
1.774779787709688250e-01 -1.995445054674189755e-01 -6.518166250378181203e-01
1.807131599275200173e-01 -1.988396611491287658e-01 -6.489765653156753800e-01
1.842135005004719162e-01 -1.977552145638661329e-01 -6.460274308016122902e-01
1.879280784215091593e-01 -1.963570487276715681e-01 -6.429921884246394548e-01
1.918064357316482393e-01 -1.947114345277283221e-01 -6.398933176748538010e-01
1.957986617733724621e-01 -1.928850639122092758e-01 -6.367526641305993884e-01
1.998616690629182457e-01 -1.909362837785950617e-01 -6.335888077955020847e-01
2.039777099104918001e-01 -1.888886260963156261e-01 -6.304096430930794526e-01
2.081354408642033249e-01 -1.867569693593833513e-01 -6.272203080608571568e-01
2.123236672012365212e-01 -1.845562979913406565e-01 -6.240257536575470887e-01
2.165313457006496911e-01 -1.823017019707720010e-01 -6.208307369298409206e-01
2.207475861382874882e-01 -1.800083758623247654e-01 -6.176398161647567164e-01
2.249616515824830465e-01 -1.776916173069285065e-01 -6.144573479748065559e-01
2.291629575742524239e-01 -1.753668250250415284e-01 -6.112874862608279614e-01
2.333410702789584512e-01 -1.730494963861572977e-01 -6.081341829959887590e-01
