3.832078695297240323e+00 -2.507331669330596924e-01 -2.438773363828659335e-01
3.829267088026194532e+00 -2.398262330530761821e-01 -2.548631298399278711e-01
3.826434747040793560e+00 -2.288161534100683625e-01 -2.659657210981528630e-01
3.823609341299009756e+00 -2.178133738486349724e-01 -2.770721616282133537e-01
3.820816403610735268e+00 -2.069198958574069991e-01 -2.880780896506329181e-01
3.818079330637779378e+00 -1.962292765690470675e-01 -2.988877301357849570e-01
3.815419382893863176e+00 -1.858266287602494682e-01 -3.094138948038928638e-01
3.812855684744632878e+00 -1.757886208517407400e-01 -3.195779821250310793e-01
3.810405224407647395e+00 -1.661834769082789764e-01 -3.293099773191238699e-01
3.808082853952386770e+00 -1.570709766386542416e-01 -3.385484523559461056e-01
3.805901289300241963e+00 -1.485024553956882376e-01 -3.472405659551224821e-01
3.803871110224525065e+00 -1.405208041762348314e-01 -3.553420635861284094e-01
3.802000760350464859e+00 -1.331604696211794447e-01 -3.628172774682895674e-01
3.800296547155208593e+00 -1.264474540154394699e-01 -3.696391265707817397e-01
3.798762641967820208e+00 -1.203993152879642148e-01 -3.757891166126313132e-01
3.797401079969279447e+00 -1.150251670117347219e-01 -3.812573400627147779e-01
3.796211760192484075e+00 -1.103256784037638105e-01 -3.860424761397587834e-01
3.795192445522249880e+00 -1.062930743250963123e-01 -3.901517908123408040e-01
3.794338762695311562e+00 -1.029111352808088631e-01 -3.936011367988882514e-01
3.793644202300315182e+00 -1.001551974200098338e-01 -3.964149535676785852e-01
3.793100118777830598e+00 -9.799215253583953844e-02 -3.986262673368402565e-01
3.792695730420339029e+00 -9.638044806547003962e-02 -4.002766910743513207e-01
3.792418119372245044e+00 -9.527008709010538479e-02 -4.014164244980407137e-01
3.792252231629865467e+00 -9.460262833498132851e-02 -4.021042540755871419e-01
3.792180877041436915e+00 -9.431118616936556842e-02 -4.024075530245200816e-01
3.792184729307114921e+00 -9.432043060655759259e-02 -4.024022813122193343e-01
3.792242423374055260e+00 -9.454694808518154803e-02 -4.021726357415179032e-01
3.792331626784728904e+00 -9.490321007200967773e-02 -4.018072008839988496e-01
3.792430111026953377e+00 -9.530154167123643105e-02 -4.013951000070326569e-01
3.792515848929570055e+00 -9.565448240792220891e-02 -4.010256451572958847e-01
3.792567014662440172e+00 -9.587478622799301686e-02 -4.007883371607706691e-01
3.792561983736447040e+00 -9.587542149824064552e-02 -4.007728656227448893e-01
3.792479333003493380e+00 -9.556957100632258728e-02 -4.010691089278123345e-01
3.792297840656505770e+00 -9.487063196076211957e-02 -4.017671342398724255e-01
3.791996486229429308e+00 -9.369221599094822162e-02 -4.029571975021304375e-01
3.791554450597230730e+00 -9.194814914713560217e-02 -4.047297434370972780e-01
3.790951426951921999e+00 -8.955377336217511253e-02 -4.071740273522254649e-01
3.790171041547709674e+00 -8.644026256778385153e-02 -4.103629549624730477e-01
3.789204274452817600e+00 -8.256893883874136253e-02 -4.143379221832941273e-01
3.788049770527735838e+00 -7.793257386392897501e-02 -4.191074369264170540e-01
3.786713839425220218e+00 -7.255538894632988789e-02 -4.246471190998449274e-01
3.785210455590289680e+00 -6.649305500302901684e-02 -4.308997006078547076e-01
3.783561258260233817e+00 -5.983269256521308449e-02 -4.377750253509983813e-01
3.781795551464600891e+00 -5.269287177817059964e-02 -4.451500492261015740e-01
3.779950304025211150e+00 -4.522361240129189885e-02 -4.528688401262649377e-01
3.778070149556142177e+00 -3.760638380806901465e-02 -4.607425779408626521e-01
3.776206713353796651e+00 -3.005135225986144479e-02 -4.685524395200054704e-01
3.774411208181002397e+00 -2.276710089106491128e-02 -4.760813333111212908e-01
3.772727030046332697e+00 -1.593034967459123000e-02 -4.831456340161765506e-01
3.771189085092538029e+00 -9.683202689071020858e-03 -4.895980675630123846e-01
3.769823789596558061e+00 -4.133148118853558622e-03 -4.953277111053466797e-01
3.768649069969510101e+00 6.469417459931816683e-04 -5.002599930227731306e-01
3.767674362756697981e+00 4.618810509682527189e-03 -5.043566929207619065e-01
3.766900614637609834e+00 7.778817670709101476e-03 -5.076159416306590400e-01
3.766320282425913213e+00 1.015793862184883982e-02 -5.100722212096866492e-01
3.765917333069463968e+00 1.182176465015898591e-02 -5.117963649409432714e-01
3.765667661609453543e+00 1.286877346560655160e-02 -5.128936769485906710e-01
3.765543688747112760e+00 1.341130495000754895e-02 -5.134832478931882216e-01
3.765518958422347851e+00 1.355653685648531767e-02 -5.136772706132274324e-01
3.765568555776896087e+00 1.340475532160542022e-02 -5.135791597223863247e-01
3.765669107154315132e+00 1.304935486537564700e-02 -5.132835516095300976e-01
3.765798780099992804e+00 1.257683839124602160e-02 -5.128763044387110170e-01
3.765937283361142640e+00 1.206681718610879729e-02 -5.124344981491680828e-01
3.766065866886800784e+00 1.159201092029845011e-02 -5.120264344553272506e-01
3.766167321827831316e+00 1.121824764759168230e-02 -5.117116368468013210e-01
3.766225980536924478e+00 1.100446380520742583e-02 -5.115408505883901613e-01
3.766227705951780802e+00 1.100290636130899467e-02 -5.115565456940323052e-01
3.766159774809923810e+00 1.126135644138334668e-02 -5.117984496498676483e-01
3.766010760863374607e+00 1.182535295751214327e-02 -5.123090801444964981e-01
3.765770524261777830e+00 1.273839475683777832e-02 -5.131342480453282562e-01
3.765430211552404316e+00 1.404194062156344756e-02 -5.143230573985828613e-01
3.764982255680149326e+00 1.577540926895305493e-02 -5.159279054292894573e-01
3.764420375987537426e+00 1.797617935133128883e-02 -5.180044825412879472e-01
3.763739578214713166e+00 2.067958945608357191e-02 -5.206117723172271061e-01
3.762936154499453512e+00 2.391893810565608874e-02 -5.238120515185664683e-01
3.762007683377154965e+00 2.772548375755578415e-02 -5.276708900855745510e-01
3.760952982353314766e+00 3.212824046756421886e-02 -5.322561519002418917e-01
3.759771586200702842e+00 3.715173018509005526e-02 -5.376270031783040304e-01
3.758463225256542639e+00 4.281373504852154649e-02 -5.438229208612663790e-01
3.757027777994978113e+00 4.912509304844041996e-02 -5.508626933793149272e-01
3.755465271027079499e+00 5.608969802762183571e-02 -5.587444206513172418e-01
3.753775879100836654e+00 6.370449968103442107e-02 -5.674455140848211343e-01
3.751959925101167492e+00 7.195950355584017355e-02 -5.769226965760564374e-01
3.750017880049906438e+00 8.083777105139480779e-02 -5.871120025099328954e-01
3.747950363105816418e+00 9.031541941924722816e-02 -5.979287777600419407e-01
3.745758141564578647e+00 1.003616217631398827e-01 -6.092676796886554724e-01
3.743442471297151020e+00 1.109386677582381298e-01 -6.210051101353507574e-01
3.741008841565061527e+00 1.220026315614955031e-01 -6.330259782454639161e-01
3.738470719830866873e+00 1.335040397211507690e-01 -6.452504632637426907e-01
3.735849892194860189e+00 1.453879318956675937e-01 -6.576364475113665176e-01
3.733176463395083022e+00 1.575938608537346408e-01 -6.701795163859489701e-01
3.730488856807319120e+00 1.700558924742656408e-01 -6.829129583615366483e-01
3.727833814445091321e+00 1.827026057463990993e-01 -6.959077649886077355e-01
3.725266396959669546e+00 1.954570927694987137e-01 -7.092726308940744406e-01
3.722849983640065918e+00 2.082369587531529287e-01 -7.231539537812819995e-01
3.720656272413034316e+00 2.209543220171756306e-01 -7.377358344300083415e-01
3.718764160646482075e+00 2.335163179021306212e-01 -7.532359927117413534e-01
3.717247434029638864e+00 2.458306417658889798e-01 -7.698608439135170567e-01
3.716162455485252369e+00 2.578110919657683464e-01 -7.877605751785999866e-01
3.715547045983672803e+00 2.693780737642533785e-01 -8.070250615607095224e-01
3.715420484542847568e+00 2.804585993289948065e-01 -8.276838660240176671e-01
3.715783508228323928e+00 2.909862877328101005e-01 -8.497062394431509347e-01
3.716618312153251225e+00 3.009013649536834700e-01 -8.730011206031897952e-01
3.717888549478377769e+00 3.101506638747654754e-01 -8.974171361996682306e-01
3.719539331412048622e+00 3.186876242843732498e-01 -9.227426008385739564e-01
3.721497227210211811e+00 3.264722928759904441e-01 -9.487055170363488665e-01
3.723671591269736236e+00 3.334716150517247346e-01 -9.749785219942507242e-01
3.725969161205563207e+00 3.396626447714675701e-01 -1.001233302305041040e+00
3.728308655965829832e+00 3.450357544104032392e-01 -1.027195008801202292e+00
3.730622102937853679e+00 3.495949265652498195e-01 -1.052647203376478435e+00
3.732854837948119009e+00 3.533577540542576778e-01 -1.077431858985871127e+00
3.734965505262290986e+00 3.563554399172108589e-01 -1.101449359645643167e+00
3.736926057585206351e+00 3.586327974154261411e-01 -1.124658500433316721e+00
3.738721756060874313e+00 3.602482500317534253e-01 -1.147076487487673324e+00
3.740351170272481429e+00 3.612738314705758458e-01 -1.168778938008755430e+00
3.741826178242386725e+00 3.617951856578094927e-01 -1.189899880257864195e+00
3.743171233880389082e+00 3.619104225751366699e-01 -1.210627452281897387e+00
3.744415308830794764e+00 3.617175323056305292e-01 -1.231156587388807067e+00
3.745583834256614342e+00 3.613017989811739272e-01 -1.251641699253870810e+00
3.746697968266866408e+00 3.607346565839569252e-01 -1.272192380520965616e+00
3.747774595916582907e+00 3.600736889464775103e-01 -1.292873402802569904e+00
3.748826329206798480e+00 3.593626297515403745e-01 -1.313704716679759077e+00
3.749861507084559786e+00 3.586313625322580800e-01 -1.334661451702209956e+00
3.750884195442922397e+00 3.578959206720505604e-01 -1.355673916388199673e+00
3.751894187120948132e+00 3.571584874046449531e-01 -1.376627598224603233e+00
3.752887001903712605e+00 3.564073958140761555e-01 -1.397363163666897945e+00
3.753854137592595119e+00 3.556180308607683749e-01 -1.417679788587552281e+00
3.754785831778579386e+00 3.547627516684390692e-01 -1.437371793208358062e+00
3.755673823615537810e+00 3.538208138110021661e-01 -1.456265277032757099e+00
3.756511604890540923e+00 3.527792713386506129e-01 -1.474221449294238040e+00
3.757294420023848058e+00 3.516329767778560988e-01 -1.491136628956332810e+00
3.758019266068912678e+00 3.503845811313689995e-01 -1.506942244712618173e+00
3.758684892712383263e+00 3.490445338782190432e-01 -1.521604834986717059e+00
3.759291802274097982e+00 3.476310829737138119e-01 -1.535126047932294568e+00
3.759842249707088246e+00 3.461702748494406290e-01 -1.547542641433062638e+00
3.760340242597578264e+00 3.446959544132649489e-01 -1.558926483102777372e+00
3.760791488703703500e+00 3.432487685945879163e-01 -1.569383524572721234e+00
3.761202818887382282e+00 3.418652054561996390e-01 -1.579042518771378800e+00
3.761581610050698021e+00 3.405666333916589905e-01 -1.588043737292149427e+00
3.761935732676119137e+00 3.393583046990579222e-01 -1.596537944710177293e+00
3.762273550826495505e+00 3.382293555810220731e-01 -1.604686398582346740e+00
3.762603922145058011e+00 3.371528061447103264e-01 -1.612660849447284495e+00
3.762936197855419884e+00 3.360855604018146425e-01 -1.620643540825359219e+00
3.763280222761579363e+00 3.349684062685607255e-01 -1.628827209218684180e+00
3.763646335247915253e+00 3.337260155657074678e-01 -1.637415084111111918e+00
3.764045367279186927e+00 3.322669440185467837e-01 -1.646620887968238911e+00
3.764488512403016962e+00 3.304852249157306798e-01 -1.656666009019769570e+00
3.764985873782196624e+00 3.282778992955666664e-01 -1.667748401973392802e+00
3.765545012230753663e+00 3.255625460867186405e-01 -1.680011488809543652e+00
3.766170814217710383e+00 3.222788757518357805e-01 -1.693541331590733057e+00
3.766865491867065874e+00 3.183887302875519354e-01 -1.708366632461547852e+00
3.767628582957803118e+00 3.138760832244856247e-01 -1.724458733648648989e+00
3.768456950923892546e+00 3.087470396272403717e-01 -1.741731617460774206e+00
3.769344784854285368e+00 3.030298360944045366e-01 -1.760041906288735358e+00
3.770283599492914917e+00 2.967748407585511505e-01 -1.779188862605419308e+00
3.771262235238703742e+00 2.900545532862384701e-01 -1.798914388965790812e+00
3.772267095164323347e+00 2.829614236164498808e-01 -1.818907744124564019e+00
3.773284752231714112e+00 2.755838580002356597e-01 -1.838857420510552121e+00
3.774304556514385567e+00 2.679822249779472143e-01 -1.858503021835943958e+00
3.775318872218442312e+00 2.601866740968752922e-01 -1.877639979258958647e+00
3.776323077682581797e+00 2.521971359112500366e-01 -1.896119551383840696e+00
3.777315565378102313e+00 2.439833219822413191e-01 -1.913848824260866444e+00
3.778297741908896334e+00 2.354847248779586011e-01 -1.930790711386338065e+00
3.779274028011451403e+00 2.266106181734509895e-01 -1.946963953702588679e+00
3.780251858554853683e+00 2.172400564507064868e-01 -1.962443119597978347e+00
3.781241682540783522e+00 2.072218752986532686e-01 -1.977358604906896522e+00
3.782256671783131630e+00 1.963781621033529046e-01 -1.991892440879937665e+00
3.783309516350406021e+00 1.845424351373360916e-01 -2.006232181376097046e+00
3.784409219983141615e+00 1.715978229468438643e-01 -2.020524789695161250e+00
3.785560808765165763e+00 1.574805352413223003e-01 -2.034872446427944848e+00
3.786765331123618239e+00 1.421798628934232145e-01 -2.049332549456293506e+00
3.788019857828929027e+00 1.257381779390035481e-01 -2.063917713953078881e+00
3.789317481994836090e+00 1.082509335771257852e-01 -2.078595772382203499e+00
3.790647319078375155e+00 8.986666417005780005e-02 -2.093289774498600320e+00
3.791994506879884597e+00 7.078698524327284303e-02 -2.107877987348229176e+00
3.793340205543001442e+00 5.126659348544960332e-02 -2.122193895268080777e+00
3.794661949999386330e+00 3.160888170448092338e-02 -2.136029804893995632e+00
3.795937526860607036e+00 1.211770334357074527e-02 -2.149176500246697152e+00
3.797148851310035322e+00 -6.950863002669294306e-03 -2.161462897817824302e+00
3.798282319547570118e+00 -2.539289863221080856e-02 -2.172759651577755413e+00
3.799328808789630862e+00 -4.305664473560889133e-02 -2.182979152975603743e+00
3.800283677269158389e+00 -5.984250239600193838e-02 -2.192075530939221473e+00
3.801146764235617592e+00 -7.570303258911176281e-02 -2.200044651875197932e+00
3.801922389954995207e+00 -9.064295618324361148e-02 -2.206924119668858708e+00
3.802619355709799809e+00 -1.047191539392859916e-01 -2.212793275684265648e+00
3.803250943799063588e+00 -1.180406665107108372e-01 -2.217773198764221299e+00
3.803834569146211209e+00 -1.307654620413606084e-01 -2.222023995063752810e+00
3.804387947025503536e+00 -1.430648801110232238e-01 -2.225714986528659178e+00
3.804925260818385002e+00 -1.550880759584422619e-01 -2.228994899606668856e+00
3.805456813631320045e+00 -1.669587881715834110e-01 -2.231989155158464744e+00
3.805989028295793997e+00 -1.787753386876330119e-01 -2.234799868457684635e+00
3.806524447368310415e+00 -1.906106327929990296e-01 -2.237505849190921658e+00
3.807061733130393755e+00 -2.025121591233109142e-01 -2.240162601457725167e+00
3.807595667588592026e+00 -2.145019896634194345e-01 -2.242802323770599848e+00
3.808117152474471467e+00 -2.265767797473969003e-01 -2.245433909055005284e+00
3.808613209244617437e+00 -2.387077680585368566e-01 -2.248042944649356834e+00
3.809067391690712512e+00 -2.508427634338011858e-01 -2.250593037568295873e+00
3.809464324634621146e+00 -2.629279996369447980e-01 -2.253040392348124143e+00
3.809794242611672210e+00 -2.749299900747972925e-01 -2.255348388854316877e+00
3.810053402476799356e+00 -2.868375145827629091e-01 -2.257488907532158251e+00
3.810244083404541460e+00 -2.986616194248200018e-01 -2.259442329406738281e+00
3.810374586889042181e+00 -3.104356172935209823e-01 -2.261197536082957704e+00
3.810459236744049072e+00 -3.222150873099934310e-01 -2.262751909745523093e+00
3.810518379102915354e+00 -3.340778750239375983e-01 -2.264111333158949080e+00
3.810578382418597254e+00 -3.461240924136298469e-01 -2.265290189667556131e+00
3.810671637463657557e+00 -3.584761178859189878e-01 -2.266311363195476769e+00
3.810835587950890169e+00 -3.712757007259826492e-01 -2.267205392150376309e+00
3.811102067508129299e+00 -3.846521104864227270e-01 -2.268001162493555434e+00
3.811486636763992575e+00 -3.986902867077327661e-01 -2.268716600906884651e+00
3.811987614005483138e+00 -4.134279434785007035e-01 -2.269357828728801874e+00
3.812586075177996303e+00 -4.288555694354126424e-01 -2.269919161954311093e+00
3.813245853885312897e+00 -4.449164277632488007e-01 -2.270383111234990370e+00
3.813913541389604145e+00 -4.615065561948885065e-01 -2.270720381878983840e+00
3.814518486611427672e+00 -4.784747670113041473e-01 -2.270889873851003049e+00
3.814972796129728838e+00 -4.956226470415676100e-01 -2.270838681772330503e+00
3.815171334181844731e+00 -5.127045576628443957e-01 -2.270502094920817449e+00
3.814993867357297841e+00 -5.294316686423985452e-01 -2.269805114691494818e+00
3.814328656066004353e+00 -5.455163300918293157e-01 -2.268679146547545766e+00
3.813096045883737517e+00 -5.607164441905017060e-01 -2.267078691884438335e+00
3.811250612205038912e+00 -5.748394989506022679e-01 -2.264982865461600436e+00
3.808781160243209118e+00 -5.877425682171452115e-01 -2.262395395402416742e+00
3.805710725030308605e+00 -5.993323116679653006e-01 -2.259344623194229573e+00
3.802096571417157733e+00 -6.095649748137248469e-01 -2.255883503688338454e+00
3.798030194073341193e+00 -6.184463889979081586e-01 -2.252089605100001446e+00
3.793637317487202232e+00 -6.260319713968254263e-01 -2.248065109008432483e+00
3.789077895965847542e+00 -6.324267250196099477e-01 -2.243936810356807143e+00
3.784542929186299975e+00 -6.377814762304913065e-01 -2.239853886276841344e+00
3.780219433258257489e+00 -6.422514874937792495e-01 -2.235963353159265754e+00
3.776255411786836103e+00 -6.459550701188471189e-01 -2.232385523724286447e+00
3.772756671423730612e+00 -6.489698217824049209e-01 -2.229211775846174248e+00
3.769786821867220805e+00 -6.513326265284972161e-01 -2.226504552553264737e+00
3.767367275862160358e+00 -6.530396547685052289e-01 -2.224297362027957359e+00
3.765477249199987941e+00 -6.540463632811452932e-01 -2.222594777606717642e+00
3.764053760718717001e+00 -6.542674952124694077e-01 -2.221372437780073650e+00
3.762991632302945089e+00 -6.535770800758655685e-01 -2.220577046192619974e+00
3.762143488883848974e+00 -6.518084337520573257e-01 -2.220126371643014629e+00
3.761323207865335583e+00 -6.487590510806157118e-01 -2.219911234992720583e+00
3.760343863074893545e+00 -6.442444247398678714e-01 -2.219817365313740076e+00
3.759055668911817083e+00 -6.381518644067651902e-01 -2.219747256150041537e+00
3.757349429839153654e+00 -6.304453894417131332e-01 -2.219622152464199250e+00
3.755156540383702612e+00 -6.211657288885741313e-01 -2.219382050637388470e+00
3.752448985136013881e+00 -6.104303214746638062e-01 -2.218985698469391199e+00
3.749239338750389727e+00 -5.984333156107551899e-01 -2.218410595178590849e+00
3.745580765944887425e+00 -5.854455693910742831e-01 -2.217652991401978468e+00
3.741567021501316148e+00 -5.718146505933056067e-01 -2.216727889195148293e+00
3.737332450265232975e+00 -5.579648366785847635e-01 -2.215669042032296865e+00
3.733048900708670459e+00 -5.443891801244702400e-01 -2.214527921856030979e+00
3.728891773649090080e+00 -5.315622258767919162e-01 -2.213362356467605263e+00
3.725006070615123566e+00 -5.198527278934448326e-01 -2.212225166798943210e+00
3.721503307291547546e+00 -5.095157141746583518e-01 -2.211163133923037538e+00
3.718461513519286221e+00 -5.006924867630002662e-01 -2.210216999053954634e+00
3.715925233295411800e+00 -4.934106217433744668e-01 -2.209421463546827891e+00
3.713905524773140954e+00 -4.875839692430207761e-01 -2.208805188897861704e+00
3.712379960261841916e+00 -4.830126534315174469e-01 -2.208390796744334139e+00
3.711292626227026936e+00 -4.793830725207780530e-01 -2.208194868864589822e+00
3.710554123290354944e+00 -4.762678987650535434e-01 -2.208227947178045270e+00
3.710043918146955999e+00 -4.731355745301854543e-01 -2.208494572259302569e+00
3.709636214297092671e+00 -4.694547676064303454e-01 -2.208993706987552041e+00
3.709225822508681158e+00 -4.647988254345649106e-01 -2.209719160191567777e+00
3.708730512644892841e+00 -4.588552708129008950e-01 -2.210659625162349151e+00
3.708091013664150282e+00 -4.514258018972843733e-01 -2.211798679653123934e+00
3.707271013620139666e+00 -4.424262922010979704e-01 -2.213114785879349622e+00
3.706257159661798806e+00 -4.318867905952578634e-01 -2.214581290518713885e+00
3.705059058033323360e+00 -4.199515213082167797e-01 -2.216166424711128347e+00
3.703709274074161506e+00 -4.068788839259606105e-01 -2.217833304058737465e+00
3.702263332219019265e+00 -3.930414533920126297e-01 -2.219539928625910985e+00
3.700798127774584945e+00 -3.789179391064639302e-01 -2.221239688869922624e+00
3.699394456584684132e+00 -3.650047356288386724e-01 -2.222886930839772290e+00
3.698119544786312662e+00 -3.517274738410471890e-01 -2.224442521346054580e+00
3.697025460616653714e+00 -3.394329801997935658e-01 -2.225874353881986512e+00
3.696149114413083581e+00 -3.283892767365709786e-01 -2.227157348623408417e+00
3.695512258613163237e+00 -3.187855810576653015e-01 -2.228273452428779056e+00
3.695121487754647216e+00 -3.107323063441523869e-01 -2.229211638839181386e+00
3.694968238475475619e+00 -3.042610613519005081e-01 -2.229967908078320349e+00
3.695028789513779444e+00 -2.993246504115678053e-01 -2.230545287052521530e+00
3.695264261707878806e+00 -2.957970734286047287e-01 -2.230953829350732942e+00
3.695621628852915563e+00 -2.934774279819330478e-01 -2.231210360057493070e+00
3.696044837123821925e+00 -2.921328324094386586e-01 -2.231335668695613172e+00
3.696485924498289499e+00 -2.915413488934628372e-01 -2.231351702168852924e+00
3.696906031613400145e+00 -2.914958855594827480e-01 -2.231281309574890237e+00
3.697275401765625524e+00 -2.918041964761119988e-01 -2.231148242205323484e+00
3.697573380910828433e+00 -2.922888816551003077e-01 -2.230977153545667946e+00
3.697788417664265470e+00 -2.927873870513337806e-01 -2.230793599275362027e+00
3.697918063300582148e+00 -2.931520045628345783e-01 -2.230624037267759707e+00
3.697968971753815115e+00 -2.932498720307613604e-01 -2.230495827590135871e+00
3.697956899617393933e+00 -2.929629732394087860e-01 -2.230437232503685419e+00
3.697906332884651537e+00 -2.921878813074058612e-01 -2.230476787968379337e+00
3.697846381066002053e+00 -2.908329359713172080e-01 -2.230636390148479364e+00
3.697806671284762370e+00 -2.888154208545607449e-01 -2.230924381882073870e+00
3.697816975010543405e+00 -2.860613068537110060e-01 -2.231334924173955958e+00
3.697907208059250550e+00 -2.825052521384999182e-01 -2.231847996195621242e+00
3.698107430593082334e+00 -2.780906021518154136e-01 -2.232429395285265628e+00
3.698447847120533982e+00 -2.727693896097032611e-01 -2.233030736947790196e+00
3.698958806496395191e+00 -2.665023345013650680e-01 -2.233589454854796763e+00
3.699670801921753238e+00 -2.592588440891608892e-01 -2.234028800844592322e+00
3.700614470943984102e+00 -2.510170129086054525e-01 -2.234257844922182823e+00
3.701820233109561542e+00 -2.417641414173749836e-01 -2.234172942529561556e+00
3.703314304089540876e+00 -2.315024412134698284e-01 -2.233673874742698295e+00
3.705114709763587477e+00 -2.202547403127406711e-01 -2.232679988636454116e+00
3.707230923858945371e+00 -2.080650018176726512e-01 -2.231131664610835230e+00
3.709663867950440341e+00 -1.949983239173889160e-01 -2.228990316390991655e+00
3.712405911460482599e+00 -1.811409398876475951e-01 -2.226238391027221208e+00
3.715440871659063227e+00 -1.666002180908426888e-01 -2.222879368894963736e+00
3.718744013663754622e+00 -1.515046619760064550e-01 -2.218937763694808218e+00
3.722282050439714496e+00 -1.360039100788047739e-01 -2.214459122452486550e+00
3.726013142799677880e+00 -1.202687360215424495e-01 -2.209510025518875320e+00
3.729887537073807824e+00 -1.044890139051578848e-01 -2.204176795339487516e+00
3.733854579380650129e+00 -8.885133793168392691e-02 -2.198551293115868610e+00
3.737869729825132215e+00 -7.351664225953562226e-02 -2.192716715614773548e+00
3.741895200144061739e+00 -5.861816647312831363e-02 -2.186746303986899953e+00
3.745899953706146146e+00 -4.426145558287247067e-02 -2.180703343766896563e+00
3.749859705511983776e+00 -3.052436002517880734e-02 -2.174641164873361010e+00
3.753756922194062984e+00 -1.745703566245329283e-02 -2.168603141608838492e+00
3.757580822016764799e+00 -5.081943783101884778e-03 -2.162622692659823986e+00
3.761327374876361151e+00 6.606148898473955880e-03 -2.156723281096759592e+00
3.764999302301013984e+00 1.764017024187298013e-02 -2.150918414374036303e+00
3.768605539428135476e+00 2.807895112370158500e-02 -2.145212309658020455e+00
3.772155316796355518e+00 3.798751844729116728e-02 -2.139607212384593726e+00
3.775652242168271222e+00 4.741738825493578557e-02 -2.134110714778615581e+00
3.779093762518066946e+00 5.640477420506284645e-02 -2.128736421169265203e+00
3.782471164031519173e+00 6.497058757223661551e-02 -2.123503947990039720e+00
3.785769572105987635e+00 7.312043724715483473e-02 -2.118438923778753313e+00
3.788967951350423746e+00 8.084462973665183794e-02 -2.113572989177539441e+00
3.792039105585365721e+00 8.811816916369576147e-02 -2.108943796932848613e+00
3.794949677842939906e+00 9.490075726739109763e-02 -2.104595011895448842e+00
3.797660150366860332e+00 1.011367934029762661e-01 -2.100576311020427855e+00
3.800125684748743904e+00 1.067570755828932960e-01 -2.096942376188278168e+00
3.802305363427566753e+00 1.116975119285311402e-01 -2.093741815236885184e+00
3.804171431189123709e+00 1.159178321219691971e-01 -2.091006082993503767e+00
3.805710135302338148e+00 1.194032884470464378e-01 -2.088748474095852181e+00
3.806921725519265554e+00 1.221646557893599078e-01 -2.086964122992109871e+00
3.807820454075091288e+00 1.242382316362659056e-01 -2.085630003940916577e+00
3.808434575688135482e+00 1.256858360768792482e-01 -2.084704931011378548e+00
3.808806347559843708e+00 1.265948118020736313e-01 -2.084129558083056555e+00
3.808992029374796751e+00 1.270780241044814352e-01 -2.083826378845977878e+00
3.809061883300706608e+00 1.272738608784938774e-01 -2.083699726800631868e+00
3.809098900316223446e+00 1.273439457852059975e-01 -2.083637414668288557e+00
3.809184789719673780e+00 1.274479828923408553e-01 -2.083528768029630385e+00
3.809385968564915181e+00 1.277186011833184309e-01 -2.083282659057182240e+00
3.809752287964849771e+00 1.282590676785824446e-01 -2.082829145956904604e+00
3.810317033091425110e+00 1.291432874356004123e-01 -2.082119472968193996e+00
3.811096923175634199e+00 1.304158035488637013e-01 -2.081126070363882530e+00
3.812092111507514147e+00 1.320917971498871413e-01 -2.079842554450236580e+00
3.813286185436150610e+00 1.341570874072097463e-01 -2.078283727566960337e+00
3.814646166369674241e+00 1.365681315263939932e-01 -2.076485578087193140e+00
3.816122509775258020e+00 1.392520247500263486e-01 -2.074505280417507702e+00
3.817650611955589746e+00 1.421087189179469357e-01 -2.072419453746301876e+00
3.819167384819897038e+00 1.450354269683115649e-01 -2.070305008010359327e+00
3.820627830827425964e+00 1.479510276925507517e-01 -2.068219989662137603e+00
3.822006549821383103e+00 1.507982843802340989e-01 -2.066201840351734376e+00
3.823297739028931996e+00 1.535438448190689642e-01 -2.064267396926880771e+00
3.824515193061203799e+00 1.561782412949017651e-01 -2.062412891432950701e+00
3.825692303913283965e+00 1.587158905917172014e-01 -2.060613951112951092e+00
3.826882060964225563e+00 1.611950939916382552e-01 -2.058825598407529878e+00
3.828157050977039066e+00 1.636780372749268020e-01 -2.056982250954970226e+00
3.829609458098692798e+00 1.662507907199826385e-01 -2.054997721591194537e+00
3.831349246541014164e+00 1.690211553519474219e-01 -2.052767182792181178e+00
3.833484170347785991e+00 1.720949720059688492e-01 -2.050188775240834982e+00
3.836099783369837368e+00 1.755524306369395104e-01 -2.047185216169046029e+00
3.839257622015247229e+00 1.794459166502558878e-01 -2.043705763725170765e+00
3.842995205249352786e+00 1.838000109018197437e-01 -2.039726216974035555e+00
3.847326034594749089e+00 1.886114896980369826e-01 -2.035248915896935795e+00
3.852239594131287248e+00 1.938493247958188448e-01 -2.030302741391634136e+00
3.857701350496073545e+00 1.994546834025803794e-01 -2.024943115272364036e+00
3.863652752883469432e+00 2.053409281762421656e-01 -2.019252000269823100e+00
3.870011233045093757e+00 2.113936172252284806e-01 -2.013337900031182404e+00
3.876671956927185914e+00 2.174727093479031648e-01 -2.007333829010800930e+00
3.883527092547987003e+00 2.234368214980932965e-01 -2.001374981423076349e+00
3.890485077774884282e+00 2.291674861244337724e-01 -1.995576400311446008e+00
3.897472371928369927e+00 2.345713563677376823e-01 -1.990030947477832379e+00
3.904433455782044593e+00 2.395802060609985851e-01 -1.984809303482646614e+00
3.911330831562607635e+00 2.441509297293881775e-01 -1.979959967644782548e+00
3.918145022949867773e+00 2.482655425902585422e-01 -1.975509258041621807e+00
3.924874575076735539e+00 2.519311805531401216e-01 -1.971461311509031811e+00
3.931536054529229052e+00 2.551801002197432999e-01 -1.967798083641365103e+00
3.938164049346466467e+00 2.580696788839574873e-01 -1.964479348791460245e+00
3.944810115324653754e+00 2.606808556720256465e-01 -1.961444034352391563e+00
3.951531185360839249e+00 2.631009840844604764e-01 -1.958624897856713565e+00
3.958377978796675301e+00 2.654066845379599027e-01 -1.955963204075708228e+00
3.965393947722402501e+00 2.676622855055822980e-01 -1.953410059301130319e+00
3.972615276976841692e+00 2.699198235167454274e-01 -1.950926411345212053e+00
3.980070884147397070e+00 2.722190431572270031e-01 -1.948483049540659318e+00
3.987782419570062409e+00 2.745873970691649069e-01 -1.946060604740656341e+00
3.995764266329410397e+00 2.770400459510564128e-01 -1.943649549318859249e+00
4.004023540258597968e+00 2.795798585577589090e-01 -1.941250197169401392e+00
4.012560089939369412e+00 2.821974117004898419e-01 -1.938872703706892020e+00
4.021366695663486368e+00 2.848716435914627199e-01 -1.936536492200610082e+00
4.030431258023721597e+00 2.875770406847408811e-01 -1.934263943406894226e+00
4.039738986516223207e+00 2.902908245544731369e-01 -1.932074085168699717e+00
4.049272598505751830e+00 2.929936052519933609e-01 -1.929982018738857219e+00
4.059012319225679732e+00 2.956693813058201004e-01 -1.927998918780069015e+00
4.068935881777989039e+00 2.983055397216566318e-01 -1.926132033364909235e+00
4.079018527133270844e+00 3.008928559823906834e-01 -1.924384683975826071e+00
4.089233004130728766e+00 3.034254940480952123e-01 -1.922756265505139783e+00
4.099549569478178945e+00 3.059010063560276271e-01 -1.921242246255045139e+00
4.109935987752046493e+00 3.083203338206302324e-01 -1.919834167937608083e+00
4.120358480165203119e+00 3.106877342319459001e-01 -1.918519897906132865e+00
4.130792161157981646e+00 3.130099946272716371e-01 -1.917286403738689193e+00
4.141231475097751691e+00 3.152956436546165420e-01 -1.916122527850496304e+00
4.151691145082958556e+00 3.175548799683867718e-01 -1.915019239734913503e+00
4.162206172943113458e+00 3.197995722293853205e-01 -1.913969635963439497e+00
4.172831839238808627e+00 3.220432591048123516e-01 -1.912968940185713729e+00
4.183643703261700431e+00 3.243011492682648655e-01 -1.912014503129514598e+00
4.194737603034528917e+00 3.265901213997374208e-01 -1.911105802600761683e+00
4.206229655311095605e+00 3.289287241856205801e-01 -1.910244443483514187e+00
4.218256255576279479e+00 3.313371763187026864e-01 -1.909434157739970495e+00
4.230970900292648551e+00 3.338369499843602539e-01 -1.908680650276867619e+00
4.244509232098113038e+00 3.364461892722181990e-01 -1.907989903499380580e+00
4.258954085367233411e+00 3.391751286354740547e-01 -1.907366481882659892e+00
4.274332308579057660e+00 3.420256763929785948e-01 -1.906813377844107871e+00
4.290614764317122187e+00 3.449914147292358901e-01 -1.906332011743383070e+00
4.307716329269450917e+00 3.480575996944029193e-01 -1.905922231882394069e+00
4.325495894228557070e+00 3.512011612042890696e-01 -1.905582314505306352e+00
4.343756364091436950e+00 3.543907030403575242e-01 -1.905308963798536981e+00
4.362244657859579711e+00 3.575865028497240972e-01 -1.905097311890756373e+00
4.380651708638959363e+00 3.607405121451578434e-01 -1.904940918852888743e+00
4.398618395129430425e+00 3.637972559086692370e-01 -1.904831903488195533e+00
4.415800785292929298e+00 3.667037278191958016e-01 -1.904762381963327922e+00
4.431935377985356972e+00 3.694192851714484527e-01 -1.904725906394481916e+00
4.446845033767225175e+00 3.719165483765558000e-01 -1.904717595622509752e+00
4.460438974903635057e+00 3.741814009620628712e-01 -1.904734135212925450e+00
4.472712785364292287e+00 3.762129895719326655e-01 -1.904773777455900818e+00
4.483748410823506170e+00 3.780237239665452664e-01 -1.904836341366269004e+00
4.493714158660186975e+00 3.796392770226983959e-01 -1.904923212683522271e+00
4.502864697957836171e+00 3.810985847336061383e-01 -1.905037343871810673e+00
4.511541059504565077e+00 3.824538462089006052e-01 -1.905183254119945602e+00
4.520163747607386817e+00 3.837694511671663755e-01 -1.905366917565381790e+00
4.529156970049574404e+00 3.851101823538291558e-01 -1.905594533758053544e+00
4.538872868048006382e+00 3.865294179590446633e-01 -1.905871298124207414e+00
4.549584628067480985e+00 3.880680591102336763e-01 -1.906201290190388642e+00
4.561486481820709926e+00 3.897545298720823670e-01 -1.906587473583440051e+00
4.574693706268315729e+00 3.916047772465419685e-01 -1.907031696030500934e+00
4.589242623618845052e+00 3.936222711728291634e-01 -1.907534689359010383e+00
4.605090601328751809e+00 3.957980045274255843e-01 -1.908096069496705294e+00
4.622116052102406059e+00 3.981104931240782019e-01 -1.908714336471619255e+00
4.640118433892093996e+00 4.005257757137992702e-01 -1.909386874412084323e+00
4.658823282154517464e+00 4.029982431099283779e-01 -1.910110005721900484e+00
4.677937566975900907e+00 4.054797589433637994e-01 -1.910879587032000781e+00
4.697205051924916219e+00 4.079287807024710166e-01 -1.911691605170720454e+00
4.716411326885089572e+00 4.103111889530345335e-01 -1.912542231345166099e+00
4.735383808054818289e+00 4.126002873382578762e-01 -1.913427821141213903e+00
4.753991737947352192e+00 4.147768025787635926e-01 -1.914344914523511409e+00
4.772146185390814921e+00 4.168288844725940301e-01 -1.915290235835477750e+00
4.789800045528186168e+00 4.187521058952102804e-01 -1.916260693799302306e+00
4.806948039817314999e+00 4.205494627994931789e-01 -1.917253381515946264e+00
4.823626716030906536e+00 4.222313742157420835e-01 -1.918265576465141953e+00
4.839912724582455361e+00 4.238152569770349820e-01 -1.919294804209050742e+00
4.855903857848354654e+00 4.253208476332796528e-01 -1.920339539142249974e+00
4.871700089292754221e+00 4.267655243165975887e-01 -1.921399905248997175e+00
4.887401849727716296e+00 4.281638814504580837e-01 -1.922477739809326680e+00
4.903110027313234198e+00 4.295277297496796765e-01 -1.923576593399047630e+00
4.918925967557214562e+00 4.308660962204290956e-01 -1.924701729889741308e+00
4.934951473315488890e+00 4.321852241602218148e-01 -1.925860126448765586e+00
4.951288804791808218e+00 4.334885731579216084e-01 -1.927060473539251362e+00
4.968040679537837789e+00 4.347768190937407740e-01 -1.928313174920103457e+00
4.985310272453173042e+00 4.360478541392404095e-01 -1.929630347646003274e+00
5.003199916476883224e+00 4.372969139485419765e-01 -1.931025606789657401e+00
5.021796810392897825e+00 4.385179767422519581e-01 -1.932511697419434515e+00
5.041158726784075839e+00 4.397051623768304385e-01 -1.934098126601632828e+00
5.061312712773327505e+00 4.408528595309512688e-01 -1.935790948130944100e+00
5.082255090023627631e+00 4.419557257055024002e-01 -1.937592762530458534e+00
5.103951454737995164e+00 4.430086872235853290e-01 -1.939502717051658109e+00
5.126336677659500296e+00 4.440069392305155960e-01 -1.941516505674422355e+00
5.149314904071272458e+00 4.449459456938224533e-01 -1.943626369107024576e+00
5.172759553796494103e+00 4.458214394032491978e-01 -1.945821094786133409e+00
5.196513321198395374e+00 4.466294219707526159e-01 -1.948086016876811488e+00
5.220390901361863456e+00 4.473661840724034722e-01 -1.950403309949501951e+00
5.244208976843113490e+00 4.480285281000207509e-01 -1.952755219292404032e+00
5.267816203483461024e+00 4.486139908058567327e-01 -1.955127291123037292e+00
5.291095936278954248e+00 4.491208635421806150e-01 -1.957508666231615013e+00
5.313966229380364226e+00 4.495481922612782899e-01 -1.959892079981044644e+00
5.336379836093197326e+00 4.498957775154525107e-01 -1.962273862306929573e+00
5.358324208877688122e+00 4.501641744570233916e-01 -1.964653937717567578e+00
5.379821499348808267e+00 4.503546928383277415e-01 -1.967035825293951712e+00
5.400928558276246960e+00 4.504693970117188417e-01 -1.969426638689767417e+00
5.421736935584431372e+00 4.505111059295677234e-01 -1.971837086131397854e+00
5.442370338320916545e+00 4.504833442226106044e-01 -1.974281203863549106e+00
5.462956668308779129e+00 4.503898040617875242e-01 -1.976773424051188943e+00
5.483600059799005777e+00 4.502338070200804787e-01 -1.979325642681478259e+00
5.504378337438893709e+00 4.500182551508623008e-01 -1.981946953009403156e+00
5.525343016272053376e+00 4.497456309878959946e-01 -1.984643645557774061e+00
5.546519301738402241e+00 4.494179975453356790e-01 -1.987419208117227720e+00
5.567906089674176329e+00 4.490369983177256996e-01 -1.990274325746224093e+00
5.589475966311911570e+00 4.486038572800016277e-01 -1.993206880771050127e+00
5.611175208280462456e+00 4.481193788874890394e-01 -1.996211952785815091e+00
5.632923782604992269e+00 4.475839480759047362e-01 -1.999281818652454579e+00
5.654616618272338968e+00 4.469976039283932168e-01 -2.002406016416994117e+00
5.676137594032038436e+00 4.463608500466617057e-01 -2.005572048417720854e+00
5.697373526633979779e+00 4.456754649474077290e-01 -2.008766084415304576e+00
5.718215442539261950e+00 4.449445757377873401e-01 -2.011973025516375024e+00
5.738558577920213288e+00 4.441726581154148978e-01 -2.015176504173523675e+00
5.758302378660375531e+00 4.433655363683637884e-01 -2.018358884185300628e+00
5.777350500354523355e+00 4.425303833751657590e-01 -2.021501260696220825e+00
5.795610808308642170e+00 4.416757206048107509e-01 -2.024583460196756057e+00
5.812995377539950326e+00 4.408114181167480106e-01 -2.027584040523342068e+00
5.829420492776880458e+00 4.399486945608850341e-01 -2.030480290858375003e+00
5.844807765302059366e+00 4.390999498538694645e-01 -2.033248559002906575e+00
5.859096418395383310e+00 4.382769245926568247e-01 -2.035867851426245156e+00
5.872255572904912846e+00 4.374888594489277360e-01 -2.038323433352999814e+00
5.884285364132438190e+00 4.367423278389879204e-01 -2.040607156048266368e+00
5.895216941833497870e+00 4.360412359237672009e-01 -2.042717456817626953e+00
5.905112470217355636e+00 4.353868226088196680e-01 -2.044659359007147348e+00
5.914065127947023548e+00 4.347776595443241243e-01 -2.046444472003380088e+00
5.922199108139237111e+00 4.342096511250833069e-01 -2.048090991233360025e+00
5.929669618364478367e+00 4.336760344905249420e-01 -2.049623698164608765e+00
5.936662880646962570e+00 4.331673795247008019e-01 -2.051073960305134225e+00
5.943393802387815228e+00 4.326716976532191672e-01 -2.052479385085744568e+00
5.950080356875342424e+00 4.321756385928984256e-01 -2.053880012618340523e+00
5.956917964061845261e+00 4.316656870889693520e-01 -2.055314508493816472e+00
5.964077161575627173e+00 4.311282717078565030e-01 -2.056819817677578488e+00
5.971703604721013470e+00 4.305497648371797159e-01 -2.058431164509546996e+00
5.979918066478332683e+00 4.299164826857524990e-01 -2.060182052704153222e+00
5.988816437503921009e+00 4.292146852835831417e-01 -2.062104265350342303e+00
5.998469726130132074e+00 4.284305764818744922e-01 -2.064227864911571508e+00
6.008924058365322729e+00 4.275503039530231808e-01 -2.066581193225810686e+00
6.020200677893861041e+00 4.265599591906205634e-01 -2.069190871505541818e+00
6.032296249981935254e+00 4.254457593050521291e-01 -2.072081494725849016e+00
6.045186204302316568e+00 4.241960466918759387e-01 -2.075272270033291289e+00
6.058828077654805355e+00 4.228032886377901534e-01 -2.078773655259692710e+00
6.073161817837251064e+00 4.212642590954293054e-01 -2.082587053345203998e+00
6.088109783645557549e+00 4.195800386833642426e-01 -2.086704812338301629e+00
6.103576744873681292e+00 4.177560146861017953e-01 -2.091110225395789612e+00
6.119449882313637623e+00 4.158018810540851651e-01 -2.095777530782799936e+00
6.135598787755498051e+00 4.137316384036936467e-01 -2.100671911872791231e+00
6.151875463987373394e+00 4.115635940172430729e-01 -2.105749497147543892e+00
6.168114324795443082e+00 4.093203618429852031e-01 -2.110957360197172061e+00
6.184133752974487308e+00 4.070286320315160133e-01 -2.116234054044109136e+00
6.199753238443988401e+00 4.047166358362632721e-01 -2.121515488707080177e+00
6.214810516364210002e+00 4.024116105139736166e-01 -2.126740808765064994e+00
6.229163125146762958e+00 4.001395688611219525e-01 -2.131852927681296972e+00
6.242688406454594663e+00 3.979252992139092893e-01 -2.136798527803262626e+00
6.255283505201993499e+00 3.957923654482641274e-01 -2.141528060362699826e+00
6.266865369554595055e+00 3.937631069798420702e-01 -2.145995745475600902e+00
6.277370750929367915e+00 3.918586387640266566e-01 -2.150159572142211317e+00
6.286756203994627867e+00 3.900988512959277510e-01 -2.153981298247026999e+00
6.294998086670026360e+00 3.885024106103828756e-01 -2.157426450558799669e+00
6.302092721510844875e+00 3.870865049580093920e-01 -2.160464776980207890e+00
6.308058171008946502e+00 3.858640581258229729e-01 -2.163075221501322698e+00
6.312936012949185383e+00 3.848409426708772618e-01 -2.165250899308347687e+00
6.316791501812129894e+00 3.840157265673256326e-01 -2.166999549085053989e+00
6.319713568774080414e+00 3.833796732064200241e-01 -2.168343533012779822e+00
6.321814821707062215e+00 3.829167413965120503e-01 -2.169319836770426946e+00
6.323231545178827240e+00 3.826035853630525563e-01 -2.169980069534469980e+00
6.324123700452853214e+00 3.824095547485910629e-01 -2.170390463978943529e+00
6.324674925488347199e+00 3.822966946127768773e-01 -2.170631876275455951e+00
6.325092534940241151e+00 3.822197454323583155e-01 -2.170799786093177808e+00
6.325604830117239175e+00 3.821268272563323465e-01 -2.171002888948153409e+00
6.326431508109824797e+00 3.819669655169821154e-01 -2.171347611830868551e+00
6.327754070610417614e+00 3.816976169192124457e-01 -2.171922628672715128e+00
6.329713133768806621e+00 3.812853536217973294e-01 -2.172797452641605176e+00
6.332408428192138672e+00 3.807058632373809814e-01 -2.174022436141967329e+00
6.335898798944922028e+00 3.799439488324763969e-01 -2.175628770814747259e+00
6.340202205549032577e+00 3.789935289274669050e-01 -2.177628487537409008e+00
6.345295721983702286e+00 3.778576374966047258e-01 -2.180014456423930547e+00
6.351115536685528973e+00 3.765484239680119138e-01 -2.182760386824809995e+00
6.357556952548473639e+00 3.750871532236805805e-01 -2.185820827327061178e+00
6.364476590074664486e+00 3.735037416040188907e-01 -2.189132149454846132e+00
6.371716621697099292e+00 3.718316530286694954e-01 -2.192623368226306990e+00
6.379129005850217915e+00 3.701027951704264352e-01 -2.196226962597824350e+00
6.386577690036659760e+00 3.683470554774809225e-01 -2.199879859127124249e+00
6.393938610827282432e+00 3.665923011734227299e-01 -2.203523431973279045e+00
6.401099693861139528e+00 3.648643792572386357e-01 -2.207103502896704761e+00
6.407960853845492188e+00 3.631871165033140891e-01 -2.210570341259163296e+00
6.414433994555812646e+00 3.615823194614319891e-01 -2.213878664023761544e+00
6.420443008835774457e+00 3.600697744567729064e-01 -2.216987635754952279e+00
6.425923778597256053e+00 3.586672475899150281e-01 -2.219860868618531491e+00
6.430824823022095238e+00 3.573902866184504035e-01 -2.222466829072990979e+00
6.435114428484576266e+00 3.562500417454390056e-01 -2.224783311288196952e+00
6.438787778251415794e+00 3.552510864758806064e-01 -2.226801910424453190e+00
6.441867600609325173e+00 3.543912195210008886e-01 -2.228528429277308653e+00
6.444404168865009552e+00 3.536614647982516679e-01 -2.229982878277558367e+00
6.446475301345170550e+00 3.530460714313106152e-01 -2.231199475491243867e+00
6.448186361396508914e+00 3.525225137500817563e-01 -2.232226646619653199e+00
6.449670257385723637e+00 3.520614912906949723e-01 -2.233127024999322252e+00
6.451087442699500407e+00 3.516269287955061107e-01 -2.233977451602030317e+00
6.452625915744533813e+00 3.511759762130971518e-01 -2.234868975034804972e+00
6.454497850227548739e+00 3.506597528546620546e-01 -2.235905235767375210e+00
6.456902528235791472e+00 3.500315331142497266e-01 -2.237184692634191396e+00
6.459989273317502168e+00 3.492549321890075498e-01 -2.238782849336438119e+00
6.463854080761964660e+00 3.483046502355679475e-01 -2.240750638669496198e+00
6.468539617599495806e+00 3.471664723700468302e-01 -2.243114422522936469e+00
6.474035222601454365e+00 3.458372686680449282e-01 -2.245875991880524225e+00
6.480276906280237448e+00 3.443249941646469026e-01 -2.249012566820216552e+00
6.487147350889283182e+00 3.426486888544224563e-01 -2.252476796514165436e+00
6.494475910423067155e+00 3.408384776914250569e-01 -2.256196759228713766e+00
6.502038610617102421e+00 3.389355705891927140e-01 -2.260075962324398891e+00
6.509563040648092880e+00 3.369914808049152000e-01 -2.263995284283278675e+00
6.516782164074866657e+00 3.350594268074740811e-01 -2.267834337898536390e+00
6.523488131458852202e+00 3.331857338771199717e-01 -2.271492834130877991e+00
6.529537172624064745e+00 3.314090524001865323e-01 -2.274892524358115065e+00
6.534849596657105408e+00 3.297603578690898596e-01 -2.277977200375162603e+00
6.539409791907158542e+00 3.282629508823294295e-01 -2.280712694394042561e+00
6.543266225986003271e+00 3.269324571444872096e-01 -2.283086879043882078e+00
6.546531445768001056e+00 3.257768274662279917e-01 -2.285109667370915698e+00
6.549382077390106360e+00 3.247963377642997251e-01 -2.286813012838481818e+00
6.552058826251855095e+00 3.239835890615331837e-01 -2.288250909327025795e+00
6.554861627183089290e+00 3.233236531466389674e-01 -2.289498026774224648e+00
6.558096295548820898e+00 3.227956748542043508e-01 -2.290634703008185724e+00
6.562021177799053362e+00 3.223744743613584096e-01 -2.291731935424504041e+00
6.566842301451491615e+00 3.220306928531265767e-01 -2.292850016574341510e+00
6.572713375091552734e+00 3.217307925224304199e-01 -2.294038534164428267e+00
6.579735788372347294e+00 3.214370565700873095e-01 -2.295336371057059122e+00
6.587958612014698012e+00 3.211075892048107505e-01 -2.296771705270097552e+00
6.597378597807124656e+00 3.206963156432102724e-01 -2.298362009976973042e+00
6.607940178605850257e+00 3.201529821097917061e-01 -2.300114053506679745e+00
6.619535468334807327e+00 3.194231558369566293e-01 -2.302023899343782265e+00
6.632007012783248889e+00 3.184490177622758544e-01 -2.304077372846808913e+00
6.645178047959859668e+00 3.171780820775352283e-01 -2.306255195079427889e+00
6.658882758132055990e+00 3.155719156870683828e-01 -2.308538116588208400e+00
6.672969026518677182e+00 3.136069308747891915e-01 -2.310907384103215723e+00
6.687298435289991794e+00 3.112743853041936015e-01 -2.313344740538014754e+00
6.701746265567688710e+00 3.085803820183582458e-01 -2.315832424989666460e+00
6.716201497424879818e+00 3.055458694399419417e-01 -2.318353172738727874e+00
6.730566809886104451e+00 3.022066413711841926e-01 -2.320890215249255206e+00
6.744758580927321390e+00 2.986133369939057980e-01 -2.323427280168800735e+00
6.758706887475914193e+00 2.948314408695086319e-01 -2.325948591328412807e+00
6.772355691052251103e+00 2.909399892190824843e-01 -2.328439000120698044e+00
6.785664879741870159e+00 2.870173395967663410e-01 -2.330885430598327090e+00
6.798612310103925083e+00 2.831269410072510540e-01 -2.333278324527447101e+00
6.811193992791508833e+00 2.793160403339305375e-01 -2.335611772750705750e+00
6.823424092551642062e+00 2.756156823389027677e-01 -2.337883515187246353e+00
6.835334928225289985e+00 2.720407096629678945e-01 -2.340094940832714521e+00
6.846976972747347290e+00 2.685897628256298519e-01 -2.342251087759255057e+00
6.858418853146651450e+00 2.652452802250951924e-01 -2.344360643115512399e+00
6.869747350545965858e+00 2.619734981382746963e-01 -2.346435943126627066e+00
6.881067400161995806e+00 2.587244507207813182e-01 -2.348492973094244096e+00
6.892499850808631479e+00 2.554333370716760920e-01 -2.350550975906689377e+00
6.904156819432731851e+00 2.520355589456543255e-01 -2.352628145651021629e+00
6.916117045649887274e+00 2.484817584652333211e-01 -2.354737321225069291e+00
6.928423651247693549e+00 2.447391851854972544e-01 -2.356885594847621945e+00
6.941084140185727058e+00 2.407916960940954809e-01 -2.359074312058426770e+00
6.954070398595559865e+00 2.366397556112439793e-01 -2.361299071718188980e+00
6.967318694780761490e+00 2.323004355897244633e-01 -2.363549726008574936e+00
6.980729679216889139e+00 2.278074153148860193e-01 -2.365810380432208593e+00
6.994168384551493034e+00 2.232109815046426637e-01 -2.368059393812672386e+00
7.007464225604117303e+00 2.185780283094750365e-01 -2.370269378294507234e+00
7.020414045679473247e+00 2.139907786309656890e-01 -2.372407701008137249e+00
7.032815627406852066e+00 2.095327180403491751e-01 -2.374442002613669001e+00
7.044501204625500890e+00 2.052745282580333286e-01 -2.376345716016942333e+00
7.055340509046419406e+00 2.012728083257944167e-01 -2.378098568091862042e+00
7.065240770252361635e+00 1.975700746067770019e-01 -2.379686579680401870e+00
7.074146715697843923e+00 1.941947607854948576e-01 -2.381102065592600070e+00
7.082040570709139615e+00 1.911612178678293583e-01 -2.382343634606566951e+00
7.088942058484277275e+00 1.884697141810303400e-01 -2.383416189468475554e+00
7.094908400093048684e+00 1.861064353737161003e-01 -2.384330926892569646e+00
7.100034314477000841e+00 1.840434844158737315e-01 -2.385105337561159278e+00
7.104450200523422687e+00 1.822394735189714621e-01 -2.385762873720431720e+00
7.108302139601778258e+00 1.806460353475261571e-01 -2.386329292683631476e+00
7.111731897892080489e+00 1.792143342984109933e-01 -2.386829000296201375e+00
7.114875108389536962e+00 1.778956584435494592e-01 -2.387284718518910331e+00
7.117861270904541016e+00 1.766414195299148560e-01 -2.387717485427856889e+00
7.120813752062675306e+00 1.754031529795305466e-01 -2.388146655214461678e+00
7.123849785304713578e+00 1.741325178894700676e-01 -2.388589898185477622e+00
7.127080470886610897e+00 1.727812970318567121e-01 -2.389063200762978401e+00
7.130610775879516972e+00 1.713013968538643350e-01 -2.389580865484369987e+00
7.134539534169771713e+00 1.696448474777164928e-01 -2.390155511002381772e+00
7.138958923026315517e+00 1.677641184593999801e-01 -2.390798027861719355e+00
7.143948705422120682e+00 1.656155920863291720e-01 -2.391517092048934590e+00
7.149570472415527789e+00 1.631630366388758802e-01 -2.392318678547361355e+00
7.155867119737616910e+00 1.603779221370365549e-01 -2.393206017115447892e+00
7.162862847792224485e+00 1.572394203404331725e-01 -2.394179592286761693e+00
7.170563161655921114e+00 1.537344047483123199e-01 -2.395237143369982835e+00
7.178954871078030209e+00 1.498574505995468598e-01 -2.396373664448907981e+00
7.188006090480620003e+00 1.456108348726339319e-01 -2.397581404382451264e+00
7.197666238958505325e+00 1.410045362856960360e-01 -2.398849866804641628e+00
7.207866040279244046e+00 1.360562352964803379e-01 -2.400165810124622823e+00
7.218518267913306197e+00 1.307912139485282454e-01 -2.401513413225686566e+00
7.229525940024847053e+00 1.252412542248610705e-01 -2.402876098078766898e+00
7.240790514206721262e+00 1.194435364360534185e-01 -2.404238352299044035e+00
7.252212632425382388e+00 1.134405390778610440e-01 -2.405585894826020255e+00
7.263692121020875803e+00 1.072800388312227793e-01 -2.406905675923514121e+00
7.275127990706856451e+00 1.010151105622573570e-01 -2.408185877179663592e+00
7.286418436570581747e+00 9.470412732226571317e-02 -2.409415911506926022e+00
7.297460838072905354e+00 8.841076034772969716e-02 -2.410586423142079049e+00
7.308151759048278961e+00 8.220397906031437496e-02 -2.411689287646215707e+00
7.318386947704762058e+00 7.615805106686468484e-02 -2.412717611904749759e+00
7.328062413236636985e+00 7.035164189885706465e-02 -2.413665767072446844e+00
7.337086268563337121e+00 6.485791214634220592e-02 -2.414529750968786637e+00
7.345390573068345752e+00 5.973461459188771777e-02 -2.415307550473325016e+00
7.352932409211841325e+00 5.502319395002957386e-02 -2.415999174470728317e+00
7.359693882530681464e+00 5.074878686726908700e-02 -2.416606653850770225e+00
7.365682121638412738e+00 4.692022192207495612e-02 -2.417134041508335773e+00
7.370929278225269776e+00 4.353001962488246140e-02 -2.417587412343418674e+00
7.375492527058176151e+00 4.055439241809464385e-02 -2.417974863261123097e+00
7.379454065980736388e+00 3.795324467608043179e-02 -2.418306513171661454e+00
7.382921115913243071e+00 3.567017270517596622e-02 -2.418594502990355721e+00
7.386024742412265809e+00 3.363301737188333085e-02 -2.418852852098764217e+00
7.388906892286614791e+00 3.175994326604224260e-02 -2.419095879351366385e+00
7.391707429808736407e+00 2.996551805374080002e-02 -2.419336624032965677e+00
7.394562958139402120e+00 2.816126516876232139e-02 -2.419586702303385461e+00
7.397606819327722683e+00 2.625566381258495272e-02 -2.419856307197472578e+00
7.400969094311145469e+00 2.415414895438238591e-02 -2.420154208625095116e+00
7.404776602915460693e+00 2.175911133102286996e-02 -2.420487753371143747e+00
7.409152903854780980e+00 1.896989744706980424e-02 -2.420862865095528615e+00
7.414218294731572456e+00 1.568280957478134646e-02 -2.421284044333186447e+00
7.420089812036629873e+00 1.179110575411154022e-02 -2.421754368494072107e+00
7.426879788576068009e+00 7.186525630409915273e-03 -2.422275491362303246e+00
7.434679984948031617e+00 1.776074901963070303e-03 -2.422847637586617253e+00
7.443545720854300995e+00 -4.501190057844117048e-03 -2.423469597170772705e+00
7.453494432472245634e+00 -1.167263630461770098e-02 -2.424138724972667802e+00
7.464505672454833984e+00 -1.973205432295799255e-02 -2.424850940704346147e+00
7.476521109930621911e+00 -2.863965802645742839e-02 -2.425600728931987415e+00
7.489444530503756248e+00 -3.832208475770108869e-02 -2.426381139075917126e+00
7.503141836253976571e+00 -4.867239528826761835e-02 -2.427183785410598649e+00
7.517441045736612537e+00 -5.955007381872550604e-02 -2.427998847064638532e+00
7.532132293982587434e+00 -7.078102797863861095e-02 -2.428815068020784285e+00
7.546971062117177276e+00 -8.216055699767739473e-02 -2.429619896617781105e+00
7.561713702673560356e+00 -9.348600113498047037e-02 -2.430401020049495209e+00
7.576152964536786882e+00 -1.045893907688367069e-01 -2.431147898848079247e+00
7.590121222439329074e+00 -1.153404144545814164e-01 -2.431851906380502637e+00
7.603490476961098032e+00 -1.256464189245924401e-01 -2.432506328848556443e+00
7.616172354529431310e+00 -1.354524090882919252e-01 -2.433106365288847162e+00
7.628118107419092908e+00 -1.447410480321428272e-01 -2.433649127572802495e+00
7.639318613752278608e+00 -1.535326570196542950e-01 -2.434133640406667354e+00
7.649804377498616859e+00 -1.618852154913779651e-01 -2.434560841331506076e+00
7.659645528475156340e+00 -1.698943610649096825e-01 -2.434933580723199764e+00
7.668949024170900408e+00 -1.776908396733929141e-01 -2.435256422967218004e+00
7.677827871097357537e+00 -1.854124582562974854e-01 -2.435533459472052797e+00
7.686370347099725109e+00 -1.931760383255660962e-01 -2.435766121750920554e+00
7.694637203501616618e+00 -2.010748663959142368e-01 -2.435952982619278284e+00
7.702661665105052791e+00 -2.091786939848270799e-01 -2.436089756194824929e+00
7.710449430190472242e+00 -2.175337376125637823e-01 -2.436169297897500474e+00
7.717978670516728812e+00 -2.261626788021546819e-01 -2.436181604449488169e+00
7.725200031321093341e+00 -2.350646640794029629e-01 -2.436113813875211864e+00
7.732036631319237685e+00 -2.442153049728811309e-01 -2.435950205501336452e+00
7.738384062705262245e+00 -2.535666780139360088e-01 -2.435672199956769202e+00
7.744112847865016747e+00 -2.630483234867755926e-01 -2.435258770652302118e+00
7.749095463222921865e+00 -2.725782316794598814e-01 -2.434690970056702319e+00
7.753233363088763319e+00 -2.820738291348917071e-01 -2.433956455972794863e+00
7.756459436371048177e+00 -2.914529774009038676e-01 -2.433049903017112658e+00
7.758738006576995971e+00 -3.006339730302634572e-01 -2.431973002619888913e+00
7.760064831812538699e+00 -3.095355475806689793e-01 -2.430734463025063352e+00
7.760467104782328818e+00 -3.180768676147519014e-01 -2.429350009290280443e+00
7.760003452789735690e+00 -3.261775347000735459e-01 -2.427842383286889838e+00
7.758763937736837590e+00 -3.337575854091296423e-01 -2.426241343699944153e+00
7.756870056124435031e+00 -3.407374913193471078e-01 -2.424583666028202522e+00
7.754472543708438081e+00 -3.470390539412920305e-01 -2.422912529076129307e+00
7.751727225715248970e+00 -3.525952493386077524e-01 -2.421270766085081849e+00
7.748770866303400950e+00 -3.573600730552279892e-01 -2.419694115653855615e+00
7.745718972968701266e+00 -3.613094351460020004e-01 -2.418210608160468400e+00
7.742665796544216050e+00 -3.644411601766952002e-01 -2.416840565762159887e+00
7.739684331200292533e+00 -3.667749872239886022e-01 -2.415596602395394754e+00
7.736826314444541275e+00 -3.683525698754807065e-01 -2.414483623775862231e+00
7.734122227121846826e+00 -3.692374762296851132e-01 -2.413498827398473434e+00
7.731581293414363287e+00 -3.695151888960326869e-01 -2.412631702537364475e+00
7.729191480841517858e+00 -3.692931049948698363e-01 -2.411864030245896018e+00
7.726920538946869144e+00 -3.686987750916496109e-01 -2.411170341489899283e+00
7.724727425012163806e+00 -3.678605312043049524e-01 -2.410522956683332385e+00
7.722573729890227057e+00 -3.668881146090794965e-01 -2.409897025276356519e+00
7.720424716731470127e+00 -3.658709147075380197e-01 -2.409270983906065311e+00
7.718249320983888495e+00 -3.648779690265654962e-01 -2.408626556396483931e+00
7.716020150393047672e+00 -3.639579632183679858e-01 -2.407948753758569094e+00
7.713713485002104520e+00 -3.631392310604719675e-01 -2.407225874190209503e+00
7.711309277151785047e+00 -3.624297544557243955e-01 -2.406449503076221852e+00
7.708791151480403059e+00 -3.618171634322933650e-01 -2.405614512988358378e+00
7.706146404923851279e+00 -3.612687361436673905e-01 -2.404719063685301528e+00
7.703366033591640516e+00 -3.607326881124016116e-01 -2.403764494875986646e+00
7.700445028399236946e+00 -3.601523537146002485e-01 -2.402754146632520627e+00
7.697382670697322737e+00 -3.594803675168606882e-01 -2.401692179815368977e+00
7.694182559146797828e+00 -3.586799534708384751e-01 -2.400583468840765455e+00
7.690852609718800359e+00 -3.577249249132486986e-01 -2.399433601680716954e+00
7.687405055694689793e+00 -3.565996845658646053e-01 -2.398248879863002170e+00
7.683856447666051359e+00 -3.552992245355185430e-01 -2.397036318471170269e+00
7.680227653534705823e+00 -3.538291263141014609e-01 -2.395803646144542665e+00
7.676543858512691720e+00 -3.522055607785633535e-01 -2.394559305078210354e+00
7.672834565122275130e+00 -3.504552881909122619e-01 -2.393312451023035692e+00
7.669133115652097210e+00 -3.486149322560692099e-01 -2.392072839938563344e+00
7.665471439393307662e+00 -3.467229950905529878e-01 -2.390849581226897946e+00
7.661874800039647937e+00 -3.448118724403854696e-01 -2.389649891005500848e+00
7.658361318198253720e+00 -3.429071278220176544e-01 -2.388478978773068029e+00
7.654941971389640720e+00 -3.410274925223295561e-01 -2.387340047409530541e+00
7.651620594047709112e+00 -3.391848655986299255e-01 -2.386234293176055843e+00
7.648393877519747086e+00 -3.373843138786568052e-01 -2.385160905715047797e+00
7.645251370066428187e+00 -3.356240719605768086e-01 -2.384117068050144006e+00
7.642175476861811312e+00 -3.338955422129859518e-01 -2.383097956586216704e+00
7.639141459993338046e+00 -3.321832947749089326e-01 -2.382096741109376303e+00
7.636118187190684914e+00 -3.304656654264548354e-01 -2.381104791585159308e+00
7.633076367843075083e+00 -3.287213321660271692e-01 -2.380113952938659239e+00
7.629996789016600722e+00 -3.269358917875329062e-01 -2.379118819834641574e+00
7.626871064183071702e+00 -3.251024577510392977e-01 -2.378116943475752532e+00
7.623701633219996943e+00 -3.232216601827719304e-01 -2.377108831602502637e+00
7.620501762410606617e+00 -3.213016458751162818e-01 -2.376097948493277379e+00
7.617295544443845046e+00 -3.193580782866169976e-01 -2.375090714964333660e+00
7.614117898414369812e+00 -3.174141375419786137e-01 -2.374096508369801128e+00
7.611014569822547315e+00 -3.155005204320645573e-01 -2.373127662601679511e+00
7.608042130574457218e+00 -3.136554404138975349e-01 -2.372199468089839947e+00
7.605266399314350778e+00 -3.119235758550563675e-01 -2.371329740268330877e+00
7.602745064358529703e+00 -3.103445002405702535e-01 -2.370534072507165302e+00
7.600510306086856183e+00 -3.089411120186996706e-01 -2.369821088895947003e+00
7.598567217094419846e+00 -3.077185827249632744e-01 -2.369192012660788826e+00
7.596893802191549305e+00 -3.066643569821372872e-01 -2.368640666164310016e+00
7.595440978403794396e+00 -3.057481525002554434e-01 -2.368153470905638436e+00
7.594132574971942162e+00 -3.049219600766096550e-01 -2.367709447520407906e+00
7.592865333352007084e+00 -3.041200435957489012e-01 -2.367280215780761754e+00
7.591508907215231972e+00 -3.032589400294802839e-01 -2.366829994595348374e+00
7.589905862448095064e+00 -3.022374594368684719e-01 -2.366315602009325225e+00
7.587874457301842845e+00 -3.009384772373106531e-01 -2.365687220404423474e+00
7.585239224461702179e+00 -2.992486494878393577e-01 -2.364896813816444343e+00
7.581861553434231737e+00 -2.970781283655390403e-01 -2.363906545340327181e+00
7.577642470802940622e+00 -2.943623545089925631e-01 -2.362689542359406758e+00
7.572522640228272373e+00 -2.910620570182800293e-01 -2.361229896545411044e+00
7.566482362447620957e+00 -2.871632534549794502e-01 -2.359522663858465208e+00
7.559541575275314784e+00 -2.826772498421667446e-01 -2.357573864547091169e+00
7.551759853602623807e+00 -2.776406406644155722e-01 -2.355400483148201829e+00
7.543236409397764852e+00 -2.721153088677973897e-01 -2.353030468487109061e+00
7.534110091705887413e+00 -2.661884258598804509e-01 -2.350502733677515721e+00
7.524555872439802506e+00 -2.599703641799057108e-01 -2.347866305549439758e+00
7.514746187932777488e+00 -2.535717355966236042e-01 -2.345170967837081122e+00
7.504812278882564414e+00 -2.470804282505643101e-01 -2.342457903977321454e+00
7.494840675605834335e+00 -2.405595190056827870e-01 -2.339758846407837822e+00
7.484873198038185294e+00 -2.340472734493591334e-01 -2.337096076567100944e+00
7.474906955734137881e+00 -2.275571458923984214e-01 -2.334482424894376962e+00
7.464894347867128133e+00 -2.210777793690305304e-01 -2.331921270829726112e+00
7.454743063229523514e+00 -2.145730056369093142e-01 -2.329406542814004943e+00
7.444316080232608712e+00 -2.079818451771169308e-01 -2.326922718288863212e+00
7.433431666906591850e+00 -2.012185071941571535e-01 -2.324444823696745654e+00
7.421867692758726598e+00 -1.941746516445285453e-01 -2.321939185434523267e+00
7.409409060528552082e+00 -1.867442722413071299e-01 -2.319371690572590072e+00
7.395895138930080215e+00 -1.788485799764872319e-01 -2.316716047745857043e+00
7.381224074838905302e+00 -1.704382653221358790e-01 -2.313954538164674002e+00
7.365352793292185396e+00 -1.614934982303925237e-01 -2.311078015614823400e+00
7.348296997488662718e+00 -1.520239281334678227e-01 -2.308085906457534531e+00
7.330131168788665441e+00 -1.420686839436500482e-01 -2.304986209629472871e+00
7.310988566714081038e+00 -1.316963740532950955e-01 -2.301795496642739192e+00
7.291061228948381157e+00 -1.210050863348331590e-01 -2.298538911584877109e+00
7.270599971336614509e+00 -1.101223881407671773e-01 -2.295250171118867755e+00
7.249909934102932496e+00 -9.920303726551685242e-02 -2.291970898679059232e+00
7.229301590243423448e+00 -8.840380252570559372e-02 -2.288743300626400412e+00
7.209041753918929096e+00 -7.785828434044701762e-02 -2.285602842403663626e+00
7.189349126672578194e+00 -6.767462569318932752e-02 -2.282577582731377230e+00
7.170394297429793617e+00 -5.793551213171359293e-02 -2.279688173607827828e+00
7.152299742498282598e+00 -4.869817176814058429e-02 -2.276947860309056271e+00
7.135139825568038496e+00 -3.999437527892031607e-02 -2.274362481388860324e+00
7.118940797711346136e+00 -3.183043590483920771e-02 -2.271930468678792892e+00
7.103680797382771139e+00 -2.418720945101815456e-02 -2.269642847288163789e+00
7.089289850419173256e+00 -1.702009428691259735e-02 -2.267483235604037528e+00
7.075652380738262082e+00 -1.026038844122455045e-02 -2.265428239671983146e+00
7.062634827256552228e+00 -3.830217231788796833e-03 -2.263451791263926705e+00
7.050113260232707901e+00 2.342539415144403482e-03 -2.261529485855743982e+00
7.037975891774562953e+00 8.322889973527163379e-03 -2.259638976977921931e+00
7.026123075839105780e+00 1.416873131752054496e-02 -2.257759976215557796e+00
7.014467308232490872e+00 1.993084872149013601e-02 -2.255874253208357327e+00
7.002933226610038808e+00 2.565291586000715759e-02 -2.253965635650633459e+00
6.991457610476229156e+00 3.137149480784849620e-02 -2.252020009291313407e+00
6.979989381184703134e+00 3.711603603999662215e-02 -2.250025317933928903e+00
6.968489601938269828e+00 4.290887843163972842e-02 -2.247971563436625964e+00
6.956931651015302975e+00 4.876516801996719219e-02 -2.245850910870979433e+00
6.945303127154504708e+00 5.469196443348797038e-02 -2.243658845204883345e+00
6.933607754860346084e+00 6.068734735854432183e-02 -2.241395327937292237e+00
6.921865557603050334e+00 6.674033531349721216e-02 -2.239064902241000965e+00
6.910112857818604404e+00 7.283088564872743087e-02 -2.236676692962647373e+00
6.898402276908743858e+00 7.892989454663555671e-02 -2.234244406622710510e+00
6.886802735240957318e+00 8.499919702164188129e-02 -2.231786331415510194e+00
6.875399452148489132e+00 9.099156692018652015e-02 -2.229325337209207891e+00
6.864293945930341145e+00 9.685071692072934335e-02 -2.226888875545808055e+00
6.853604033851263821e+00 1.025112985337510579e-01 -2.224508979641155015e+00
6.843461973720666336e+00 1.078999180564919891e-01 -2.222221778756845456e+00
6.833994020126182178e+00 1.129463126952414548e-01 -2.220062155994839692e+00
6.825299979816446871e+00 1.175945271527190639e-01 -2.218058405869744565e+00
6.817451352996426017e+00 1.218039297378533808e-01 -2.216231748606629193e+00
6.810491333327390429e+00 1.255492123657814540e-01 -2.214596330141012093e+00
6.804434807926931228e+00 1.288203905578490793e-01 -2.213159222118867842e+00
6.799268357368958959e+00 1.316228034416108139e-01 -2.211920421896629740e+00
6.794950255683692042e+00 1.339771137508301568e-01 -2.210872852541181821e+00
6.791410470357675422e+00 1.359193078254782305e-01 -2.210002362829867284e+00
6.788550662333768138e+00 1.375006956117361401e-01 -2.209287727250483169e+00
6.786246190891849217e+00 1.387868299519587900e-01 -2.208701132765964470e+00
6.784368167948453099e+00 1.398456184444845651e-01 -2.208213533374444815e+00
6.782805512815302862e+00 1.407354350560806044e-01 -2.207800004780734238e+00
6.781466957232982651e+00 1.415040393294534626e-01 -2.207440231198142477e+00
6.780281045370933235e+00 1.421885763832489713e-01 -2.207118505348474535e+00
6.779196133827452897e+00 1.428155769120525720e-01 -2.206823728462033785e+00
6.778180391629708090e+00 1.434009571863888721e-01 -2.206549410277621970e+00
6.777221800233712123e+00 1.439500190527220058e-01 -2.206293669042537431e+00
6.776328153524344700e+00 1.444574499334555506e-01 -2.206059231512576435e+00
6.775527057815348364e+00 1.449073228269324165e-01 -2.205853432952033177e+00
6.774864131905428799e+00 1.452740939902704975e-01 -2.205687769796607078e+00
6.774383207695501952e+00 1.455335774505523150e-01 -2.205572978945388840e+00
6.774106530805910964e+00 1.456739195160152434e-01 -2.205514117052847833e+00
6.774032960632547784e+00 1.456965964588868290e-01 -2.205510113191738952e+00
6.774137970346858495e+00 1.456164145153848455e-01 -2.205553768853105279e+00
6.774373646895819334e+00 1.454615098857171551e-01 -2.205631757946270977e+00
6.774668691001966003e+00 1.452733487340819862e-01 -2.205724626798850174e+00
6.774928417163372352e+00 1.451067271886676557e-01 -2.205806794156742079e+00
6.775034753653660147e+00 1.450297713416526524e-01 -2.205846551184129645e+00
6.774846242521999073e+00 1.451239372492056923e-01 -2.205806061463484458e+00
6.774200808607734992e+00 1.454824236046972918e-01 -2.205642091890602341e+00
6.772946217856255835e+00 1.461927116284318651e-01 -2.205314052296986738e+00
6.770970535001129775e+00 1.473191053206769074e-01 -2.204792034904952125e+00
6.768204892367477576e+00 1.489011442559723120e-01 -2.204057545166898890e+00
6.764623489871969042e+00 1.509536035831317291e-01 -2.203103501765319105e+00
6.760243595022826568e+00 1.534664940252415677e-01 -2.201934236612789864e+00
6.755125542919824255e+00 1.564050618796615222e-01 -2.200565494851977721e+00
6.749372736254290572e+00 1.597097890180242397e-01 -2.199024434855639587e+00
6.743131645309093258e+00 1.632963928862354031e-01 -2.197349628226614726e+00
6.736591807958668632e+00 1.670558265044739255e-01 -2.195591059797836309e+00
6.729982257704410387e+00 1.708563392465381747e-01 -2.193809191288573768e+00
6.723532234244403050e+00 1.745661441548884696e-01 -2.192064662094670879e+00
6.717431895678102727e+00 1.780760843124185033e-01 -2.190407990507374336e+00
6.711828747086768132e+00 1.813016933073723358e-01 -2.188878637512445380e+00
6.706827640533445489e+00 1.841831952333450040e-01 -2.187505006790160245e+00
6.702490775062985406e+00 1.866855046892827164e-01 -2.186304444715315043e+00
6.698837696702032218e+00 1.887982267794825753e-01 -2.185283240357217327e+00
6.695845298459022210e+00 1.905356571135927990e-01 -2.184436625479693195e+00
6.693447820324198716e+00 1.919367818066127773e-01 -2.183748774541084625e+00
6.691536849269589915e+00 1.930652774788929049e-01 -2.183192804694248590e+00
6.689963608768895398e+00 1.940081806186601254e-01 -2.182731316647680497e+00
6.688564144913532239e+00 1.948612497576222291e-01 -2.182322344468002218e+00
6.687184513576798217e+00 1.957143270374052113e-01 -2.181925305630041390e+00
6.685683070283152674e+00 1.966500073690257144e-01 -2.181501541960500390e+00
6.683930470208187202e+00 1.977436384328902785e-01 -2.181014319637948340e+00
6.681809668178641637e+00 1.990633206787958964e-01 -2.180428829192825102e+00
6.679215918672405827e+00 2.006699073259297084e-01 -2.179712185507440836e+00
6.676056775818504541e+00 2.026170043628695017e-01 -2.178833427815974222e+00
6.672252093397117889e+00 2.049509705475822674e-01 -2.177763519704474238e+00
6.667734024839566231e+00 2.077109174074261710e-01 -2.176475349110861046e+00
6.662447210010827625e+00 2.109286024961912198e-01 -2.174943906989523779e+00
6.656350829874183361e+00 2.146272551889835123e-01 -2.173148252676464054e+00
6.649420661198615967e+00 2.188204024526771707e-01 -2.171073479295325903e+00
6.641649263355569488e+00 2.235117620948120221e-01 -2.168710892435634197e+00
6.633045978318955704e+00 2.286952427635931817e-01 -2.166058010152789759e+00
6.623636930665143474e+00 2.343549439478926355e-01 -2.163118562968070258e+00
6.613465027572981825e+00 2.404651559772450764e-01 -2.159902493868635531e+00
6.602589958823765315e+00 2.469903600218533168e-01 -2.156425958307517377e+00
6.591088196801260679e+00 2.538852280925851801e-01 -2.152711324203629317e+00
6.579052996491701499e+00 2.610946230409739721e-01 -2.148787171941761276e+00
6.566592525127852298e+00 2.685543958327166747e-01 -2.144687517439893387e+00
6.553809288273801492e+00 2.762001555561534039e-01 -2.140443265889634183e+00
6.540779555909734810e+00 2.839760394307465630e-01 -2.136073665496658780e+00
6.527551492076021589e+00 2.918355100805791191e-01 -2.131585530548020024e+00
6.514145154873200561e+00 2.997413555343560465e-01 -2.126973241412149385e+00
6.500552496461991403e+00 3.076656892253983311e-01 -2.122218744538858282e+00
6.486737363063284967e+00 3.155899499916518525e-01 -2.117291552459334980e+00
6.472635494958149494e+00 3.235049020756816662e-01 -2.112148743786147698e+00
6.458154526487825287e+00 3.314106351246730586e-01 -2.106734963213241496e+00
6.443173986053734481e+00 3.393165641904321572e-01 -2.100982421515941834e+00
6.427548459647840495e+00 3.472406185389048661e-01 -2.094812451734011205e+00
6.411142388721304819e+00 3.552003188024446811e-01 -2.088152626710390258e+00
6.393864867329082990e+00 3.632038543177403267e-01 -2.080953876273774483e+00
6.375672805418963307e+00 3.712492719972165789e-01 -2.073192043302949816e+00
6.356570928831549061e+00 3.793244763290429256e-01 -2.064867883726792197e+00
6.336611779300264757e+00 3.874072293771275710e-01 -2.056007066524264904e+00
6.315895714451357001e+00 3.954651507811189903e-01 -2.046660173724421217e+00
6.294570907803895388e+00 4.034557177564061514e-01 -2.036902700406407973e+00
6.272833348769765394e+00 4.113262650941175158e-01 -2.026835054699456240e+00
6.250926842653681703e+00 4.190139851611230370e-01 -2.016582557782889751e+00
6.229138030231601064e+00 4.264470831820378338e-01 -2.006292878633840981e+00
6.207741606153188485e+00 4.335574846361659462e-01 -1.996107817817847963e+00
6.186945539623914136e+00 4.402935421256484738e-01 -1.986135092453619855e+00
6.166886094743389890e+00 4.466211904811950850e-01 -1.976445771352164593e+00
6.147627830505371094e+00 4.525239467620849609e-01 -1.967074275016784446e+00
6.129163600797758349e+00 4.580029102561671284e-01 -1.958018375643080233e+00
6.111414554402587740e+00 4.630767624798598492e-01 -1.949239197118945111e+00
6.094230134996039716e+00 4.677817671781513420e-01 -1.940661215024570563e+00
6.077388081148436427e+00 4.721717703245995046e-01 -1.932172256632442631e+00
6.060594426324238171e+00 4.763182001213325800e-01 -1.923623500907342576e+00
6.043490328548202228e+00 4.803085659173909061e-01 -1.914833061284927362e+00
6.025727200901649816e+00 4.842299453943095799e-01 -1.905625398422899464e+00
6.007041845145354664e+00 4.881524710644981613e-01 -1.895870734592373541e+00
5.987263282427909949e+00 4.921278289605240941e-01 -1.885488637003189583e+00
5.966312753285707871e+00 4.961892586351105416e-01 -1.874448017803904687e+00
5.944203717642956519e+00 5.003515531611378853e-01 -1.862767134081799725e+00
5.921041854811670113e+00 5.046110591316431693e-01 -1.850513587862874454e+00
5.897025063491671659e+00 5.089456766598208226e-01 -1.837804326111849074e+00
5.872443461770602724e+00 5.133148593790195502e-01 -1.824805640732170886e+00
5.847679387123904782e+00 5.176596144427477730e-01 -1.811733168566002306e+00
5.823199203005681390e+00 5.219039196557641036e-01 -1.798847320403776706e+00
5.799463168847570849e+00 5.259703123486026977e-01 -1.786402998694244459e+00
5.776835308182221240e+00 5.297954785764656949e-01 -1.774599314208266110e+00
5.755575214609017998e+00 5.333316703584405349e-01 -1.763575014699608090e+00
5.735838051794078574e+00 5.365467056774990695e-01 -1.753408484904941833e+00
5.717674553470244447e+00 5.394239684804994495e-01 -1.744117746543842440e+00
5.701031023437108658e+00 5.419624086781836825e-01 -1.735660458318796451e+00
5.685749335560976725e+00 5.441765421451790763e-01 -1.727933915915189855e+00
5.671566933774894181e+00 5.460964507199991269e-01 -1.720775052001315419e+00
5.658116832078640357e+00 5.477677822050414091e-01 -1.713960436228372686e+00
5.644935890347714036e+00 5.492507025608821536e-01 -1.707211004361100848e+00
5.631555848232226325e+00 5.506083700434968309e-01 -1.700244078714764573e+00
5.617594359055773978e+00 5.518954093414827344e-01 -1.692825388592137825e+00
5.602763265624443711e+00 5.531568637703510039e-01 -1.684773799414139406e+00
5.586868600226803316e+00 5.544281952725282903e-01 -1.675961312719832730e+00
5.569810584633909656e+00 5.557352844173538697e-01 -1.666313066166428936e+00
5.551583630099291788e+00 5.570944304010825299e-01 -1.655807333529280223e+00
5.532276337358974061e+00 5.585123510468833485e-01 -1.644475524701885183e+00
5.512071496631453904e+00 5.599861828048391388e-01 -1.632402185695886798e+00
5.491246087617719596e+00 5.615034807519476701e-01 -1.619724998641072888e+00
5.470165300156643262e+00 5.630427334961897179e-01 -1.606631872034850028e+00
5.449216763259116192e+00 5.645790269641522974e-01 -1.593328934374417916e+00
5.428744775510702780e+00 5.660897080708038320e-01 -1.580008528454907246e+00
5.409044326183218843e+00 5.675548995842801814e-01 -1.566846301840848943e+00
5.390361095234716515e+00 5.689575001258861953e-01 -1.554001206866163276e+00
5.372891453309497578e+00 5.702831841700939375e-01 -1.541615500634165192e+00
5.356782461738101908e+00 5.715204020445432409e-01 -1.529814745017564093e+00
5.342131872537321691e+00 5.726603799300422626e-01 -1.518707806658465609e+00
5.328988128410184544e+00 5.736971198605661515e-01 -1.508386856968365386e+00
5.317350362745969505e+00 5.746273997232589359e-01 -1.498927372128157964e+00
5.307169425937029672e+00 5.754507901465921726e-01 -1.490387282477099395e+00
5.298359174237565306e+00 5.761698402598194324e-01 -1.482797616310665756e+00
5.290807758152619833e+00 5.767902634447011900e-01 -1.476153144067738232e+00
5.284378648598313966e+00 5.773209542210870904e-01 -1.470411527849365907e+00
5.278910636901854581e+00 5.777739882469175026e-01 -1.465493321418762651e+00
5.274217834801529392e+00 5.781646223182220767e-01 -1.461281970201308900e+00
5.270089674446706951e+00 5.785112943691199661e-01 -1.457623811284549875e+00
5.266290908397841086e+00 5.788356234718203819e-01 -1.454328073418196698e+00
5.262561609626467352e+00 5.791624098366225937e-01 -1.451166877014127055e+00
5.258617171515200361e+00 5.795196348119154850e-01 -1.447875234146382306e+00
5.254152585810433429e+00 5.799379907820594315e-01 -1.444155727788853927e+00
5.248889502713127264e+00 5.804457097571515956e-01 -1.439729986285860353e+00
5.242623292928020540e+00 5.810633917475782617e-01 -1.434390159964875622e+00
5.235227326269164649e+00 5.818035345901593214e-01 -1.428003601088264407e+00
5.226652971659894398e+00 5.826705339481483836e-01 -1.420512863853277574e+00
5.216929597132850205e+00 5.836606833112326642e-01 -1.411935704392055735e+00
5.206164569829969224e+00 5.847621739955332076e-01 -1.402365080771627026e+00
5.194543256002478238e+00 5.859550951436049981e-01 -1.391969152993906000e+00
5.182329021010914971e+00 5.872114337244357385e-01 -1.380991282995701619e+00
5.169863229325105003e+00 5.884950745334481814e-01 -1.369750034648706150e+00
5.157558352101357713e+00 5.897625289702864704e-01 -1.358632582555319823e+00
5.145822148428008447e+00 5.909709518169027342e-01 -1.348022206791155808e+00
5.134981844993368405e+00 5.920861581824518050e-01 -1.338225786138877105e+00
5.125277243137036365e+00 5.930833523366838556e-01 -1.329467206381129696e+00
5.116860718849892464e+00 5.939471277099437341e-01 -1.321887360300540548e+00
5.109797222774104419e+00 5.946714668931716297e-01 -1.315544147679717835e+00
5.104064280203125747e+00 5.952597416379027395e-01 -1.310412475301256263e+00
5.099551991081688662e+00 5.957247128562670468e-01 -1.306384256947727085e+00
5.096063030005813843e+00 5.960885306209898760e-01 -1.303268413401685644e+00
5.093312646222809548e+00 5.963827341653918923e-01 -1.300790872445670265e+00
5.090934633257877984e+00 5.966475900986769609e-01 -1.298600411113476794e+00
5.088546994806896429e+00 5.969248127741065835e-01 -1.296332920454208004e+00
5.085817610629179697e+00 5.972502846571740021e-01 -1.293675670296319247e+00
5.082470206174096283e+00 5.976533945408925019e-01 -1.290373151498896309e+00
5.078284352581074579e+00 5.981570375457961886e-01 -1.286227075951654752e+00
5.073095466679593102e+00 5.987776151199381003e-01 -1.281096376574941686e+00
5.066794810989187603e+00 5.995250350388925398e-01 -1.274897207319732662e+00
5.059329493719449289e+00 6.004027114057537418e-01 -1.267602943167634111e+00
5.050702468770022158e+00 6.014075646511356510e-01 -1.259244180130881796e+00
5.040972535730609216e+00 6.025300215331726994e-01 -1.249908735252342806e+00
5.030251399731827888e+00 6.037544428601443469e-01 -1.239737933269879022e+00
5.018671330701936384e+00 6.050638283088145553e-01 -1.228885761057567860e+00
5.006352823296473353e+00 6.064445211448787898e-01 -1.217478022916802960e+00
4.993401656973440517e+00 6.078866359129559971e-01 -1.205608627523960141e+00
4.979908895993288453e+00 6.093840584365904922e-01 -1.193339587930389634e+00
4.965950889418918379e+00 6.109344458182505155e-01 -1.180701021562418518e+00
4.951589271115688362e+00 6.125392264393280106e-01 -1.167691150221352725e+00
4.936870959751412435e+00 6.142035999601400675e-01 -1.154276300083476592e+00
4.921828158796349939e+00 6.159365373199271465e-01 -1.140390901700049531e+00
4.906478356523223283e+00 6.177507807368547432e-01 -1.125937489997310692e+00
4.890824989367366094e+00 6.196624964861743301e-01 -1.110790005615560405e+00
4.874864738483702276e+00 6.216874556719241829e-01 -1.094830107624217952e+00
4.858594826000049771e+00 6.238372151575659608e-01 -1.077983484725733687e+00
4.842013678276079425e+00 6.261187703971230478e-01 -1.060223156090980945e+00
4.825120925903318536e+00 6.285345554351806641e-01 -1.041569471359253152e+00
4.807917403705149972e+00 6.310824429068865316e-01 -1.022090110638264049e+00
4.790405150736805950e+00 6.337557440379502083e-01 -1.001900084504147470e+00
4.772587410285377807e+00 6.365432086446434212e-01 -9.811617340014577859e-01
4.754468629869807117e+00 6.394290251337999553e-01 -9.600847306431696815e-01
4.736054461240888358e+00 6.423928205028165417e-01 -9.389260764106737156e-01
4.717352206313286445e+00 6.454097423389055788e-01 -9.179861844415138084e-01
4.698375722689796419e+00 6.484513608609666635e-01 -8.975657642020605786e-01
4.679150329389769603e+00 6.514865709989878795e-01 -8.779227048659647981e-01
4.659713252849180698e+00 6.544816744058177260e-01 -8.592681554037940872e-01
4.640113626920614465e+00 6.574003794571625647e-01 -8.417665245830280307e-01
4.620412492873271049e+00 6.602038012515887289e-01 -8.255354809680617301e-01
4.600682799392973088e+00 6.628504616105214131e-01 -8.106459529202039160e-01
4.581009402582147061e+00 6.652962890782451177e-01 -7.971221285976752835e-01
4.561489065959851708e+00 6.674946189219028714e-01 -7.849414559556177062e-01
4.542230460461748720e+00 6.693961931314978964e-01 -7.740346427460808032e-01
4.523352765962458832e+00 6.709497651001048446e-01 -7.642879885404993967e-01
4.504970287594483480e+00 6.721087512907524264e-01 -7.555690376885456638e-01
4.487177071747036727e+00 6.728378830417089951e-01 -7.477522328107600869e-01
4.470045507481689384e+00 6.731138112928317652e-01 -7.407212469989470360e-01
4.453626326532362789e+00 6.729251065855663683e-01 -7.343689838161742145e-01
4.437948603305322592e+00 6.722722590629464090e-01 -7.285975772967718811e-01
4.423019754879204513e+00 6.711676784695954634e-01 -7.233183919463382905e-01
4.408825541004980586e+00 6.696356941517238592e-01 -7.184520227417307003e-01
4.395330064105977819e+00 6.677125550571312296e-01 -7.139282951310719216e-01
4.382475769277879962e+00 6.654464297352060687e-01 -7.096862650337484313e-01
4.370184388558908672e+00 6.628962886419713652e-01 -7.056739487926394494e-01
4.358367327901912169e+00 6.601196094955985583e-01 -7.018453526486378991e-01
4.346936054146442352e+00 6.571600826319198285e-01 -6.981575022151692567e-01
4.335803039288947502e+00 6.540464933094747302e-01 -6.945701724304222946e-01
4.324881760482772286e+00 6.507927217095111905e-01 -6.910458875573486370e-01
4.314086700038158639e+00 6.473977429359846214e-01 -6.875499211836632041e-01
4.303333345422242218e+00 6.438456270155578087e-01 -6.840502962218419913e-01
4.292538189259054171e+00 6.401055388976008009e-01 -6.805177849091251785e-01
4.281618729329521145e+00 6.361317384541921305e-01 -6.769259088075145758e-01
4.270493468571465279e+00 6.318635804801170375e-01 -6.732509388037756226e-01
4.259082802500583576e+00 6.272268042825269729e-01 -6.694720693380755705e-01
4.247318780570353169e+00 6.221477187736327297e-01 -6.655733348658520176e-01
4.235154867328842165e+00 6.165673872682444490e-01 -6.615455262798034530e-01
4.222566829771990271e+00 6.104429169750491546e-01 -6.573863651252397355e-01
4.209552737343597251e+00 6.037474589966062011e-01 -6.531005036000780972e-01
4.196132961935330030e+00 5.964702083293496049e-01 -6.486995245548452527e-01
4.182350177886717368e+00 5.886164038635879336e-01 -6.442019414926772880e-01
4.168269361985157850e+00 5.802073283835044171e-01 -6.396331985693202160e-01
4.153977793465908341e+00 5.712803085671558367e-01 -6.350256705931281997e-01
4.139585054012098198e+00 5.618887149864745245e-01 -6.304186630250654400e-01
4.125221454442939972e+00 5.521012117180910117e-01 -6.258578724616765676e-01
4.111020729244486027e+00 5.419935025204218881e-01 -6.213894522770713191e-01
4.097102731820490895e+00 5.316400773542115932e-01 -6.170540785118524552e-01
4.083571861420706384e+00 5.211134621078583606e-01 -6.128864104384083022e-01
4.070517063140868252e+00 5.104842185974119984e-01 -6.089150905609129749e-01
4.058011827922710424e+00 4.998209445665749429e-01 -6.051627446153261536e-01
4.046114192553951661e+00 4.891902736867004275e-01 -6.016459815693920854e-01
4.034866739668302671e+00 4.786568755567942590e-01 -5.983753936226409165e-01
4.024296597745465220e+00 4.682834557035138734e-01 -5.953555562063883588e-01
4.014415441111130356e+00 4.581307555811667820e-01 -5.925850279837345802e-01
4.005220081747383531e+00 4.482574426513177834e-01 -5.900565964544413067e-01
3.996698979568346743e+00 4.387189011912907555e-01 -5.877599797584706076e-01
3.988838752966753276e+00 4.295660230523643541e-01 -5.856845285919604072e-01
3.981624770714668138e+00 4.208450977225989265e-01 -5.838194718495821611e-01
3.975041151963475183e+00 4.125978123268344566e-01 -5.821539166245380814e-01
3.969070766243887771e+00 4.048612516266919537e-01 -5.806768482085623573e-01
3.963695233465946099e+00 3.976678980205726743e-01 -5.793771300919215994e-01
3.958894923919008768e+00 3.910456315436574015e-01 -5.782435039634131746e-01
3.954648958271769654e+00 3.850177298679109406e-01 -5.772645897103674262e-01
3.950935207572241925e+00 3.796028683020751249e-01 -5.764288854186461197e-01
3.947730172674105642e+00 3.748147740744494638e-01 -5.757247662269058264e-01
3.945007657889614716e+00 3.706584233379199844e-01 -5.751404717231447528e-01
3.942737444614921039e+00 3.671262380958573157e-01 -5.746640933409870033e-01
3.940885170747214339e+00 3.641977404585164946e-01 -5.742835732138581450e-01
3.939412330684712416e+00 3.618395526430358555e-01 -5.739867041749850962e-01
3.938276275326670017e+00 3.600053969734374748e-01 -5.737611297573961266e-01
3.937430212073377511e+00 3.586360958806281696e-01 -5.735943441939223009e-01
3.936823204826156442e+00 3.576595719023974995e-01 -5.734736924171943695e-01
3.936400173987362638e+00 3.569908476834189326e-01 -5.733863700596456559e-01
3.936101896460387550e+00 3.565320459752503446e-01 -5.733194234535111677e-01
3.935865569528816277e+00 3.561736562578187715e-01 -5.732598407230476978e-01
3.935631013527186362e+00 3.558084675757661741e-01 -5.731955537989638083e-01
3.935346874511750581e+00 3.553455013747937041e-01 -5.731164404328478179e-01
3.934971188139634091e+00 3.547112781231481771e-01 -5.730144152893890119e-01
3.934471379668841529e+00 3.538498173116216283e-01 -5.728834299463783086e-01
3.933824263958245027e+00 3.527226374535518127e-01 -5.727194728947067048e-01
3.933016045467593536e+00 3.513087560848214275e-01 -5.725205695383668303e-01
3.932042318257510161e+00 3.496046897638588891e-01 -5.722867821944519484e-01
3.930908065989490829e+00 3.476244540716377784e-01 -5.720202100931562894e-01
3.929627661925906956e+00 3.453995636116770629e-01 -5.717249893777753833e-01
3.928224189889889306e+00 3.429775508936457329e-01 -5.714071105440082787e-01
3.926721975031283840e+00 3.404056745050003108e-01 -5.710724103279988251e-01
3.925139114748026348e+00 3.377146276216118626e-01 -5.707245636361604202e-01
3.923486799697830207e+00 3.349170570043673023e-01 -5.703649009984065321e-01
3.921769313798189494e+00 3.320075629991670607e-01 -5.699924085681508101e-01
3.919984034226374092e+00 3.289626995369265838e-01 -5.696037281223066406e-01
3.918121431419436362e+00 3.257409741335757780e-01 -5.691931570612873692e-01
3.916165069074203142e+00 3.222828478900596760e-01 -5.687526484090068557e-01
3.914091604147280190e+00 3.185107354923372158e-01 -5.682718108128775869e-01
3.911870786855056181e+00 3.143290052113827393e-01 -5.677379085438134521e-01
3.909466197241344698e+00 3.096256794139238266e-01 -5.671359689158955719e-01
3.906843346972032727e+00 3.042911391427089995e-01 -5.664499638371596202e-01
3.903977780792559749e+00 2.982368279183942317e-01 -5.656639913112123663e-01
3.900855812983187398e+00 2.913969519908278238e-01 -5.647623828405106128e-01
3.897474527359007013e+00 2.837284803390502375e-01 -5.637297034263609730e-01
3.893841777269930304e+00 2.752111446712937060e-01 -5.625507515689193161e-01
3.889976185600699132e+00 2.658474394249827344e-01 -5.612105592671919885e-01
3.885907144770874400e+00 2.556626217667332668e-01 -5.596943920190342592e-01
3.881674816734847155e+00 2.447047115923534633e-01 -5.579877488211517633e-01
3.877330132981829269e+00 2.330444915268411743e-01 -5.560763621690991698e-01
3.872934061797456362e+00 2.207739818076654426e-01 -5.539458850579289662e-01
3.868549547694093427e+00 2.079896630698665483e-01 -5.515784477982593748e-01
3.864233450505691891e+00 1.947756984329810370e-01 -5.489492146890547764e-01
3.860035812537579325e+00 1.812024081515802021e-01 -5.460260709705089255e-01
3.855999858566449223e+00 1.673262696152702234e-01 -5.427696228240449505e-01
3.852161995840369446e+00 1.531899173486919730e-01 -5.391331973723149096e-01
3.848551814078777333e+00 1.388221430115214594e-01 -5.350628426792009007e-01
3.845192085472480592e+00 1.242378953984666773e-01 -5.304973277498126194e-01
3.842098764683660406e+00 1.094382804392783348e-01 -5.253681425304924657e-01
3.839280988845863885e+00 9.441056119873417196e-02 -5.195994979088088828e-01
3.836741299128568983e+00 7.912924682761275641e-02 -5.131094701357405974e-01
3.834478078014906810e+00 6.356807135561359789e-02 -5.058225898189049330e-01
3.832487986630101595e+00 4.771197273353089408e-02 -4.976824311777355292e-01
3.830766186322934086e+00 3.155818186730023622e-02 -4.886527565529772965e-01
3.829306338665742881e+00 1.511622261799868035e-02 -4.787175164066873601e-01
3.828100605454418215e+00 -1.592088198158250409e-03 -4.678808493222317844e-01
3.827139648708409947e+00 -1.853264080980469852e-02 -4.561670820042948438e-01
3.826412630670723125e+00 -3.565903249044223566e-02 -4.436207292788663104e-01
3.825907213807913099e+00 -5.291256755842805443e-02 -4.303064940932490035e-01
3.825609560810097509e+00 -7.022225737697790349e-02 -4.163092675160582901e-01
3.825504334590947408e+00 -8.750482035416612403e-02 -4.017341287372203640e-01
3.825574698287686370e+00 -1.046646819429255110e-01 -3.867063450679733005e-01
3.825802315261098041e+00 -1.215939746410475558e-01 -3.713713719408670011e-01
3.826167349095522585e+00 -1.381725379911823703e-01 -3.558948529097626379e-01
3.826648463598847805e+00 -1.542679185808411568e-01 -3.404626196498303226e-01
3.827222822802526014e+00 -1.697353700423853695e-01 -3.252806919575602085e-01
3.827866090961559831e+00 -1.844178530530436733e-01 -3.105752777507456708e-01
3.828552432554510609e+00 -1.981460353349002168e-01 -2.965927730684942976e-01
3.829254512283492673e+00 -2.107382916548978247e-01 -2.835997620712255585e-01
3.829943495074178195e+00 -2.220007038248379416e-01 -2.718830170406704161e-01
3.830589046075792758e+00 -2.317270607013803829e-01 -2.617494983798713259e-01
3.831159330661120244e+00 -2.396988581860438061e-01 -2.535263546131826251e-01
3.831621014426497052e+00 -2.456852992252060441e-01 -2.475609223862690611e-01
3.831939263191819656e+00 -2.494432938101006081e-01 -2.442207264661103716e-01
