-2.791483390856087099e-01 1.081643462794627197e+00 -1.088759835924222319e+00
-2.826763633559455924e-01 1.097761809859286508e+00 -1.106373267501880919e+00
-2.833306844247807654e-01 1.102413354665642720e+00 -1.112262508654308979e+00
-2.813249171003880389e-01 1.096442532810511405e+00 -1.107286234366536393e+00
-2.768726761910418888e-01 1.080693779890708361e+00 -1.092303119623594609e+00
-2.701875765050164580e-01 1.056011531503049605e+00 -1.068171839410514412e+00
-2.614832328505856118e-01 1.023240223244349822e+00 -1.035751068712325917e+00
-2.509732600360238264e-01 9.832242907114258079e-01 -9.958994825140602414e-01
-2.388712728696050502e-01 9.368081695010928023e-01 -9.494757558007479448e-01
-2.253908861596037039e-01 8.848362952101671564e-01 -8.973385635574205876e-01
-2.107457147142936527e-01 8.281531034354635556e-01 -8.403465807691079537e-01
-1.951493733419492060e-01 7.676030297737982400e-01 -7.793584824208411588e-01
-1.788154768508444514e-01 7.040305098219871160e-01 -7.152329434976509859e-01
-1.619576400492535595e-01 6.382799791768452025e-01 -6.488286389845677737e-01
-1.447894777454507564e-01 5.711958734351889611e-01 -5.810042438666228604e-01
-1.275246047477101574e-01 5.036226281938338545e-01 -5.126184331288469176e-01
-1.103766358643058915e-01 4.364046790495953454e-01 -4.445298817562700622e-01
-9.355918590351214315e-02 3.703864615992892295e-01 -3.775972647339236321e-01
-7.728586967360316640e-02 3.064124114397318577e-01 -3.126792570468386323e-01
-6.177030198285289597e-02 2.453269641677379709e-01 -2.506345336800449575e-01
-4.722609763953567602e-02 1.879745553801237534e-01 -1.923217696185738901e-01
-3.386687145192560089e-02 1.351996206737050843e-01 -1.385996398474561575e-01
-2.190623822829684125e-02 8.784659564529737064e-02 -9.032681935172247323e-02
-1.155781277692351228e-02 4.675991589171632490e-02 -4.836198311640335645e-02
-3.035209906079842750e-03 1.278401700977795444e-02 -1.356380612652996476e-02
3.447955575960070379e-03 -1.323666540370237177e-02 1.320903663286733878e-02
7.717026925575039449e-03 -3.060200837657598219e-02 3.123783603965158209e-02
9.753180006068482705e-03 -3.918914072562004053e-02 4.036374767465568392e-02
9.576548919553336953e-03 -3.901950453740813535e-02 4.056789360730402721e-02
7.207267768142558949e-03 -3.011454189851384133e-02 3.183139590702113719e-02
2.665470653949042132e-03 -1.249569489551060134e-02 1.413537664323125109e-02
-4.028708320914255875e-03 1.381559438502798220e-02 -1.253904211464111629e-02
-1.285513505433443122e-02 4.879788385652844562e-02 -4.821073829717161668e-02
-2.379367544419853583e-02 9.242973143241720035e-02 -9.289858983493580469e-02
-3.682419538839364070e-02 1.446896950261207238e-01 -1.466214746585092765e-01
-5.192656078480673010e-02 2.055563325510651462e-01 -2.093982706984672815e-01
-6.895624701089447806e-02 2.744876167630640462e-01 -2.806965776468424156e-01
-8.727116602782375443e-02 3.488591742021955322e-01 -3.577788763269104666e-01
-1.061048386090463480e-01 4.255260434582806561e-01 -4.373563663661084178e-01
-1.246907855280141308e-01 5.013432631211403034e-01 -5.161402473918739187e-01
-1.422625275581790028e-01 5.731658717805959702e-01 -5.908417190316445078e-01
-1.580535854729925860e-01 6.378489080264677646e-01 -6.581719809128570020e-01
-1.712974800459070024e-01 6.922474104485779600e-01 -7.148422326629496615e-01
-1.812277320503739297e-01 7.332164176367467201e-01 -7.575636739093595251e-01
-1.870778622598453234e-01 7.576109681807955409e-01 -7.830475042795241869e-01
-1.880813914477727500e-01 7.622861006705446973e-01 -7.880049234008803527e-01
-1.837410844482557926e-01 7.451979445177486783e-01 -7.703011170291506060e-01
-1.746366833008753949e-01 7.087069963596989153e-01 -7.324172195601706958e-01
-1.616171745873065113e-01 6.562748456245260931e-01 -6.779883535815517392e-01
-1.455315448892239572e-01 5.913630817403601192e-01 -6.106496416809038541e-01
-1.272287807883026867e-01 5.174332941353319004e-01 -5.340362064458380464e-01
-1.075578688662174598e-01 4.379470722375707892e-01 -4.517831704639642121e-01
-8.736779570464327238e-02 3.563660054752076922e-01 -3.675256563228934681e-01
-6.750754788525499539e-02 2.761516832763726281e-01 -2.848987866102362654e-01
-4.882611198972747202e-02 2.007656950691958653e-01 -2.075376839136032214e-01
-3.217247459973556628e-02 1.336696302818076443e-01 -1.390774708206046761e-01
-1.822843843414139950e-02 7.763328896905791199e-02 -8.240111509728674510e-02
-7.007068368967231745e-03 3.265930379653104315e-02 -3.738295446375665410e-02
1.645755778374256373e-03 -1.941486891551138984e-03 -3.145166438705813451e-03
7.884154190469987861e-03 -2.685824475096527247e-02 2.119007145917269769e-02
1.186224704990704489e-02 -4.278013143748862074e-02 3.650058171118647499e-02
1.373415453927249487e-02 -5.039630860689839342e-02 4.366418679864305513e-02
1.365399684115342106e-02 -5.039593791497185005e-02 4.355870920285001557e-02
1.177589413813689111e-02 -4.346818101748615992e-02 3.706197140511488519e-02
8.253966612809977843e-03 -3.030219957021862420e-02 2.505179588674524144e-02
3.242334447759755850e-03 -1.158715522894641220e-02 8.406005129048627067e-03
-3.109128903501699303e-03 1.206864939960792908e-02 -1.219876808729424174e-02
-1.066753693413731788e-02 4.038034848329018212e-02 -3.689065122313224532e-02
-1.930424988157253621e-02 7.314393552817582966e-02 -6.599896215945276479e-02
-2.889062798323267789e-02 1.101554040403399382e-01 -9.985301877724286901e-02
-3.929803147654341994e-02 1.512107475258588629e-01 -1.387821389574906694e-01
-5.039782059893006816e-02 1.961059594908076409e-01 -1.831156405811832921e-01
-6.206135558781810529e-02 2.446370334412618641e-01 -2.331828415293082379e-01
-7.415999668063294470e-02 2.965999628832969859e-01 -2.893130596828528134e-01
-8.656510411480006217e-02 3.517907413229884872e-01 -3.518356129228045193e-01
-9.914803812774480862e-02 4.100053622664117658e-01 -4.210798191301506344e-01
-1.117991299686041662e-01 4.709580845051875575e-01 -4.969753013503973027e-01
-1.244845949333606150e-01 5.340362279731162287e-01 -5.778529032871241311e-01
-1.371896193297083011e-01 5.985453778895437615e-01 -6.616437738084297582e-01
-1.498993894653410930e-01 6.637911194738153053e-01 -7.462790617824122119e-01
-1.625990916479531367e-01 7.290790379452767311e-01 -8.296899160771700199e-01
-1.752739121852384119e-01 7.937147185232739099e-01 -9.098074855608014877e-01
-1.879090373848907314e-01 8.570037464271513805e-01 -9.845629191014042547e-01
-2.004896535546044911e-01 9.182517068762564572e-01 -1.051887365567078181e+00
-2.130009470020735596e-01 9.767641850899340117e-01 -1.109711973825920905e+00
-2.254281040349917498e-01 1.031846766287529249e+00 -1.155967892746030179e+00
-2.376201357038857653e-01 1.082829323365676943e+00 -1.189559466064911142e+00
-2.488813530046117550e-01 1.129138879756445668e+00 -1.213283810036863475e+00
-2.583798921628585044e-01 1.170226746482334379e+00 -1.230911232305184511e+00
-2.652838894043144102e-01 1.205544234565840922e+00 -1.246212040513170471e+00
-2.687614809546681749e-01 1.234542655029463365e+00 -1.262956542304118690e+00
-2.679808030396084173e-01 1.256673318895701108e+00 -1.284915045321325389e+00
-2.621099918848235344e-01 1.271387537187051553e+00 -1.315857857208087234e+00
-2.503171837160021451e-01 1.278136620926012990e+00 -1.359555285607700448e+00
-2.317705147588331460e-01 1.276371881135084152e+00 -1.419777638163461475e+00
-2.056381212390046842e-01 1.265544628836762886e+00 -1.500295222518668314e+00
-1.715358174856131956e-01 1.245307739023421512e+00 -1.603244754374798076e+00
-1.308701238373108089e-01 1.216120339683534723e+00 -1.724228605034733075e+00
-8.549523553412535781e-02 1.178643121333758037e+00 -1.857215565543855140e+00
-3.726534781608473179e-02 1.133536774490747412e+00 -1.996174426947545877e+00
1.196534407678304449e-02 1.081461989671158586e+00 -2.135073980291187112e+00
6.034264490445016837e-02 1.023079457391647296e+00 -2.267883016620160230e+00
1.060123594268887193e-01 9.590498681688688354e-01 -2.388570326979848168e+00
1.471202924040707072e-01 8.900339125194794976e-01 -2.491104702415631422e+00
1.818122485959682566e-01 8.166922809601344646e-01 -2.569454933972892263e+00
2.082340327625535059e-01 7.396856640074898070e-01 -2.617589812697012963e+00
2.250622876249460391e-01 6.597914737002136265e-01 -2.631456841737031649e+00
2.330970153425667435e-01 5.782540098347404012e-01 -2.614918400962365830e+00
2.336690598328466928e-01 4.964342945643780980e-01 -2.573815596498994385e+00
2.281092650132169886e-01 4.156933500424342953e-01 -2.513989534472894860e+00
2.177484748011084548e-01 3.373921984222161830e-01 -2.441281321010043470e+00
2.039175331139523595e-01 2.628918618570318944e-01 -2.361532062236418650e+00
1.879472838691795267e-01 1.935533625001887859e-01 -2.280582864277998389e+00
1.711685709842214187e-01 1.307377225049956848e-01 -2.204274833260760680e+00
1.549122383765083044e-01 7.580596402475738016e-02 -2.138449075310680847e+00
1.405091299634715352e-01 3.011910921278304967e-02 -2.088946696553736881e+00
1.289970679202562809e-01 -5.419487721101279125e-03 -2.059888286697511894e+00
1.202417748776673789e-01 -3.173716398207817452e-02 -2.048512295939051153e+00
1.138159454365919865e-01 -5.021893453940572821e-02 -2.050336621138332482e+00
1.092922741979171775e-01 -6.224981436234206661e-02 -2.060879159155332374e+00
1.062434557625300674e-01 -6.921481842014534647e-02 -2.075657806850029541e+00
1.042421847313177025e-01 -7.249896168207362046e-02 -2.090190461082400475e+00
1.028611557051671704e-01 -7.348725911738504535e-02 -2.099995018712421668e+00
1.016730632849655869e-01 -7.356472569533772932e-02 -2.100589376600071390e+00
1.002506020715999702e-01 -7.411637638518978055e-02 -2.087491431605325687e+00
9.816646666595743587e-02 -7.652722615619932112e-02 -2.056219080588162829e+00
9.509377978865710124e-02 -8.182147954476794161e-02 -2.003622399765976336e+00
9.110737663924589613e-02 -8.958009935587089856e-02 -1.931880182785826738e+00
8.638252053700265498e-02 -9.902323796162691705e-02 -1.844503402652189594e+00
8.109447480120644813e-02 -1.093710477341548193e-01 -1.745003032369542684e+00
7.541850275113609614e-02 -1.198436810455732748e-01 -1.636890044942362010e+00
6.952986770607057221e-02 -1.296612902680010504e-01 -1.523675413375125354e+00
6.360383298528882179e-02 -1.380440277735569543e-01 -1.408870110672308718e+00
5.781566190806974870e-02 -1.442120459343596839e-01 -1.295985109838389215e+00
5.234061779369229145e-02 -1.473854971225278809e-01 -1.188531383877843073e+00
4.735396396143536080e-02 -1.467845337101804370e-01 -1.090019905795147181e+00
4.300997929193331459e-02 -1.420278885414678616e-01 -1.003551365054569988e+00
3.937900581179164250e-02 -1.343285992435415965e-01 -9.305853345669105048e-01
3.651040155924371172e-02 -1.252982753630678125e-01 -8.721711125063956738e-01
3.445352457252267436e-02 -1.165485264467119586e-01 -8.293579970472486629e-01
3.325773288986190457e-02 -1.096909620411401637e-01 -8.031952863636965256e-01
3.297238454949469322e-02 -1.063371916930183347e-01 -7.947322786299655384e-01
3.364683758965431731e-02 -1.080988249490124342e-01 -8.050182720202808673e-01
3.533045004857408855e-02 -1.165874713557883968e-01 -8.351025647088690107e-01
3.807257996448727699e-02 -1.334147404600120601e-01 -8.860344548699552458e-01
4.192258537562719434e-02 -1.601922418083494282e-01 -9.588632406777655159e-01
4.687702537475891412e-02 -1.978941221768692471e-01 -1.053507334601057943e+00
5.272126402806828066e-02 -2.449446863782132056e-01 -1.165361622464139657e+00
5.918786683391906445e-02 -2.991307810138983947e-01 -1.288690112474546012e+00
6.600939929067503598e-02 -3.582392526854423775e-01 -1.417756812839812364e+00
7.291842689669997268e-02 -4.200569479943621065e-01 -1.546825731767474288e+00
7.964751515035763119e-02 -4.823707135421748116e-01 -1.670160877465066696e+00
8.592922955001176810e-02 -5.429673959303977782e-01 -1.782026258140124941e+00
9.149613559402618168e-02 -5.996338417605484583e-01 -1.876685882000185268e+00
9.608079878076461466e-02 -6.501568976341436379e-01 -1.948403757252781698e+00
9.941578460859086530e-02 -6.923234101527010464e-01 -1.991443892105450697e+00
1.013284661970189349e-01 -7.247927315814948201e-01 -2.001956744085130246e+00
1.020254485064000932e-01 -7.497142493221446991e-01 -1.983638594982290115e+00
1.018081447963552905e-01 -7.701098626806962555e-01 -1.942072189399789428e+00
1.009779683265055045e-01 -7.890014709631959500e-01 -1.882840271940487531e+00
9.983633235647151882e-02 -8.094109734756887997e-01 -1.811525587207242438e+00
9.868465014587435302e-02 -8.343602695242215983e-01 -1.733710879802913274e+00
9.782433495433491555e-02 -8.668712584148395850e-01 -1.654978894330358052e+00
9.755680004147407325e-02 -9.099658394535878880e-01 -1.580912375392437674e+00
9.818345866691279011e-02 -9.666659119465144112e-01 -1.517094067592006823e+00
1.000057240902719469e-01 -1.039993375199663728e+00 -1.469106715531926177e+00
1.032084809998111419e-01 -1.131581807476493173e+00 -1.440856245888831433e+00
1.075104947974537817e-01 -1.237511443289508684e+00 -1.429541241672859231e+00
1.125139998133032615e-01 -1.352474166318169413e+00 -1.430683431986927268e+00
1.178212303774629627e-01 -1.471161860241935182e+00 -1.439804545933954794e+00
1.230344208200362943e-01 -1.588266408740266478e+00 -1.452426312616859727e+00
1.277558054711265823e-01 -1.698479695492622232e+00 -1.464070461138560431e+00
1.315876186608371801e-01 -1.796493604178461378e+00 -1.470258720601974156e+00
1.341320947192715940e-01 -1.877000018477245069e+00 -1.466512820110020821e+00
1.349914679765330250e-01 -1.934690822068431126e+00 -1.448354488765617676e+00
1.337679727627249515e-01 -1.964257898631479815e+00 -1.411305455671682640e+00
1.302048212949756534e-01 -1.962147149442331706e+00 -1.352329453059603281e+00
1.246091373385129486e-01 -1.931820546162843266e+00 -1.274158225674636213e+00
1.174290225455895537e-01 -1.878494078051353045e+00 -1.180965521390507478e+00
1.091125785684583238e-01 -1.807383734366199368e+00 -1.076925088080943116e+00
1.001079070593718923e-01 -1.723705504365719454e+00 -9.662106736196691692e-01
9.086310967058308652e-02 -1.632675377308251186e+00 -8.529960258804111239e-01
8.182628805434463692e-02 -1.539509342452133556e+00 -7.414548927368950215e-01
7.344554386290928771e-02 -1.449423389055703559e+00 -6.357610220628464592e-01
6.616897874852978312e-02 -1.367633506377299080e+00 -5.400881617319915895e-01
6.044469436345886737e-02 -1.299355683675258000e+00 -4.586100596180557876e-01
5.658143600645946375e-02 -1.248512953946735893e+00 -3.944164008677527034e-01
5.433052954282886760e-02 -1.213856580631521576e+00 -3.462606662424210224e-01
5.330394747460542176e-02 -1.192844898651756358e+00 -3.118122970376009939e-01
5.311366230382744830e-02 -1.182936242929580217e+00 -2.887407345488304244e-01
5.337164653253329005e-02 -1.181588948387134463e+00 -2.747154200716497852e-01
5.368987266276128295e-02 -1.186261349946559074e+00 -2.674057949015984925e-01
5.368031319654976291e-02 -1.194411782529994914e+00 -2.644813003342158519e-01
5.295494063593703810e-02 -1.203498581059582628e+00 -2.636113776650413354e-01
5.112572748296149300e-02 -1.210980080457463304e+00 -2.624654681896144703e-01
4.780464623966142190e-02 -1.214314615645776918e+00 -2.587130132034746732e-01
4.276871324138901975e-02 -1.211755242378015351e+00 -2.505535586788316116e-01
3.645511779578530787e-02 -1.204733888364521111e+00 -2.383070617113821066e-01
2.946609186332383584e-02 -1.195477196462721547e+00 -2.228235802819025224e-01
2.240386740447819838e-02 -1.186211809530044237e+00 -2.049531723711693620e-01
1.587067637972200407e-02 -1.179164370423917196e+00 -1.855458959599591562e-01
1.046875074952892913e-02 -1.176561522001767557e+00 -1.654518090290487131e-01
6.800322474372252554e-03 -1.180629907121022448e+00 -1.455209695592132868e-01
5.467623514725874351e-03 -1.193596168639110333e+00 -1.266034355312310455e-01
7.072885831063305956e-03 -1.217686949413458342e+00 -1.095492649258767992e-01
1.221834138385794605e-02 -1.255128892301492716e+00 -9.520851572392854956e-02
2.111847223322154202e-02 -1.306990425584443782e+00 -8.409280901084684179e-02
3.243678302488396670e-02 -1.369707185511828129e+00 -7.536003765621189510e-02
4.444903959766942358e-02 -1.438556626893282342e+00 -6.782966731690615036e-02
5.543100779040012471e-02 -1.508816204538432126e+00 -6.032116364981356810e-02
6.365845344190018684e-02 -1.575763373256914512e+00 -5.165399231181669326e-02
6.740714239099220018e-02 -1.634675587858355650e+00 -4.064761895979961126e-02
6.495284047649969861e-02 -1.680830303152391902e+00 -2.612150925064454787e-02
5.457131353724613276e-02 -1.709504973948649864e+00 -6.895128841236088102e-03
3.453832741205380141e-02 -1.715977055056764344e+00 1.821205661154423616e-02
3.129647939747737251e-03 -1.695524001286366156e+00 5.038058145081091010e-02
-4.052108356533034444e-02 -1.645036800400049293e+00 9.018399722174466615e-02
-9.384874843067411709e-02 -1.567860525808892902e+00 1.357679416436195774e-01
-1.534303647801834314e-01 -1.468953760795319585e+00 1.846710783206746698e-01
-2.158429507377485623e-01 -1.353275088641768598e+00 2.344320708571407397e-01
-2.776635244272705472e-01 -1.225783092630659876e+00 2.825895828572573265e-01
-3.354691039726394042e-01 -1.091436356044435119e+00 3.266822779252553932e-01
-3.858367074977554489e-01 -9.551934621655115976e-01 3.642488196653737575e-01
-4.253433531265097267e-01 -8.220129942763325648e-01 3.928278716818441874e-01
-4.505660589828012763e-01 -6.968535356593159591e-01 4.099580975789045567e-01
-4.580818431905233634e-01 -5.846736695969027009e-01 4.131781609607882988e-01
-4.457415034099248552e-01 -4.889269882800399425e-01 4.009191955966162624e-01
-4.164909554466599828e-01 -4.070471195337687087e-01 3.751822159150448588e-01
-3.745498946427393561e-01 -3.349627000916637898e-01 3.388607065096193027e-01
-3.241380163401669234e-01 -2.686023666872857096e-01 2.948481519738788692e-01
-2.694750158809552376e-01 -2.038947560542078152e-01 2.460380369013699386e-01
-2.147805886071074977e-01 -1.367685049259913244e-01 1.953238458856311199e-01
-1.642744298606364228e-01 -6.315225003620955624e-02 1.455990635202093486e-01
-1.221762349835455314e-01 2.102537188157688197e-02 9.975717439864301150e-02
-9.270569931784630735e-02 1.198357240937933388e-01 6.069166311447866252e-02
-8.008251820554432299e-02 2.373501698668813442e-01 3.129601426125565994e-02
-8.714661323806882631e-02 3.756830311965200231e-01 1.366894704149108908e-02
-1.112187715287450140e-01 5.291204090038374996e-01 6.730096355084318367e-03
-1.482399867023528606e-01 6.899913349432936771e-01 8.604320341617475998e-03
-1.941512523836775306e-01 8.506248406693749375e-01 1.741647714067203617e-02
-2.448935621974969445e-01 1.003349957836540129e+00 3.129142489182875492e-02
-2.964079097685973774e-01 1.140495718099274969e+00 4.835402173467021059e-02
-3.446352887217565830e-01 1.254391153112041080e+00 6.672912580877643496e-02
-3.855166926817601980e-01 1.337365294529319737e+00 8.454159525373038109e-02
-4.149931152733872808e-01 1.381747174005578227e+00 9.991628820911199749e-02
-4.290055501214217748e-01 1.379865823195291830e+00 1.109780628145040082e-01
-4.247295716497409002e-01 1.327224155701731245e+00 1.162649592577107566e-01
-4.042791481223920735e-01 1.232020794535632735e+00 1.159677695620690563e-01
-3.710028639246664151e-01 1.105628335463332279e+00 1.106904796205414321e-01
-3.282493034418500488e-01 9.594193742511464285e-01 1.010370753260898258e-01
-2.793670510592361489e-01 8.047665066654151600e-01 8.761154257167760862e-02
-2.277046911621118663e-01 6.530423284724603539e-01 7.101786725026687508e-02
-1.766108081357639359e-01 5.156194354386023360e-01 5.186003525481918536e-02
-1.294339863654863088e-01 4.038704233301814162e-01 3.074203247829869479e-02
-8.952281023656397108e-02 3.291678879135153113e-01 8.267844813666044151e-03
-6.022586413428958341e-02 3.028844249549383916e-01 -1.495854184611432325e-02
-4.395097000121731684e-02 3.325942206313037275e-01 -3.834854718109243638e-02
-3.934295383944840657e-02 4.106780401067592901e-01 -6.137521228184843886e-02
-4.410590612339399669e-02 5.257183476278061152e-01 -8.352698337122643757e-02
-5.594391732746526597e-02 6.662976074409276972e-01 -1.042923066720664732e-01
-7.256107792607466300e-02 8.209982837926295129e-01 -1.231596284072123543e-01
-9.166147839363239513e-02 9.784028409293926698e-01 -1.396173947995044684e-01
-1.109492092045516604e-01 1.127093743097723921e+00 -1.531540520717863674e-01
-1.281283608332423329e-01 1.255653454544104486e+00 -1.632580464468987580e-01
-1.409030237541173403e-01 1.352664439515039119e+00 -1.694178241476846647e-01
-1.469772884415872782e-01 1.406709162257012924e+00 -1.711218313969854743e-01
-1.446905331650867599e-01 1.409586439733960139e+00 -1.680608862050008423e-01
-1.349232691984763588e-01 1.365960407759293505e+00 -1.607352879414776781e-01
-1.191912865228383772e-01 1.283711508853891292e+00 -1.498477048685884216e-01
-9.901037511925736556e-02 1.170720185538643987e+00 -1.361008052485072062e-01
-7.589632496881475177e-02 1.034866880334424977e+00 -1.201972573434059444e-01
-5.136492605259571770e-02 8.840320357621279657e-01 -1.028397294154592134e-01
-2.693196835168128189e-02 7.260960943426232328e-01 -8.473088972683855136e-02
-4.113241847156830916e-03 5.689394985968072582e-01 -6.657340653971875744e-02
1.557546347989655425e-02 4.204426910455492106e-01 -4.906994811627131414e-02
3.061835764839391724e-02 2.884861142097445708e-01 -3.292318271867091667e-02
3.990399333061944720e-02 1.793893711378512501e-01 -1.873370379738221667e-02
4.393829381232145642e-02 9.322870698865962091e-02 -6.693805556039518836e-03
4.363152503261418652e-02 2.851952744855327029e-02 3.106292613428908445e-03
3.989395293061224340e-02 -1.622276179609779059e-02 1.057637131909678306e-02
3.363584344543049665e-02 -4.248275505891357939e-02 1.562621116903625818e-02
2.576746251618305950e-02 -5.174504665352062938e-02 1.816559277132060585e-02
1.719907608198521093e-02 -4.549423089354220212e-02 1.810429673402243894e-02
8.840950081950798775e-03 -2.521490209260188187e-02 1.535210366521457329e-02
1.603350455195133237e-03 7.608345435674471191e-03 9.818794172970064099e-03
-3.603456859167766119e-03 5.149091737766557653e-02 1.414148865361279650e-03
-6.018510072383245584e-03 1.050508631852307140e-01 -9.700652994078151972e-03
-5.478068268779947084e-03 1.673168103088588377e-01 -2.235883032737692039e-02
-1.967696818875000475e-03 2.374200314328575590e-01 -3.514219980478931055e-02
4.527038906814805259e-03 3.144917992415459107e-01 -4.663257809657172376e-02
1.402057353777180770e-02 3.976633864192299361e-01 -5.541178187297852997e-02
2.652734170347975998e-02 4.860660656502299171e-01 -6.006162780426575754e-02
4.206177803342048271e-02 5.788311096188512028e-01 -5.916393256068845641e-02
6.063831715707822950e-02 6.750897910094142418e-01 -5.130051281250174594e-02
8.227139370393432571e-02 7.739733825062240502e-01 -3.505318522996174468e-02
1.069754423034735280e-01 8.746131567936022977e-01 -9.003766483322309111e-03
1.346199580133611295e-01 9.759329259656390754e-01 2.767901584568783699e-02
1.644946693104368252e-01 1.076026647884513521e+00 7.347875694590938478e-02
1.957443609529060657e-01 1.172780813886592721e+00 1.262921243028086171e-01
2.275138176989797978e-01 1.264081915308262527e+00 1.840157854018605044e-01
2.589478243068631391e-01 1.347816443485890359e+00 2.445464077285302851e-01
2.891911655347657595e-01 1.421870889755856959e+00 3.057806587682909139e-01
3.173886261408969123e-01 1.484131745454541962e+00 3.656152060066154008e-01
3.426849908834622704e-01 1.532485501918315673e+00 4.219467169289689013e-01
3.642250445206721698e-01 1.564818650483559059e+00 4.726718590208267012e-01
3.811535718107326165e-01 1.579017682486645313e+00 5.156872997676544834e-01
3.928704242324034812e-01 1.573782928583215002e+00 5.494061963965807260e-01
3.997957055517114555e-01 1.551070030138032685e+00 5.743076355477751971e-01
4.026045789578224232e-01 1.513648444551328076e+00 5.913871788263889151e-01
4.019722076399010469e-01 1.464287629223333553e+00 6.016403878375681247e-01
3.985737547871121556e-01 1.405757041554276610e+00 6.060628241864625121e-01
3.930843835886212445e-01 1.340826138944391843e+00 6.056500494782198762e-01
3.861792572335927543e-01 1.272264378793905415e+00 6.013976253179889042e-01
3.785335389111922910e-01 1.202841218503052811e+00 5.943011133109181721e-01
3.708223918105844064e-01 1.135326115472059305e+00 5.853560750621554787e-01
3.637209791209344845e-01 1.072488527101160827e+00 5.755580721768501773e-01
3.576892554870638730e-01 1.016381289700480473e+00 5.656365356838202185e-01
3.523263475335656758e-01 9.661907757223642257e-01 5.552563819205988960e-01
3.470161764192497555e-01 9.203867467803182878e-01 5.438164004553885933e-01
3.411426633029268074e-01 8.774389644878594074e-01 5.307153808563946917e-01
3.340897293434068049e-01 8.358171904584954515e-01 5.153521126918199080e-01
3.252412956995005544e-01 7.939911863057418362e-01 4.971253855298693458e-01
3.139812835300174743e-01 7.504307136431065395e-01 4.754339889387451112e-01
2.996936139937689814e-01 7.036055340841054218e-01 4.496767124866533627e-01
2.817622082495641056e-01 6.519854092422460168e-01 4.192523457417955957e-01
2.595709874562148189e-01 5.940401007310448511e-01 3.835596782723783571e-01
2.328399272982465129e-01 5.289197865910723051e-01 3.424003712108757980e-01
2.026332215630483047e-01 4.584963105711408193e-01 2.971875719468465848e-01
1.703511185637292535e-01 3.853219328471333416e-01 2.497372994341273689e-01
1.373938666133929232e-01 3.119489135949199410e-01 2.018655726265461414e-01
1.051617140251485394e-01 2.409295129903836485e-01 1.553884104779395259e-01
7.505490911209974914e-02 1.748159912093948110e-01 1.121218319421359855e-01
4.847370018735567415e-02 1.161606084278359180e-01 7.388185597297169949e-02
2.681833556402031873e-02 6.751562482157838496e-02 4.248450152427562382e-02
1.148906355520196154e-02 3.143330056650290444e-02 1.974578754988289692e-02
3.886132474005765669e-03 1.046589583848310523e-02 7.481733003624063683e-03
4.900320542811692839e-03 6.250934610548387546e-03 6.852591146857644859e-03
1.338451104498262524e-02 1.676696987342373227e-02 1.639553370936773502e-02
2.768210988507342415e-02 3.907780532948489788e-02 3.399195734759224291e-02
4.613652296764079314e-02 7.024724468111019637e-02 5.752325871797139833e-02
6.709115619723864110e-02 1.073390916306736220e-01 8.487083447694189486e-02
8.888941547842432733e-02 1.474171498805547098e-01 1.139160812809447698e-01
1.098747067157515439e-01 1.875452231331267705e-01 1.425403957864163351e-01
1.283904358137774870e-01 2.247871150907695126e-01 1.686251746497976212e-01
1.427800086770562027e-01 2.562066294558564827e-01 1.900518145275252591e-01
1.513868312101444014e-01 2.788675699307668898e-01 2.047017120760397102e-01
1.531570227775528314e-01 2.907211685415685976e-01 2.111527679180807415e-01
1.494475910714042899e-01 2.932684213885254909e-01 2.107689383961608987e-01
1.422182744877948379e-01 2.888977782854845189e-01 2.056107037465178256e-01
1.334288114228195099e-01 2.799976890462925749e-01 1.977385442053886666e-01
1.250389402725747279e-01 2.689566034847976628e-01 1.892129400090116487e-01
1.190083994331557482e-01 2.581629714148466204e-01 1.820943713936238884e-01
1.172969273006580215e-01 2.500052426502862302e-01 1.784433185954628631e-01
1.218642622711774287e-01 2.468718670049644404e-01 1.803202618507663835e-01
1.346701427408101281e-01 2.511512942927283665e-01 1.897856813957723432e-01
1.576743071056505574e-01 2.652319743274246799e-01 2.089000574667173038e-01
1.921095695847485352e-01 2.906408604719837863e-01 2.389380970788572423e-01
2.363010892835943899e-01 3.254589695805288341e-01 2.780314593254924471e-01
2.878471219278075366e-01 3.669058467035288262e-01 3.235260525597765113e-01
3.443459232429987305e-01 4.122010368914457712e-01 3.727677851348554228e-01
4.033957489547883579e-01 4.585640851947491714e-01 4.231025654038835793e-01
4.625948547887865914e-01 5.032145366639010353e-01 4.718763017200066634e-01
5.195414964706142058e-01 5.433719363493708654e-01 5.164349024363790175e-01
5.718339297258815401e-01 5.762558293016211142e-01 5.541242759061467682e-01
6.170704102802085922e-01 5.990857605711201739e-01 5.822903304824634807e-01
6.528491938592068111e-01 6.090812752083317738e-01 5.982789745184765584e-01
6.774691894640751944e-01 6.043440119341623173e-01 6.002481581418622758e-01
6.920318991525502561e-01 5.865039589144637189e-01 5.896039753457761323e-01
6.983394682350985150e-01 5.580731853671644371e-01 5.685645502816296659e-01
6.981940420221849353e-01 5.215637605101979268e-01 5.393480071008377452e-01
6.933977658242748143e-01 4.794877535614906483e-01 5.041724699548104649e-01
6.857527849518337826e-01 4.343572337389768334e-01 4.652560629949634152e-01
6.770612447153264712e-01 3.886842702605827204e-01 4.248169103727059692e-01
6.691252904252191769e-01 3.449809323442427633e-01 3.850731362394545498e-01
6.637470673919763087e-01 3.057592892078832003e-01 3.482428647466181970e-01
6.627287209260639411e-01 2.735314100694378192e-01 3.165442200456128896e-01
6.674509179292698047e-01 2.501858202165108125e-01 2.916616135880238381e-01
6.776084116686754699e-01 2.351168692154115003e-01 2.731446060261352171e-01
6.924744770026844964e-01 2.270953627021269072e-01 2.600090453124079826e-01
7.113223887897023312e-01 2.248921063126420872e-01 2.512707793993000926e-01
7.334254218881309795e-01 2.272779056829428990e-01 2.459456562392713930e-01
7.580568511563769984e-01 2.330235664490151459e-01 2.430495237847807577e-01
7.844899514528422824e-01 2.408998942468441873e-01 2.415982299882876994e-01
8.119979976359333884e-01 2.496776947124162427e-01 2.406076228022511199e-01
8.398542645640514337e-01 2.581277734817162828e-01 2.390935501791303652e-01
8.673320270956036415e-01 2.650209361907307493e-01 2.360718600713845317e-01
8.937841448535327471e-01 2.693893269532785517e-01 2.307878673002335679e-01
9.188818187958979200e-01 2.713104512714958338e-01 2.234047607270619740e-01
9.423758357837722643e-01 2.711231568638555189e-01 2.143151993645891762e-01
9.640169826782335472e-01 2.691662914488309188e-01 2.039118422255333241e-01
9.835560463403553166e-01 2.657787027448951789e-01 1.925873483226141492e-01
1.000743813631214119e+00 2.612992384705213889e-01 1.807343766685494679e-01
1.015331071411884611e+00 2.560667463441830827e-01 1.687455862760591230e-01
1.027068606543442897e+00 2.504200740843527950e-01 1.570136361578608752e-01
1.035707205886963855e+00 2.446980694095045317e-01 1.459311853266747061e-01
1.040997656303523478e+00 2.392395800381107718e-01 1.358908927952184043e-01
1.043070253599591268e+00 2.343548129185631657e-01 1.271845245483928799e-01
1.043573351079047251e+00 2.302394102800746079e-01 1.197002686866355525e-01
1.044534821849159689e+00 2.270603727623459467e-01 1.132254173959525573e-01
1.047982539017196846e+00 2.249847010050775031e-01 1.075472628623486832e-01
1.055944375690426096e+00 2.241793956479699035e-01 1.024530972718298710e-01
1.070448204976115036e+00 2.248114573307235797e-01 9.773021281040127073e-02
1.093521899981531931e+00 2.270478866930389361e-01 9.316590166406833740e-02
1.127193333813948151e+00 2.310556843746171263e-01 8.854745601883608208e-02
1.173490379580625742e+00 2.370018510151578051e-01 8.366216806071075096e-02
1.234440910388834967e+00 2.450533872543617653e-01 7.829732997569734121e-02
1.310801704053101036e+00 2.552106890029192665e-01 7.230188709652328460e-02
1.398245229949123924e+00 2.668077427886107467e-01 6.577139381500746174e-02
1.491172898525644719e+00 2.790119351767351152e-01 5.886305590580694080e-02
1.583986120231427153e+00 2.909906527325933911e-01 5.173407914357718018e-02
1.671086305515228521e+00 3.019112820214865933e-01 4.454166930297416560e-02
1.746874864825811002e+00 3.109412096087156296e-01 3.744303215865320972e-02
1.805753208611918348e+00 3.172478220595796872e-01 3.059537348527159931e-02
1.842122747322314513e+00 3.199985059393801179e-01 2.415589905748467478e-02
1.850384891405756571e+00 3.183606478134174966e-01 1.828181464994839411e-02
1.824941051310996931e+00 3.115016342469915100e-01 1.313032603731831803e-02
1.762565199305072383e+00 2.989486880935315338e-01 8.806323709086133142e-03
1.669521147659628779e+00 2.816683155903077496e-01 5.205445994402411493e-03
1.554445066834710953e+00 2.609868283790473531e-01 2.171020427317254999e-03
1.425973127290353526e+00 2.382305381014755974e-01 -4.536254581194564678e-04
1.292741499486625978e+00 2.147257563993237306e-01 -2.825164127857165627e-03
1.163386353883562707e+00 1.917987949143170057e-01 -5.100268047846022099e-03
1.046543860941209880e+00 1.707759652881826462e-01 -7.435609684035921797e-03
9.508501911196058920e-01 1.529835791626464603e-01 -9.987861502377008704e-03
8.849415148788141172e-01 1.397479481794388356e-01 -1.291369596881873291e-02
8.574540026788708413e-01 1.323953839802852750e-01 -1.636978554931121238e-02
8.742685507017302626e-01 1.318231952210454638e-01 -2.046809230377760053e-02
9.302449580169808163e-01 1.372126786141093790e-01 -2.514173666803405302e-02
1.017487749416127185e+00 1.473161278860004031e-01 -3.027912867187044013e-02
1.128101449690650737e+00 1.608858367632391151e-01 -3.576867834507526517e-02
1.254190583632054157e+00 1.766740989723487032e-01 -4.149879571743837758e-02
1.387859676031833800e+00 1.934332082398514951e-01 -4.735789081874916540e-02
1.521213251681497791e+00 2.099154582922714285e-01 -5.323437367879756826e-02
1.646355835372518506e+00 2.248731428561278056e-01 -5.901665432737195072e-02
1.755391951896404956e+00 2.370585556579446196e-01 -6.459314279426223160e-02
1.840426126044652833e+00 2.452239904242442259e-01 -6.985224910925781627e-02
1.895575814003117809e+00 2.484533956506302099e-01 -7.470405368001531432e-02
1.923010543085054147e+00 2.471573958425657136e-01 -7.914532214570381419e-02
1.926912944776789205e+00 2.420782987419748122e-01 -8.319449238342380148e-02
1.911465650564643903e+00 2.339584120907813036e-01 -8.687000227027535937e-02
1.880851291934937164e+00 2.235400436309076533e-01 -9.019028968335872365e-02
1.839252500373995014e+00 2.115655011042793798e-01 -9.317379249977336686e-02
1.790851907368137264e+00 1.987770922528193374e-01 -9.583894859661964971e-02
1.739832144403684389e+00 1.859171248184511294e-01 -9.820419585099755821e-02
1.690375842966954645e+00 1.737279065430973046e-01 -1.002879721400073421e-01
1.646665634544277612e+00 1.629517451686837703e-01 -1.021087153407486264e-01
1.612194677702676548e+00 1.541608377694304866e-01 -1.037103449158572610e-01
1.587698199879766570e+00 1.472469290148687160e-01 -1.052387081281901116e-01
1.573221935867606724e+00 1.419316480398519209e-01 -1.068651345551840798e-01
1.568811620458260503e+00 1.379366239792348403e-01 -1.087609537742757482e-01
1.574512988443787398e+00 1.349834859678709365e-01 -1.110974953629021711e-01
1.590371774616247347e+00 1.327938631406139491e-01 -1.140460888985001253e-01
1.616433713767701175e+00 1.310893846323179512e-01 -1.177780639585065264e-01
1.652744540690212594e+00 1.295916795778365160e-01 -1.224647501203586092e-01
1.699349990175836655e+00 1.280223771120238552e-01 -1.282774769614924426e-01
1.756295797016636184e+00 1.261031063697337362e-01 -1.353875740593452615e-01
1.823107975105619394e+00 1.236063727280251462e-01 -1.438802603032211802e-01
1.897233684478046856e+00 1.205081836216364277e-01 -1.534963167571520848e-01
1.975600379139229368e+00 1.168354212719516921e-01 -1.638904162606459047e-01
2.055135513094494826e+00 1.126149679003542875e-01 -1.747172316532129566e-01
2.132766540349166906e+00 1.078737057282278672e-01 -1.856314357743628907e-01
2.205420914908574836e+00 1.026385169769554739e-01 -1.962877014636061901e-01
2.270026090778027861e+00 9.693628386792169094e-02 -2.063407015604506178e-01
2.323509521962857871e+00 9.079388862250969972e-02 -2.154451089044067125e-01
2.362798662468385213e+00 8.423821346210307037e-02 -2.232555963349839301e-01
2.384820966299935119e+00 7.729614060808474851e-02 -2.294268366916925039e-01
2.387594344503441324e+00 7.000264892601787414e-02 -2.337309719267846031e-01
2.373498349101961225e+00 6.242510246832541632e-02 -2.364100002790124611e-01
2.346002895568502833e+00 5.463896123669855637e-02 -2.378233790178492790e-01
2.308577899376070608e+00 4.671968523282774011e-02 -2.383305654127683415e-01
2.264693275997677890e+00 3.874273445840552277e-02 -2.382910167332427664e-01
2.217818940906330472e+00 3.078356891512233628e-02 -2.380641902487457551e-01
2.171424809575035475e+00 2.291764860466935158e-02 -2.380095432287506474e-01
2.128980797476797804e+00 1.522043352873704222e-02 -2.384865329427307001e-01
2.093956820084631687e+00 7.767383689017922678e-03 -2.398546166601590035e-01
2.069822792871541584e+00 6.339590872024465640e-04 -2.424732516505088697e-01
2.059031818670215230e+00 -6.123948935455739498e-03 -2.465952734354224518e-01
2.059969749752062818e+00 -1.252872367945302538e-02 -2.520470305452181536e-01
2.070005625748175593e+00 -1.862231710572384569e-02 -2.585482497623839415e-01
2.086508486289642583e+00 -2.444668117520102518e-02 -2.658186578694060054e-01
2.106847371007554592e+00 -3.004376784881902102e-02 -2.735779816487722282e-01
2.128391319533001980e+00 -3.545552908751171961e-02 -2.815459478829699380e-01
2.148509371497076437e+00 -4.072391685221349311e-02 -2.894422833544872953e-01
2.164570566530864770e+00 -4.589088310385731895e-02 -2.969867148458100736e-01
2.173943944265460004e+00 -5.099837980337756926e-02 -3.038989691394265447e-01
2.173998544331951610e+00 -5.608835891170812354e-02 -3.098987730178238698e-01
2.162612039781145690e+00 -6.117330515328412571e-02 -3.147314201351822938e-01
2.139696724657306870e+00 -6.614782924804749054e-02 -3.182444760213885560e-01
2.105673570082644108e+00 -7.087707215014051043e-02 -3.203110752725393806e-01
2.060963547179366362e+00 -7.522617481370505454e-02 -3.208043524847313810e-01
2.005987627069679480e+00 -7.906027819288330427e-02 -3.195974422540606152e-01
1.941166780875801301e+00 -8.224452324181637242e-02 -3.165634791766236966e-01
1.866921979719937452e+00 -8.464405091464652364e-02 -3.115755978485169053e-01
1.783674194724297557e+00 -8.612400216551559240e-02 -3.045069328658366881e-01
1.691844397011082135e+00 -8.654951794856541314e-02 -2.952306188246784924e-01
1.591853557702517907e+00 -8.578573921793777868e-02 -2.836197903211403193e-01
1.484569387238665161e+00 -8.376473673422984989e-02 -2.696784916540247989e-01
1.372646578893842451e+00 -8.068630431364137712e-02 -2.539344134237300765e-01
1.259186578041714411e+00 -7.681716749373146413e-02 -2.370461596787697967e-01
1.147290830055976096e+00 -7.242405181206028331e-02 -2.196723344676623224e-01
1.040060780310291477e+00 -6.777368280618707719e-02 -2.024715418389214927e-01
9.405978741783361796e-01 -6.313278601367126874e-02 -1.861023858410624787e-01
8.520035570337842756e-01 -5.876808697207237808e-02 -1.712234705226006459e-01
7.773792742503046194e-01 -5.494631121894956449e-02 -1.584933999320502496e-01
7.198264712015852718e-01 -5.193418429186302115e-02 -1.485707781179287923e-01
6.824465932612937547e-01 -4.999843172837188654e-02 -1.421142091287503351e-01
6.674094595140979136e-01 -4.936226050067039212e-02 -1.396438505996814572e-01
6.731584371963428293e-01 -5.007480580962642147e-02 -1.411260824344046649e-01
6.972052939090250812e-01 -5.214168553580075804e-02 -1.463888420841802374e-01
7.370617972531418038e-01 -5.556851755975423385e-02 -1.552600670002685646e-01
7.902397148296906870e-01 -6.036091976204773640e-02 -1.675676946339302031e-01
8.542508142396754156e-01 -6.652451002324272222e-02 -1.831396624364271253e-01
9.266068630840821330e-01 -7.406490622389896861e-02 -2.018039078590171398e-01
1.004819628963913969e+00 -8.298772624457784186e-02 -2.233883683529619413e-01
1.086400879480168058e+00 -9.329858796584020175e-02 -2.477209813695220308e-01
1.168862382233849750e+00 -1.050031092682479905e-01 -2.746296843599604354e-01
1.249837465410005732e+00 -1.180341908327351280e-01 -3.038201717598170704e-01
1.327445678663152995e+00 -1.320338770242056592e-01 -3.345091869257302286e-01
1.399928121798684089e+00 -1.465715012490372282e-01 -3.657912406903721103e-01
1.465525894621998004e+00 -1.612163969136088115e-01 -3.967608438864176912e-01
1.522480096938475524e+00 -1.755378974242954859e-01 -4.265125073465335648e-01
1.569031828553515640e+00 -1.891053361874761307e-01 -4.541407419033947623e-01
1.603422189272510900e+00 -2.014880466095284040e-01 -4.787400583896734285e-01
1.623892278900855635e+00 -2.122553620968309906e-01 -4.994049676380435954e-01
1.628683197243939285e+00 -2.209766160557594117e-01 -5.152299804811734107e-01
1.616036044107156400e+00 -2.272211418926924908e-01 -5.253096077517374063e-01
1.584815123517352875e+00 -2.306504584508248801e-01 -5.289520898811765903e-01
1.536377556387184429e+00 -2.312948263206192900e-01 -5.263205856960080364e-01
1.472703667850752351e+00 -2.292766915293550367e-01 -5.177919836215163496e-01
1.395773783042177252e+00 -2.247185001043124075e-01 -5.037431720829891324e-01
1.307568227095561308e+00 -2.177426980727708850e-01 -4.845510395057118225e-01
1.210067325145013140e+00 -2.084717314620102846e-01 -4.605924743149700795e-01
1.105251402324631593e+00 -1.970280462993091730e-01 -4.322443649360471207e-01
9.951007837685437174e-01 -1.835340886119493087e-01 -3.998835997942340459e-01
8.815957946108480270e-01 -1.681123044272095357e-01 -3.638870673148142387e-01
7.667167599856528071e-01 -1.508851397723695031e-01 -3.246316559230735810e-01
6.525085596630181284e-01 -1.320763717030601081e-01 -2.826751565024820390e-01
5.412743030386557574e-01 -1.123151187833262427e-01 -2.392990008239043731e-01
4.353816596852147502e-01 -9.233183930324563582e-02 -1.959655386440307956e-01
3.371982991753547099e-01 -7.285699155289787621e-02 -1.541371197195552933e-01
2.490918910817281340e-01 -5.462103382236089405e-02 -1.152760938071686059e-01
1.734301049770100023e-01 -3.835442440171745598e-02 -8.084481066357158963e-02
1.125806104338517299e-01 -2.478762158104536387e-02 -5.230562004545465798e-02
6.891107702491267029e-02 -1.465108365042410571e-02 -3.112087170951163134e-02
4.478917432285145495e-02 -8.675268899932888494e-03 -1.875291541243596233e-02
4.258257190033179485e-02 -7.590635619652268823e-03 -1.666410091092380974e-02
6.358291741670585306e-02 -1.185397873497791993e-02 -2.575371499892831206e-02
1.047777093072032317e-01 -2.082742405331850649e-02 -4.466876040049533314e-02
1.620783933080803818e-01 -3.359942618771719763e-02 -7.149316076734305025e-02
2.313964151555780169e-01 -4.925843975121357854e-02 -1.043108397511822300e-01
3.086432205859514499e-01 -6.689291935685054424e-02 -1.412057210037304111e-01
3.897302553354514698e-01 -8.559131961766995589e-02 -1.802617281767031898e-01
4.705689651403293094e-01 -1.044420951467138065e-01 -2.195627849218161343e-01
5.470707957368421415e-01 -1.225337005570254489e-01 -2.571928148907879907e-01
6.151471928612272100e-01 -1.389545904616436012e-01 -2.912357417353275690e-01
6.707096022497424093e-01 -1.527932194736117688e-01 -3.197754891071538097e-01
7.105507257590472081e-01 -1.633236395021331055e-01 -3.412894590338148570e-01
7.349882393019168125e-01 -1.705622810211699647e-01 -3.558289445313386756e-01
7.452210496989505328e-01 -1.747111664909388462e-01 -3.638387057342364894e-01
7.424480637707540076e-01 -1.759723183716583039e-01 -3.657635027770236857e-01
7.278681883379308770e-01 -1.745477591235461978e-01 -3.620480957942142641e-01
7.026803302210813396e-01 -1.706395112068198050e-01 -3.531372449203211139e-01
6.680833962408132543e-01 -1.644495970816976516e-01 -3.394757102898595669e-01
6.252762932177284849e-01 -1.561800392083973477e-01 -3.215082520373432340e-01
5.754579279724295615e-01 -1.460328600471366145e-01 -2.996796302972856707e-01
5.198272073255147951e-01 -1.342100820581321463e-01 -2.744346052041984341e-01
4.598423150874120791e-01 -1.209929739219149925e-01 -2.463806111053067904e-01
3.979984985209023551e-01 -1.069797755970339492e-01 -2.167757512743756221e-01
3.370502596256186312e-01 -9.284796646088420979e-02 -1.870407892360383406e-01
2.797521004011889190e-01 -7.927502589085982931e-02 -1.585964885149258874e-01
2.288585228472562738e-01 -6.693843326435840180e-02 -1.328636126356767255e-01
1.871240289634482912e-01 -5.651566795877382282e-02 -1.112629251229216160e-01
1.573031207493978956e-01 -4.868420935150130635e-02 -9.521518950129390091e-02
1.421503002047372899e-01 -4.412153681993577492e-02 -8.614116929542647849e-02
1.444200693291021187e-01 -4.350512974147321965e-02 -8.546162802995437013e-02
1.668669301221232526e-01 -4.751246749350829246e-02 -9.459732922950980782e-02
2.108974966008118068e-01 -5.652336689913125406e-02 -1.143227274011699851e-01
2.725268308516918259e-01 -6.972699456421285746e-02 -1.428270409817874176e-01
3.464221069786725948e-01 -8.601485454032055389e-02 -1.776531793906617473e-01
4.272504990856431095e-01 -1.042784508790172288e-01 -2.163440520470831241e-01
5.096791812765119056e-01 -1.234092876318701182e-01 -2.564425683703507319e-01
5.883753276551810796e-01 -1.422988688504450705e-01 -2.954916377797608407e-01
6.580061123255588340e-01 -1.598386985863094190e-01 -3.310341696946128009e-01
7.132387093915347753e-01 -1.749202808910259033e-01 -3.606130735341965265e-01
7.487402929570177168e-01 -1.864351198161619816e-01 -3.817712587178118122e-01
7.591780371259104765e-01 -1.932747194132835578e-01 -3.920516346647550110e-01
7.411758240527169805e-01 -1.946432345394134844e-01 -3.897739328376626511e-01
6.991847039927739926e-01 -1.909954769446227385e-01 -3.763653062257396043e-01
6.396126032048264909e-01 -1.830989360206254080e-01 -3.540297965395637902e-01
5.688674479476190093e-01 -1.717211011591354419e-01 -3.249714454897132399e-01
4.933571644798900313e-01 -1.576294617518651797e-01 -2.913942947867622646e-01
4.194896790603981351e-01 -1.415915071905311240e-01 -2.555023861412946129e-01
3.536729179478819152e-01 -1.243747268668458639e-01 -2.194997612638852624e-01
3.023148074010859054e-01 -1.067466101725232097e-01 -1.855904618651118554e-01
2.718232736787540849e-01 -8.947464649927559799e-02 -1.559785296555496747e-01
2.686062430396368717e-01 -7.332632523881990605e-02 -1.328680063457818306e-01
2.971316995791027371e-01 -5.901087158613235739e-02 -1.179171870944413364e-01
3.541077477338575030e-01 -4.700445061531872276e-02 -1.106013496243056365e-01
4.343024942742577665e-01 -3.772496153677212805e-02 -1.098500094920531189e-01
5.324840459706376983e-01 -3.159030356088807917e-02 -1.145926822543620743e-01
6.434205095933522855e-01 -2.901837589805945222e-02 -1.237588834679103494e-01
7.618799919127496878e-01 -3.042707775868009820e-02 -1.362781286893762211e-01
8.826305996991792302e-01 -3.623430835314381954e-02 -1.510799334754378553e-01
1.000440439722999564e+00 -4.685796689184563296e-02 -1.670938133827749306e-01
1.110077618754537587e+00 -6.271595258517750904e-02 -1.832492839680627261e-01
1.206310243564153506e+00 -8.422616464353399612e-02 -1.984758607879809067e-01
1.285006734724165600e+00 -1.114894248801027860e-01 -2.118897458685927160e-01
1.346436705054770755e+00 -1.433382636624344064e-01 -2.233538764312934521e-01
1.391970049698339817e+00 -1.782881430323919325e-01 -2.329178708257942099e-01
1.422976663797259844e+00 -2.148545250318465161e-01 -2.406313474018092480e-01
1.440826442493914117e+00 -2.515528717026670469e-01 -2.465439245090516873e-01
1.446889280930683475e+00 -2.868986450867251903e-01 -2.507052204972348708e-01
1.442535074249949423e+00 -3.194073072258832302e-01 -2.531648537160713364e-01
1.429133717594094799e+00 -3.475943201620133594e-01 -2.539724425152745657e-01
1.408055106105500887e+00 -3.699751459369840512e-01 -2.531776052445576797e-01
1.380669134926547637e+00 -3.850652465926650558e-01 -2.508299602536335771e-01
1.348419954761428619e+00 -3.918975647261117579e-01 -2.470316763640773849e-01
1.313048725815020745e+00 -3.915748763256227116e-01 -2.420951152642178417e-01
1.276370857480879639e+00 -3.857173935208778048e-01 -2.363851846039956850e-01
1.240201759152555372e+00 -3.759453284415563146e-01 -2.302667920333512641e-01
1.206356840223610005e+00 -3.638788932173396828e-01 -2.241048452022263993e-01
1.176651510087593611e+00 -3.511382999779074088e-01 -2.182642517605614951e-01
1.152901178138061367e+00 -3.393437608529393801e-01 -2.131099193582972617e-01
1.136921253768566453e+00 -3.301154879721149848e-01 -2.090067556453743258e-01
1.130527146372665825e+00 -3.250736934651158316e-01 -2.063196682717341190e-01
1.135534265343912441e+00 -3.258385894616210310e-01 -2.054135648873171571e-01
1.152861821376810703e+00 -3.334835621935942629e-01 -2.064967572163875498e-01
1.179844230369665015e+00 -3.468946943021346541e-01 -2.091511732805030055e-01
1.212919709521732115e+00 -3.644112425306265113e-01 -2.128021451755447158e-01
1.248526476032260302e+00 -3.843724636224497559e-01 -2.168750049973931227e-01
1.283102747100507202e+00 -4.051176143209883618e-01 -2.207950848419293899e-01
1.313086739925725999e+00 -4.249859513696250812e-01 -2.239877168050345424e-01
1.334916671707173208e+00 -4.423167315117443876e-01 -2.258782329825896884e-01
1.345030759644098906e+00 -4.554492114907256473e-01 -2.258919654704753532e-01
1.339867220935759162e+00 -4.627226480499535555e-01 -2.234542463645728672e-01
1.315864272781408273e+00 -4.624762979328108092e-01 -2.179904077607631163e-01
1.270678675080711528e+00 -4.535608977850111856e-01 -2.091264505947179053e-01
1.206841567716216979e+00 -4.368731916648290192e-01 -1.972910856091072140e-01
1.128102737863724503e+00 -4.138214474354245942e-01 -1.831137096106742190e-01
1.038211972699037089e+00 -3.858139329599592493e-01 -1.672237194061629850e-01
9.409190593979489536e-01 -3.542589161015906596e-01 -1.502505118023158281e-01
8.399737851362806262e-01 -3.205646647234854929e-01 -1.328234836058797275e-01
7.391259370898271008e-01 -2.861394466888022570e-01 -1.155720316235972212e-01
6.421253024343908100e-01 -2.523915298607016244e-01 -9.912555266221215189e-02
5.527216683457681912e-01 -2.207291821023421308e-01 -8.411344352846723826e-02
4.746648219997779972e-01 -1.925606712768903050e-01 -7.116510102910912627e-02
4.109773766984643473e-01 -1.690574960731855703e-01 -6.077695966059548649e-02
3.617732086393580238e-01 -1.504440649346584502e-01 -5.291359707002733781e-02
3.264389993413275293e-01 -1.367080103563025617e-01 -4.740662479008385388e-02
3.043614303232500262e-01 -1.278369648331149078e-01 -4.408765435344555450e-02
2.949271831039930736e-01 -1.238185608600886334e-01 -4.278829729279143290e-02
2.975229392024275055e-01 -1.246404309322184101e-01 -4.334016514080101662e-02
3.115353801374246556e-01 -1.302902075444988261e-01 -4.557486943015390257e-02
3.363511874278581892e-01 -1.407555231919255800e-01 -4.932402169353002075e-02
3.713570425925946661e-01 -1.560240103694914282e-01 -5.441923346360826724e-02
4.159396271505070297e-01 -1.760833015721917083e-01 -6.069211627306847490e-02
4.692762505846899135e-01 -2.007947264120090169e-01 -6.795659239803064633e-02
5.297067462154163575e-01 -2.295144101959378513e-01 -7.595582810055749590e-02
5.953615813172632443e-01 -2.614721789614556924e-01 -8.441530089223647781e-02
6.643712231648224442e-01 -2.958978587460473486e-01 -9.306048828465711409e-02
7.348661390326818310e-01 -3.320212755871955190e-01 -1.016168677894083022e-01
8.049767961954344964e-01 -3.690722555223859835e-01 -1.098099169180795920e-01
8.728336619276556574e-01 -4.062806245890946966e-01 -1.173651131822584376e-01
9.365672035039390719e-01 -4.428762088248076045e-01 -1.240079340935344304e-01
9.943078881988715034e-01 -4.780888342670071012e-01 -1.294638571634964264e-01
1.044186183287044933e+00 -5.111483269531786888e-01 -1.334583599037336143e-01
1.084630563846027851e+00 -5.413245738807067609e-01 -1.357831984901733680e-01
1.115261485010030418e+00 -5.680476990098439760e-01 -1.364952323788584942e-01
1.135997384139132427e+00 -5.907878838224359663e-01 -1.357175940016713267e-01
1.146756698593413004e+00 -6.090153098003290300e-01 -1.335734157904940600e-01
1.147457865732949278e+00 -6.222001584253655793e-01 -1.301858301772093884e-01
1.138019322917821707e+00 -6.298126111793928006e-01 -1.256779695936995345e-01
1.118359507508108752e+00 -6.313228495442555488e-01 -1.201729664718468732e-01
1.088396856863886875e+00 -6.262010550017989008e-01 -1.137939532435331691e-01
1.048049808345240086e+00 -6.139174090338688217e-01 -1.066640623406418936e-01
9.972367993122449592e-01 -5.939420931223106104e-01 -9.890642619505488065e-02
9.363069121764119318e-01 -5.661053929692141384e-01 -9.065735525183181431e-02
8.673318095549762408e-01 -5.316780111576487888e-01 -8.210587200874172598e-02
7.928137991165975507e-01 -4.922907544909246869e-01 -7.345417697673009561e-02
7.152551885299560652e-01 -4.495744297723633376e-01 -6.490447066674488730e-02
6.371582854637118931e-01 -4.051598438052750883e-01 -5.665895358973157409e-02
5.610253975865315823e-01 -3.606778033929740612e-01 -4.891982625663652412e-02
4.893588325670756856e-01 -3.177591153387706036e-01 -4.188928917840544636e-02
4.246608980740236294e-01 -2.780345864459863314e-01 -3.576954286598593713e-02
3.694339017760354116e-01 -2.431350235179314534e-01 -3.076278783032365682e-02
3.261801513417775245e-01 -2.146912333579198140e-01 -2.707122458236491114e-02
2.969305715308896421e-01 -1.941129683273601914e-01 -2.483963726237787412e-02
2.818304745469421557e-01 -1.819257250727265574e-01 -2.398313467153434173e-02
2.805537492236158670e-01 -1.784339268245136723e-01 -2.435940431202929246e-02
2.927742843945950746e-01 -1.839419968132188499e-01 -2.582613368605798237e-02
3.181659688935666863e-01 -1.987543582693408195e-01 -2.824101029581592079e-02
3.564026915542102270e-01 -2.231754344233741472e-01 -3.146172164349790579e-02
4.071583412102115496e-01 -2.575096485058168683e-01 -3.534595523129938077e-02
4.701068066952547864e-01 -3.020614237471660468e-01 -3.975139856141557404e-02
5.449219768430311195e-01 -3.571351833779242146e-01 -4.453573913604218920e-02
6.312777404872114140e-01 -4.230353506285787213e-01 -4.955666445737361148e-02
7.282709545036537557e-01 -4.994560107387970849e-01 -5.467166168246079955e-02
8.326903149186122288e-01 -5.836498620608367993e-01 -5.973741657631159718e-02
9.407474692912654035e-01 -6.722592474939689255e-01 -6.461041455305757686e-02
1.048654065180762984e+00 -7.619265099374413763e-01 -6.914714102682899266e-02
1.152621750146283652e+00 -8.492939922905256012e-01 -7.320408141175745176e-02
1.248862171746995653e+00 -9.310040374524846118e-01 -7.663772112197406172e-02
1.333586977542069230e+00 -1.003698988322582863e+00 -7.930454557160999951e-02
1.403007815090677735e+00 -1.064021187800087587e+00 -8.106104017479649759e-02
1.453336331951978089e+00 -1.108612978784252245e+00 -8.176369034566437211e-02
1.480784175685146087e+00 -1.134116704174345847e+00 -8.126898149834498042e-02
1.482854835193076593e+00 -1.138361969654247519e+00 -7.948919952315039450e-02
1.462219090834338875e+00 -1.123927364111061200e+00 -7.655982902221009079e-02
1.422839527351885458e+00 -1.094578705249136252e+00 -7.267215347739375275e-02
1.368678729488664869e+00 -1.054081810772818706e+00 -6.801745637057028671e-02
1.303699281987626968e+00 -1.006202498386455257e+00 -6.278702118360886264e-02
1.231863769591712954e+00 -9.547065857943873857e-01 -5.717213139837806768e-02
1.157134777043886231e+00 -9.033598907009717793e-01 -5.136407049674808489e-02
1.083474889087089554e+00 -8.559282308105500281e-01 -4.555412196058757079e-02
1.014846690464271228e+00 -8.161774238274687177e-01 -3.993356927176563292e-02
9.552127659183764496e-01 -7.878732874560726573e-01 -3.469369591215098331e-02
9.074164460102992491e-01 -7.737617093934588963e-01 -2.994625640774719808e-02
8.698242367012478660e-01 -7.725090323865303477e-01 -2.548490311284753659e-02
8.396834858326051032e-01 -7.817617567124766076e-01 -2.102376625161137338e-02
8.142415412457516544e-01 -7.991663826484889377e-01 -1.627697604819763541e-02
7.907457507820748743e-01 -8.223694104717536035e-01 -1.095866272676650904e-02
7.664434622829551236e-01 -8.490173404594612006e-01 -4.782956511476950737e-03
7.385820235897753161e-01 -8.767566728888011029e-01 2.536012373511668458e-03
7.044087825439149242e-01 -9.032339080369653495e-01 1.128411370404083097e-02
6.611710869867628571e-01 -9.260955461811382072e-01 2.174721725594962879e-02
6.061162847596990311e-01 -9.429880875985118260e-01 3.421119280507942118e-02
5.374744090424706799e-01 -9.519575326022795547e-01 4.879731826955521767e-02
4.574062343682810949e-01 -9.526478816496515289e-01 6.496850413663961266e-02
3.690552206086901155e-01 -9.451026352338406378e-01 8.202306903588106601e-02
2.755648276352811732e-01 -9.293652938480624348e-01 9.925933159682351348e-02
1.800785153196144128e-01 -9.054793579855306973e-01 1.159756104490154011e-01
8.573974353325757025e-02 -8.734883281394593135e-01 1.314702242220036343e-01
-4.308027852229502977e-03 -8.334357048030585080e-01 1.450414915453363540e-01
-8.692133896526280101e-02 -7.853649884695497185e-01 1.559877310485580648e-01
-1.589567299342830309e-01 -7.293196796321433917e-01 1.636072613612169768e-01
-2.172707408877223578e-01 -6.653432787840536378e-01 1.671984011128601066e-01
-2.595980619575822823e-01 -5.938372628217697402e-01 1.663048756423662622e-01
-2.871861340377915850e-01 -5.166350757069678723e-01 1.614520792537014193e-01
-3.021606234013110570e-01 -4.359281685312664800e-01 1.534108340244942914e-01
-3.066471963210973262e-01 -3.539079923862906707e-01 1.429519620323736750e-01
-3.027715190701060766e-01 -2.727659983636579466e-01 1.308462853549669791e-01
-2.926592579212944356e-01 -1.946936375550074039e-01 1.178646260699051651e-01
-2.784360791476189756e-01 -1.218823610519568085e-01 1.047778062548158917e-01
-2.622276490220359912e-01 -5.652361994613074037e-02 9.235664798732778902e-02
-2.461596338175006671e-01 -8.088653291497419420e-04 8.137197334506873769e-02
-2.323576998069724064e-01 4.307045170735160355e-02 7.259460440566938011e-02
-2.225320365350746121e-01 7.362730975463654959e-02 6.661210907312566099e-02
-2.167309028591674069e-01 9.219244644357182938e-02 6.327902807094507032e-02
-2.145870690212247633e-01 1.008010492420904763e-01 6.226664270598445544e-02
-2.157333052632210146e-01 1.014883056181234561e-01 6.324623428510085799e-02
-2.198023818271299390e-01 9.628940303960469016e-02 6.588908411515095875e-02
-2.264270689549255089e-01 8.723952897446662913e-02 6.986647350299159120e-02
-2.352401368885817246e-01 7.637387089064187617e-02 7.484968375547962349e-02
-2.458743558700735854e-01 6.572761625606207692e-02 8.050999617947245113e-02
-2.579624961413732875e-01 5.733595253866183294e-02 8.651869208182588755e-02
-2.711373279444557194e-01 5.323406720637272743e-02 9.254705276939728664e-02
-2.850208711567286390e-01 5.494145268781931712e-02 9.830925401531689922e-02
-2.991921448124726934e-01 6.191485076249072378e-02 1.036910470033854670e-01
-3.132194178889645686e-01 7.309532292450827973e-02 1.086210761564728039e-01
-3.266709593634843367e-01 8.742393066799496182e-02 1.130279858974500978e-01
-3.391150382133114594e-01 1.038417354870734832e-01 1.168404206491881342e-01
-3.501199234157257867e-01 1.212897988758679380e-01 1.199870248345578094e-01
-3.592538839480046708e-01 1.387091823284978542e-01 1.223964428764293538e-01
-3.660851887874280730e-01 1.550409473390874093e-01 1.239973191976738304e-01
-3.701821069112753437e-01 1.692261554017591429e-01 1.247182982211619134e-01
-3.711129072968253340e-01 1.802058680106365385e-01 1.244880243697642913e-01
-3.686368737326196632e-01 1.872115193647583831e-01 1.232804802542642880e-01
-3.632773164630884732e-01 1.906359846381301959e-01 1.212509934544464402e-01
-3.557485441496953116e-01 1.911624867878551348e-01 1.186002258467669934e-01
-3.467648654539026709e-01 1.894742487710358303e-01 1.155288393076818465e-01
-3.370405890371756530e-01 1.862544935447756622e-01 1.122374957136478141e-01
-3.272900235609767505e-01 1.821864440661775664e-01 1.089268569411208087e-01
-3.182274776867693444e-01 1.779533232923445063e-01 1.057975848665569929e-01
-3.105672600760163715e-01 1.742383541803791958e-01 1.030503413664124596e-01
-3.050236793901824894e-01 1.717247596873852644e-01 1.008857883171438152e-01
-3.023110442907304130e-01 1.710957627704654260e-01 9.950458759520704188e-02
-3.028441719003310273e-01 1.727954381245492277e-01 9.902468179978610174e-02
-3.058399131864854570e-01 1.763112673958726340e-01 9.923313642097614240e-02
-3.102156275779027750e-01 1.808915839684986371e-01 9.983429767159994472e-02
-3.148886745032909995e-01 1.857847212264890635e-01 1.005325117644803867e-01
-3.187764133913588704e-01 1.902390125539067944e-01 1.010321249124402770e-01
-3.207962036708151832e-01 1.935027913348144335e-01 1.010374833283024520e-01
-3.198654047703683445e-01 1.948243909532745288e-01 1.002529332248897065e-01
-3.149013761187271498e-01 1.934521447933494898e-01 9.838282081502500165e-02
-3.048214771446003946e-01 1.886343862391020587e-01 9.513149231153114616e-02
-2.885430672766966520e-01 1.796194486745947561e-01 9.020329392723097639e-02
-2.656153820004776844e-01 1.660763737435604626e-01 8.347518782293389394e-02
-2.381152694994751740e-01 1.493571083493310525e-01 7.551462958352722632e-02
-2.087515082506547215e-01 1.312343437661357137e-01 6.706170555826512780e-02
-1.802328767309836210e-01 1.134807712682048136e-01 5.885650209640245351e-02
-1.552681534174273903e-01 9.786908212976741517e-02 5.163910554719336465e-02
-1.365661167869578752e-01 8.617196762505657803e-02 4.614960225989395148e-02
-1.268355453165401769e-01 8.016211902830119862e-02 4.312807858375829195e-02
-1.287852174831415897e-01 8.161222761373147783e-02 4.331462086804115097e-02
-1.451239117637316278e-01 9.229498465557917086e-02 4.744931546199785549e-02
-1.785604066352750319e-01 1.139830814280727300e-01 5.627224871488249736e-02
-2.306914154545903206e-01 1.477322965570566637e-01 7.021742548972666198e-02
-2.986653274645656997e-01 1.917307170524656934e-01 8.849450719042008251e-02
-3.785184349710535301e-01 2.434494967645242924e-01 1.100070649774442105e-01
-4.662870302798849398e-01 3.003597895434428899e-01 1.336586700112747939e-01
-5.580074056969113183e-01 3.599327492394451822e-01 1.583528934523930620e-01
-6.497158535279782265e-01 4.196395297027509241e-01 1.829933064612785654e-01
-7.374486660789308923e-01 4.769512847835800096e-01 2.064834801984108681e-01
-8.172421356556140992e-01 5.293391683321516661e-01 2.277269858242694789e-01
-8.851325545638731862e-01 5.742743341986860095e-01 2.456273944993339342e-01
-9.371562151095612636e-01 6.092279362334076520e-01 2.590882773840856856e-01
-9.707551201270189223e-01 6.325060761431484657e-01 2.673534409631744824e-01
-9.889944363154881124e-01 6.457548381711275542e-01 2.710277108938717872e-01
-9.963452017827226781e-01 6.514553499748474419e-01 2.710561870966922693e-01
-9.972784546364769076e-01 6.520887392118118742e-01 2.683839694921503205e-01
-9.962652329845044230e-01 6.501361335395234864e-01 2.639561580007606656e-01
-9.977765749345595125e-01 6.480786606154859131e-01 2.587178525430378073e-01
-1.006283518594395687e+00 6.483974480972019006e-01 2.536141530394964150e-01
-1.026257102071772564e+00 6.535736236421763046e-01 2.495901594106504362e-01
-1.062168363474436994e+00 6.660883149079110943e-01 2.475909715770159836e-01
-1.118488340910145373e+00 6.884226495519092381e-01 2.485616894591068382e-01
-1.197963312789132262e+00 7.221529351751495573e-01 2.531470286609336928e-01
-1.296440321345646352e+00 7.652360956025913152e-01 2.607901331437436077e-01
-1.408041550422052257e+00 8.147241828269700115e-01 2.706337453636595836e-01
-1.526889183860715038e+00 8.676692488410204795e-01 2.818206077768046769e-01
-1.647105405503997311e+00 9.211233456374769979e-01 2.934934628393016109e-01
-1.762812399194284785e+00 9.721385252090837259e-01 3.047950530072756625e-01
-1.868132348773899221e+00 1.017766839548557289e+00 3.148681207368455581e-01
-1.957187438085226550e+00 1.055060340648641404e+00 3.228554084841364635e-01
-2.024099850970630943e+00 1.081071080502071124e+00 3.278996587052711020e-01
-2.062991771272476793e+00 1.092851111101581285e+00 3.291436138563727520e-01
-2.069766895821271380e+00 1.088368099702208935e+00 3.259963380216097106e-01
-2.047454973400093969e+00 1.069252174608197548e+00 3.189321817973318485e-01
-2.000867265780165383e+00 1.038049079386093032e+00 3.086918174079342214e-01
-1.934815034732707995e+00 9.973045576024410774e-01 2.960159170778121074e-01
-1.854109542028927748e+00 9.495643528237783793e-01 2.816451530313579532e-01
-1.763562049440076329e+00 8.973742086166680565e-01 2.663201974929724214e-01
-1.667983818737360791e+00 8.432798685476472489e-01 2.507817226870478478e-01
-1.572186111692004618e+00 7.898270761832623110e-01 2.357704008379798710e-01
-1.480980190075227965e+00 7.395615750900585983e-01 2.220269041701633528e-01
-1.399177315658253429e+00 6.950291088345819102e-01 2.102919049079935987e-01
-1.330584480365872402e+00 6.582325881954399494e-01 2.011483244817741656e-01
-1.274991711665075078e+00 6.290036549208822825e-01 1.945480991983290497e-01
-1.231184824639552033e+00 6.066311490314695298e-01 1.902854235967048890e-01
-1.197949634373015826e+00 5.904039105477736360e-01 1.881544922159499866e-01
-1.174071955949155477e+00 5.796107794903543331e-01 1.879494995951105363e-01
-1.158337604451667779e+00 5.735405958797756831e-01 1.894646402732334256e-01
-1.149532394964250859e+00 5.714821997366016371e-01 1.924941087893658198e-01
-1.146442142570601952e+00 5.727244310813967010e-01 1.968320996825546898e-01
-1.147852662354417852e+00 5.765561299347244928e-01 2.022728074918469510e-01
-1.152549769399396462e+00 5.822661363171495186e-01 2.086104267562897130e-01
-1.159249989548105209e+00 5.891107955868508661e-01 2.155970892876421796e-01
-1.166392707537175832e+00 5.962164818896834584e-01 2.228166856156223175e-01
-1.172348026791183662e+00 6.026770784276268556e-01 2.298110483560842909e-01
-1.175486050734702692e+00 6.075864684026583973e-01 2.361220101248813763e-01
-1.174176882792307142e+00 6.100385350167560894e-01 2.412914035378666000e-01
-1.166790626388571006e+00 6.091271614718976046e-01 2.448610612108930440e-01
-1.151697384948068281e+00 6.039462309700609488e-01 2.463728157598138735e-01
-1.127267261895373185e+00 5.935896267132237947e-01 2.453684998004821149e-01
-1.091870360655059491e+00 5.771512319033640370e-01 2.413899459487509336e-01
-1.043876784651692091e+00 5.537249297424547967e-01 2.339789868204718015e-01
-9.824000199288405177e-01 5.228109930809410333e-01 2.228717099721552741e-01
-9.095272531576166219e-01 4.855353463809645165e-01 2.085812671856278333e-01
-8.280891387063747944e-01 4.434303502633947791e-01 1.918150874153574104e-01
-7.409163309434704248e-01 3.980283653491017426e-01 1.732805996158122419e-01
-6.508394842372584588e-01 3.508617522589551063e-01 1.536852327414603703e-01
-5.606892529560937311e-01 3.034628716138247362e-01 1.337364157467698378e-01
-4.732962914683314093e-01 2.573640840345803871e-01 1.141415775862087562e-01
-3.914912541423124503e-01 2.140977501420844309e-01 9.560814721424201745e-02
-3.181047953464214983e-01 1.751962305572223322e-01 7.884355358534445024e-02
-2.559675694489986220e-01 1.421918859008559077e-01 6.455522565398071067e-02
-2.071082708873777933e-01 1.161847886574653571e-01 5.325588464465279281e-02
-1.703476625964673308e-01 9.654580929381414989e-02 4.467939857914841884e-02
-1.437045016903264194e-01 8.221350540384303462e-02 3.836491660770482981e-02
-1.251975452830144664e-01 7.212643458149278763e-02 3.385158788055926682e-02
-1.128455504885908095e-01 6.522315442070404645e-02 3.067856154794896054e-02
-1.046672744211134959e-01 6.044222251541688656e-02 2.838498676011081204e-02
-9.868147419464454173e-02 5.672219645957357614e-02 2.651001266728280487e-02
-9.290690692324143907e-02 5.300163384711384373e-02 2.459278841970169438e-02
-8.536232972096352567e-02 4.821909227197841707e-02 2.217246316760473207e-02
-7.406649970187013932e-02 4.131312932810803085e-02 1.878818606122915902e-02
-5.775815153524384987e-02 3.162137574362321180e-02 1.415804108767450969e-02
-3.805593011126028047e-02 2.007775478336377636e-02 8.715851581489526823e-03
-1.729845787531828633e-02 8.015262846349284487e-03 3.074375714085228299e-03
2.175642727183173253e-03 -3.233103668400654461e-03 -2.153628343127332416e-03
1.802774925084763002e-02 -1.233434836186782062e-02 -6.355402418737752385e-03
2.791923925027015724e-02 -1.795547483502914557e-02 -8.918188341333409958e-03
2.951149028005511932e-02 -1.876348668886693855e-02 -9.229227939504130312e-03
2.046587989480359859e-02 -1.342538752436157889e-02 -6.675763041838870399e-03
-1.556214350883183828e-03 -6.081809424934997432e-04 -6.450354769266322674e-04
-3.889341490240430521e-02 2.102112945575693170e-02 9.475712926643675704e-03
-9.277674891711702732e-02 5.216061540913041056e-02 2.400688511272099437e-02
-1.600069891526209043e-01 9.096872267557366831e-02 4.209949657182804339e-02
-2.362773764537853260e-01 1.349690086824036628e-01 6.261222429515091170e-02
-3.172811516654376884e-01 1.816850308569129546e-01 8.440374527386433623e-02
-3.987115556324463128e-01 2.286403466264180229e-01 1.063327364991541873e-01
-4.762618291996664754e-01 2.733585134182274778e-01 1.272578749622026995e-01
-5.456252132119534526e-01 3.133630886596501797e-01 1.460378376541921486e-01
-6.024949485141627425e-01 3.461776297779949330e-01 1.615313015663049356e-01
-6.425642759511490665e-01 3.693256942005703203e-01 1.725969436897231146e-01
-6.615264363677684223e-01 3.803308393546854238e-01 1.780934410156292114e-01
-6.565034291892276608e-01 3.775409186837433984e-01 1.772540008913898735e-01
-6.303319611546308598e-01 3.626007810345486804e-01 1.708098663683713381e-01
-5.872773340843481238e-01 3.379794769422063694e-01 1.598667679949796194e-01
-5.316048497987480026e-01 3.061460569418207878e-01 1.455304363196204542e-01
-4.675798101181999344e-01 2.695695715684964244e-01 1.289066018906995237e-01
-3.994675168630727469e-01 2.307190713573377128e-01 1.111009952566226200e-01
-3.315332718537353784e-01 1.920636068434489474e-01 9.321934696579536883e-02
-2.680423769105570453e-01 1.560722285619345340e-01 7.636738756662346528e-02
-2.132601338539064917e-01 1.252139870478988781e-01 6.165084760751265297e-02
-1.714518445041467443e-01 1.019579328364431242e-01 5.017545763686694082e-02
-1.459669852651339639e-01 8.824085132095094153e-02 4.283059962723595460e-02
-1.364915212527873789e-01 8.387034549856760279e-02 3.964021172804566701e-02
-1.417954873526081627e-01 8.812169230831706779e-02 4.041185875231777247e-02
-1.606489184500975442e-01 1.002701686892233796e-01 4.495310551307400704e-02
-1.918218494307568078e-01 1.195910515803105534e-01 5.307151682333603737e-02
-2.340843151800871547e-01 1.453596179206025907e-01 6.457465749612559258e-02
-2.862063505835897304e-01 1.768511446491235484e-01 7.927009234446436015e-02
-3.469579905267773379e-01 2.133409087049042419e-01 9.696538618137745535e-02
-4.151092698951293625e-01 2.541041870269556968e-01 1.174681038198802513e-01
-4.894302235741571083e-01 2.984162565543078127e-01 1.405858100729973359e-01
-5.686161727316598746e-01 3.455096966355187815e-01 1.660546032316631559e-01
-6.510635751142002103e-01 3.944462913708599583e-01 1.933247073196516508e-01
-7.350941704753630734e-01 4.442451248268915465e-01 2.217748757491853351e-01
-8.190296985687341991e-01 4.939252810701737495e-01 2.507838619324868068e-01
-9.011918991478979901e-01 5.425058441672662157e-01 2.797304192817784418e-01
-9.799025119664535044e-01 5.890058981847371422e-01 3.079933012092876399e-01
-1.053483276777957611e+00 6.324445271891298015e-01 3.349512611272270068e-01
-1.120255933336009813e+00 6.718408152470125572e-01 3.599830524478240257e-01
-1.178542221394195399e+00 7.062138464249456682e-01 3.824674285833011833e-01
-1.226663880706098997e+00 7.345827047894888384e-01 4.017831429458809667e-01
-1.263690793396783807e+00 7.562853838064507173e-01 4.176197220227723661e-01
-1.291685411077221124e+00 7.719355145386327388e-01 4.309097846011295530e-01
-1.313458327729861042e+00 7.824656374480849497e-01 4.428967225430935906e-01
-1.331820137337152765e+00 7.888082929968572854e-01 4.548239277108049872e-01
-1.349581433881549275e+00 7.918960216470002367e-01 4.679347919664071931e-01
-1.369552811345494003e+00 7.926613638605628509e-01 4.834727071720364422e-01
-1.394544863711438598e+00 7.920368600995956188e-01 5.026810651898354632e-01
-1.427368184961834263e+00 7.909550508261490309e-01 5.268032578819453748e-01
-1.470833369079129316e+00 7.903484765022728009e-01 5.570826771105067410e-01
-1.527751010045773405e+00 7.911496775900168643e-01 5.947627147376602919e-01
-1.599666301764088638e+00 7.939667214536881845e-01 6.404642953384369619e-01
-1.683062982627361315e+00 7.981098201990883823e-01 6.923185455741359684e-01
-1.773159463353468634e+00 8.025647314002449795e-01 7.478341604358018646e-01
-1.865174154660238504e+00 8.063172126311827226e-01 8.045198349144484506e-01
-1.954325467265546790e+00 8.083530214659296886e-01 8.598842640011199467e-01
-2.035831811887255149e+00 8.076579154785120673e-01 9.114361426868500260e-01
-2.104911599243223019e+00 8.032176522429570475e-01 9.566841659626734717e-01
-2.156783240051312500e+00 7.940179893332914851e-01 9.931370288196245122e-01
-2.186665145029382362e+00 7.790446843235415697e-01 1.018303426248736709e+00
-2.189775724895294928e+00 7.572834947877347123e-01 1.029692053241044958e+00
-2.163325520997849249e+00 7.281822822878409873e-01 1.025837686128084236e+00
-2.112493141260179730e+00 6.930372185734644530e-01 1.009379191758745797e+00
-2.044449096268142974e+00 6.536065265015643666e-01 9.839814009034516529e-01
-1.966363896607594697e+00 6.116484289291047594e-01 9.533091443326222603e-01
-1.885408052864394390e+00 5.689211487130498845e-01 9.210272528166789652e-01
-1.808752075624399103e+00 5.271829087103641065e-01 8.908005571260432243e-01
-1.743566475473466548e+00 4.881919317780111234e-01 8.662938880311356060e-01
-1.697021762997454664e+00 4.537064407729551885e-01 8.511720763023773451e-01
-1.676288448782220497e+00 4.254846585521604996e-01 8.490999527101896760e-01
-1.688537043413627980e+00 4.052848079725883679e-01 8.637423480249978303e-01
-1.738206138910659782e+00 3.942646677766601937e-01 8.973309542514492643e-01
-1.818806027720392793e+00 3.911801028139027525e-01 9.463645803023050807e-01
-1.921114771061873894e+00 3.941864650999890585e-01 1.005908732305455189e+00
-2.035910430154152184e+00 4.014391066505927363e-01 1.071028916388791163e+00
-2.153971066216274988e+00 4.110933794813871334e-01 1.136790638680203580e+00
-2.266074740467290738e+00 4.213046356080455412e-01 1.198259405307582348e+00
-2.362999514126247202e+00 4.302282270462413627e-01 1.250500722398818709e+00
-2.435523448412202363e+00 4.360195058116483890e-01 1.288580096081808124e+00
-2.474424604544177342e+00 4.368338239199379136e-01 1.307563032484426735e+00
-2.470481043741235450e+00 4.308265333867846159e-01 1.302515037734573555e+00
-2.417748222138235814e+00 4.167198440717593266e-01 1.270330031578069230e+00
-2.323391550606723754e+00 3.955034620826831104e-01 1.215215797480776905e+00
-2.197854022473462621e+00 3.687339838080686549e-01 1.143208637152150153e+00
-2.051578631065215319e+00 3.379680056364287588e-01 1.060344852301642105e+00
-1.895008369708744533e+00 3.047621239562756101e-01 9.726607446387048883e-01
-1.738586231730786080e+00 2.706729351561158459e-01 8.861926158727774228e-01
-1.592755210458160153e+00 2.372570356244746714e-01 8.069767677133440342e-01
-1.467958299217601237e+00 2.060710217498583630e-01 7.410495018698417535e-01
-1.374638491335872459e+00 1.786714899207795804e-01 6.944471200517241538e-01
-1.323238780139736281e+00 1.566150365257509836e-01 6.732059239684435870e-01
-1.320891835360104682e+00 1.410391356704387145e-01 6.814705630754642751e-01
-1.361489032344484151e+00 1.314047723291234815e-01 7.158190778122938136e-01
-1.435611422844529361e+00 1.267538091932396416e-01 7.709378563644504467e-01
-1.533840058611895429e+00 1.261281089542214406e-01 8.415132869174527519e-01
-1.646755991398258789e+00 1.285695343035039295e-01 9.222317576568340725e-01
-1.764940272955232814e+00 1.331199479325204105e-01 1.007779656768083454e+00
-1.878973955034491050e+00 1.388212125327053237e-01 1.092843372436732574e+00
-1.979438089387689503e+00 1.447151907954930539e-01 1.172109292848300344e+00
-2.056913727766482403e+00 1.498437454123179302e-01 1.240263806188305118e+00
-2.101981921922525309e+00 1.532487390746141709e-01 1.291993300642265030e+00
-2.107615438637669314e+00 1.541779941371490548e-01 1.323148053506708610e+00
-2.076353631108401210e+00 1.527031480381449147e-01 1.334233765327568433e+00
-2.013127430710274002e+00 1.491017860943870121e-01 1.326919959165421270e+00
-1.922867768818877998e+00 1.436514936226626626e-01 1.302876158080848334e+00
-1.810505576809771533e+00 1.366298559397574885e-01 1.263771885134430395e+00
-1.680971786058521822e+00 1.283144583624574175e-01 1.211276663386745556e+00
-1.539197327940695192e+00 1.189828862075485022e-01 1.147060015898373253e+00
-1.390113133831859749e+00 1.089127247918167951e-01 1.072791465729893368e+00
-1.238650135107581152e+00 9.838155943204823783e-02 9.901405359418840035e-01
-1.089739263143427062e+00 8.766697544502889683e-02 9.007767495949248193e-01
-9.479009304117906876e-01 7.705331328275907832e-02 8.067098676712146643e-01
-8.160135677301773027e-01 6.685193239202601168e-02 7.113105249674985808e-01
-6.965451339903374617e-01 5.738094658180776381e-02 6.182895552671962003e-01
-5.919635880840480313e-01 4.895846966108424736e-02 5.313577923537426972e-01
-5.047368889030861006e-01 4.190261543883544437e-02 4.542260700105741345e-01
-4.373329953392284253e-01 3.653149772404128831e-02 3.906052220211262971e-01
-3.922198662842518724e-01 3.316323032568172652e-02 3.442060821688348593e-01
-3.718654606299333087e-01 3.211592705273669940e-02 3.187394842371354398e-01
-3.787377372680496013e-01 3.370770171418616817e-02 3.179162620094638791e-01
-4.153046550903868317e-01 3.825666811901115572e-02 3.454472492692635122e-01
-4.823229592719572856e-01 4.589289564232102575e-02 4.031715490266286062e-01
-5.737041484438387684e-01 5.599423288256453329e-02 4.854409127809043434e-01
-6.816483116762792616e-01 6.775046248311189512e-02 5.847351470432569087e-01
-7.983555380395273016e-01 8.035136708733341127e-02 6.935340583248531532e-01
-9.160259166038305922e-01 9.298672933859923606e-02 8.043174531368593172e-01
-1.026859536439437504e+00 1.048463318802796557e-01 9.095651379904418077e-01
-1.123056486616595961e+00 1.151199573557448314e-01 1.001756919396766810e+00
-1.196816856205564772e+00 1.229973884083661595e-01 1.073372603867010833e+00
-1.240340734276564438e+00 1.276684076815109703e-01 1.116891997912314860e+00
-1.245828209899858763e+00 1.283227978185510765e-01 1.124794908043858399e+00
-1.208236367566132952e+00 1.244418553584410586e-01 1.092197647588744713e+00
-1.133550588965420491e+00 1.166729657840670786e-01 1.024762858866390847e+00
-1.030513408969248923e+00 1.059550451549359229e-01 9.307898418785961470e-01
-9.078673624491451211e-01 9.322700953055421125e-02 8.185778966271599622e-01
-7.743549842766362934e-01 7.942777497042859125e-02 6.964263231138814181e-01
-6.387188093232260000e-01 6.549625753406329576e-02 5.726344213405376582e-01
-5.097013724604910756e-01 5.237137328097007938e-02 4.555014913089732720e-01
-3.960452085599341920e-01 4.099203827065307781e-02 3.533268330209653474e-01
-3.064928524930827236e-01 3.229716856261900804e-02 2.744097464783130658e-01
-2.497868391314639336e-01 2.722568021637448293e-02 2.270495316828153864e-01
-2.322818527004318345e-01 2.645177540684465547e-02 2.172085881254696982e-01
-2.507811748406473806e-01 2.959080077062864467e-02 2.415017132540655531e-01
-2.997002365465985529e-01 3.599338905974406450e-02 2.942068040055910161e-01
-3.734544688127729994e-01 4.501017302620848731e-02 3.696017573170334303e-01
-4.664593026336768533e-01 5.599178542204163306e-02 4.619644701253985963e-01
-5.731301690037639007e-01 6.828885899925710157e-02 5.655728393676403565e-01
-6.878824989175368332e-01 8.125202650987428665e-02 6.747047619807615693e-01
-8.051317233694837983e-01 9.423192070591078495e-02 7.836381349017502718e-01
-9.192932733540922774e-01 1.065791743393842278e-01 8.866508550675940015e-01
-1.024782579865850529e+00 1.176444201623121910e-01 9.780208194152806289e-01
-1.117191122338978548e+00 1.269493783448706337e-01 1.053511244970544825e+00
-1.196814439380487149e+00 1.347000991507478762e-01 1.114826459135146663e+00
-1.265124050745024986e+00 1.412737104723712500e-01 1.165156024411335478e+00
-1.323591476187204741e+00 1.470473402021645892e-01 1.207689503301335066e+00
-1.373688235461677287e+00 1.523981162325554195e-01 1.245616458307397867e+00
-1.416885848323079511e+00 1.577031664559699065e-01 1.282126451931764333e+00
-1.454655834526048963e+00 1.633396187648342712e-01 1.320409046676676468e+00
-1.488469713825222973e+00 1.696846010515747349e-01 1.363653805044375833e+00
-1.519799005975237538e+00 1.771152412086173800e-01 1.415050289537103323e+00
-1.550115230730731541e+00 1.860086671283885940e-01 1.477788062657100721e+00
-1.580624568840766075e+00 1.966031206171244550e-01 1.553736176458582197e+00
-1.611471905761607148e+00 2.085813309238805646e-01 1.639481943435757927e+00
-1.642536818307856805e+00 2.214871571048676879e-01 1.730292316746617098e+00
-1.673698883294113759e+00 2.348644582162948413e-01 1.821434249549135576e+00
-1.704837677534974727e+00 2.482570933143710967e-01 1.908174695001291221e+00
-1.735832777845037755e+00 2.612089214553056093e-01 1.985780606261059678e+00
-1.766563761038899782e+00 2.732638016953073401e-01 2.049518936486417697e+00
-1.796910203931159078e+00 2.839655930905853332e-01 2.094656638835342033e+00
-1.826751683336413024e+00 2.928581546973487715e-01 2.116460666465808771e+00
-1.855967776069264108e+00 2.994853455718075042e-01 2.110197972535791777e+00
-1.884259682738760322e+00 3.034238250981979301e-01 2.072703265017295848e+00
-1.910615058303567260e+00 3.043814614804928875e-01 2.007082629979308752e+00
-1.933843161102099417e+00 3.020989270046073871e-01 1.918010087730407598e+00
-1.952753249472774844e+00 2.963168939564573279e-01 1.810159658579172604e+00
-1.966154581754008479e+00 2.867760346219579426e-01 1.688205362834182210e+00
-1.972856416284216374e+00 2.732170212870246306e-01 1.556821220804015082e+00
-1.971668011401814802e+00 2.553805262375729024e-01 1.420681252797250105e+00
-1.961398625445215815e+00 2.330072217595137440e-01 1.284459479122441961e+00
-1.940857516752840350e+00 2.058377801387704376e-01 1.152829920088219051e+00
-1.908853943663102015e+00 1.736128736612549128e-01 1.030466596003135393e+00
-1.864756560914048400e+00 1.363150490048245511e-01 9.211107092919214034e-01
-1.810171672860995118e+00 9.489437809582791650e-02 8.247720840898485894e-01
-1.747265012268724771e+00 5.054282109311521859e-02 7.405276732705459164e-01
-1.678202311902020183e+00 4.452338155536602823e-03 6.674544297076416832e-01
-1.605149304525661513e+00 -4.218511055805766047e-02 6.046293062747645219e-01
-1.530271722904418485e+00 -8.817756488882549926e-02 5.511292558455344048e-01
-1.455735299803099903e+00 -1.323330646779002084e-01 5.060312312935988377e-01
-1.383705767986473489e+00 -1.734596497664398218e-01 4.684121854925759054e-01
-1.316348860219322070e+00 -2.103653599955941644e-01 4.373490713160942400e-01
-1.255830309266427136e+00 -2.418582352065130059e-01 4.119188416377826401e-01
-1.203938139816845165e+00 -2.671933932216941088e-01 3.913064684396196369e-01
-1.160949544256732135e+00 -2.874142637890267915e-01 3.751290001369845806e-01
-1.126764006896519454e+00 -3.040113546377482545e-01 3.631115042536067206e-01
-1.101281012046637420e+00 -3.184751734970956427e-01 3.549790483132154728e-01
-1.084400044017514997e+00 -3.322962280963087656e-01 3.504566998395398092e-01
-1.076020587119588923e+00 -3.469650261646200495e-01 3.492695263563107000e-01
-1.076042125663286164e+00 -3.639720754312691375e-01 3.511425953872562289e-01
-1.084364143959038129e+00 -3.848078836254933410e-01 3.558009744561059229e-01
-1.100886126317274893e+00 -4.109629584765298604e-01 3.629697310865891424e-01
-1.125507557048428087e+00 -4.439278077136158407e-01 3.723739328024351924e-01
-1.157772955458002739e+00 -4.846771081221158406e-01 3.836689563360996535e-01
-1.195807021453745511e+00 -5.321222717432260163e-01 3.962314232303064121e-01
-1.237379510249163594e+00 -5.846589091895186829e-01 4.093682682241325810e-01
-1.280260177057741755e+00 -6.406826310735365126e-01 4.223864260566482232e-01
-1.322218777092987185e+00 -6.985890480078514875e-01 4.345928314669307846e-01
-1.361025065568400194e+00 -7.567737706050252644e-01 4.452944191940550467e-01
-1.394448797697480646e+00 -8.136324094776207216e-01 4.537981239770959574e-01
-1.420259728693729073e+00 -8.675605752382001823e-01 4.594108805551286312e-01
-1.436227613770644673e+00 -9.169538784993254144e-01 4.614396236672275164e-01
-1.440122208141728422e+00 -9.602079298735590740e-01 4.591912880524678942e-01
-1.430342579726574304e+00 -9.960184899179069795e-01 4.521886111448463197e-01
-1.407804903235051919e+00 -1.024281850270204020e+00 4.408174917661543124e-01
-1.374054594068120139e+00 -1.045194418165272809e+00 4.256796067378578186e-01
-1.330637067626738501e+00 -1.058952600837928415e+00 4.073766328814238391e-01
-1.279097739311867432e+00 -1.065752805522987456e+00 3.865102470183192640e-01
-1.220982024524466691e+00 -1.065791439455264999e+00 3.636821259700111497e-01
-1.157835338665496705e+00 -1.059264909869576776e+00 3.394939465579662752e-01
-1.091203097135916567e+00 -1.046369624000738519e+00 3.145473856036515858e-01
-1.022630715336686702e+00 -1.027301989083565958e+00 2.894441199285341382e-01
-9.536636086687549918e-01 -1.002258412352869721e+00 2.647858263540764368e-01
-8.856104638570927445e-01 -9.714792700419737637e-01 2.410759378777503903e-01
-8.188329987381387509e-01 -9.353808244421810691e-01 2.184248897141292944e-01
-7.534561753793327377e-01 -8.944233118754374434e-01 1.968448620100300139e-01
-6.896049558481158748e-01 -8.490669686636902469e-01 1.763480349122697188e-01
-6.274043022119281110e-01 -7.997720311288855077e-01 1.569465885676653016e-01
-5.669791765382099502e-01 -7.469987355929696982e-01 1.386527031230337936e-01
-5.084545408944017852e-01 -6.912073183778895125e-01 1.214785587251922538e-01
-4.519553573479341280e-01 -6.328580158055806537e-01 1.054363355209548825e-01
-3.976065879662676328e-01 -5.724110641980106884e-01 9.053821365714442848e-02
-3.455331948168324230e-01 -5.103266998771158747e-01 7.679637328057496715e-02
-2.959083698920330630e-01 -4.472034473732553472e-01 6.422345283712278807e-02
-2.490982304036863937e-01 -3.841929998764948007e-01 5.283392402135027310e-02
-2.055171262483911909e-01 -3.225853466984539564e-01 4.264271685310395271e-02
-1.655794073227458696e-01 -2.636704771507522582e-01 3.366476135223033656e-02
-1.296994235233490111e-01 -2.087383805450093721e-01 2.591498753857596551e-02
-9.829152474679392348e-02 -1.590790461928364707e-01 1.940832543198628760e-02
-7.177006088969042907e-02 -1.159824634058710530e-01 1.415970505231015780e-02
-5.054938184863101702e-02 -8.073862149572323677e-02 1.018405641939279863e-02
-3.504383752021427573e-02 -5.463750977401266029e-02 7.496309553080756152e-03
-2.566777780103870685e-02 -3.896911755235887842e-02 6.111394473220534834e-03
-2.261000092370264725e-02 -3.451678554802160848e-02 6.007804311334597261e-03
-2.515709846480354908e-02 -4.003726010082131470e-02 7.018284645649180455e-03
-3.237011033693869971e-02 -5.378063895621868623e-02 8.939144166066465697e-03
-4.331007645270530670e-02 -7.399701985967428730e-02 1.156669156248862733e-02
-5.703803672470331848e-02 -9.893650055665353937e-02 1.469723552481843817e-02
-7.261503106552492925e-02 -1.268491787926079861e-01 1.812708474295692679e-02
-8.910209938776963989e-02 -1.559851523130023065e-01 2.165254790680679747e-02
-1.055602816040346892e-01 -1.845945188632971412e-01 2.506993370627023238e-02
-1.210506176269173645e-01 -2.109273761889531584e-01 2.817555083124939630e-02
-1.346341473690148838e-01 -2.332338220354309988e-01 3.076570797164648180e-02
-1.456435241986242246e-01 -2.503563950565839136e-01 3.270973739989536250e-02
-1.544978242235925947e-01 -2.635073297413245696e-01 3.416905736179046832e-02
-1.618877214660662811e-01 -2.744912675881893138e-01 3.537810550733480608e-02
-1.685038899481877406e-01 -2.851128500957091361e-01 3.657131948653075115e-02
-1.750370036921034267e-01 -2.971767187624205775e-01 3.798313694938133117e-02
-1.821777367199583775e-01 -3.124875150868584028e-01 3.984799554588931009e-02
-1.906167630538976865e-01 -3.328498805675568772e-01 4.240033292605750737e-02
-2.010447567160663362e-01 -3.600684567030508765e-01 4.587458673988870084e-02
-2.141523917286092260e-01 -3.959478849918746102e-01 5.050519463738563364e-02
-2.306303421136716159e-01 -4.422928069325628986e-01 5.652659426855115299e-02
-2.508746604515640910e-01 -5.002276727013320601e-01 6.413025623572628231e-02
-2.741029809868005818e-01 -5.681563228640329477e-01 7.333579278469046225e-02
-2.992383502368862747e-01 -6.438024845014823638e-01 8.411985403047078647e-02
-3.252038147193232476e-01 -7.248898846944880070e-01 9.645909008809316898e-02
-3.509224209516134119e-01 -8.091422505238572427e-01 1.103301510725835377e-01
-3.753172154512587899e-01 -8.942833090703974364e-01 1.257096870989677651e-01
-3.973112447357614041e-01 -9.780367874149166196e-01 1.425743482822718067e-01
-4.158275553226231103e-01 -1.058126412638221936e+00 1.609007847375215627e-01
-4.297891937293459863e-01 -1.132275911821120973e+00 1.806656465797429056e-01
-4.381192064734328317e-01 -1.198209012044431976e+00 2.018455839239656768e-01
-4.400337410246077385e-01 -1.254259498715740939e+00 2.245424490144852792e-01
-4.359214157489036956e-01 -1.301201530185144728e+00 2.493589312700299487e-01
-4.264639835092380871e-01 -1.340419392949158794e+00 2.770229365676676325e-01
-4.123431971685285191e-01 -1.373297373504299257e+00 3.082623707844663330e-01
-3.942408095896922093e-01 -1.401219758347081568e+00 3.438051397974941636e-01
-3.728385736356466529e-01 -1.425570833974021623e+00 3.843791494838190714e-01
-3.488182421693092894e-01 -1.447734886881635763e+00 4.307123057205091143e-01
-3.228615680535928956e-01 -1.469096203566442771e+00 4.835325143846423424e-01
-2.956503041514241814e-01 -1.491039070524952326e+00 5.435676813532680507e-01
-2.678662033257159791e-01 -1.514947774253682766e+00 6.115457125034630126e-01
-2.401023917719836143e-01 -1.541771016709785336e+00 6.877367404748375712e-01
-2.125974788734707466e-01 -1.570715111843542067e+00 7.705797525684329186e-01
-1.855014422746149860e-01 -1.600550764140808546e+00 8.580559366530877696e-01
-1.589642596198540259e-01 -1.630048678087441694e+00 9.481464805976413945e-01
-1.331359085536255871e-01 -1.657979558169297096e+00 1.038832572270933063e+00
-1.081663667203630330e-01 -1.683114108872235448e+00 1.128095399541817034e+00
-8.420561176451282770e-02 -1.704223034682103899e+00 1.213916150279100492e+00
-6.140362133050833449e-02 -1.720077040084763143e+00 1.294276012351639027e+00
-3.991037306278712865e-02 -1.729446829566068988e+00 1.367156173628271132e+00
-1.987584460578693119e-02 -1.731103107611879022e+00 1.430537821977836410e+00
-1.450013603945424267e-03 -1.723816578708048386e+00 1.482402145269174021e+00
1.521714229829968304e-02 -1.706357947340432890e+00 1.520730331371121569e+00
2.997564545651071680e-02 -1.677497917994889676e+00 1.543503568152520211e+00
4.267551822624997965e-02 -1.636007195157274996e+00 1.548703043482208663e+00
5.316678296308137430e-02 -1.580656483313433336e+00 1.534309945229020533e+00
6.129946202256357501e-02 -1.510216486949240933e+00 1.498305461261800753e+00
6.692357776026086613e-02 -1.423457910550544936e+00 1.438670779449386483e+00
6.988915253173556830e-02 -1.319151458603201821e+00 1.353387087660618437e+00
7.004620869255000215e-02 -1.196067835593067175e+00 1.240435573764333999e+00
6.724476859826647446e-02 -1.052977746005998583e+00 1.097797425629373880e+00
6.133485460444727810e-02 -8.886518943278509663e-01 9.234538311245757969e-01
5.216648906665474067e-02 -7.018609850444810228e-01 7.153859781187794642e-01
3.958969434044860847e-02 -4.913757226417055368e-01 4.715750544807777445e-01
2.345449278139564303e-02 -2.559668116054551468e-01 1.900022480794955060e-01
