-8.314633818254562048e-01 7.460194504863677523e-01 -1.088759835924222319e+00
-8.621361660775872515e-01 7.539801930676082176e-01 -1.094204653723990894e+00
-8.839631881981229178e-01 7.537529461479700599e-01 -1.087743052160579094e+00
-8.970958461274105566e-01 7.460269373863220865e-01 -1.070549201629716451e+00
-9.017546603038038011e-01 7.314901189583429275e-01 -1.043764517667550296e+00
-8.982227415962844574e-01 7.108274880703500109e-01 -1.008500346235718048e+00
-8.868402961907027038e-01 6.847197186533319213e-01 -9.658403117521834336e-01
-8.680001334330270657e-01 6.538420363229024979e-01 -9.168422559345938971e-01
-8.421441411042138725e-01 6.188632727019023338e-01 -8.625397020452286734e-01
-8.097606906120625725e-01 5.804450380872313575e-01 -8.039427841779214212e-01
-7.713829319167399001e-01 5.392409532024716734e-01 -7.420385849451378579e-01
-7.275647504080050565e-01 4.958991514033655457e-01 -6.778133216130719507e-01
-6.788286738231510409e-01 4.510713276276734351e-01 -6.123057944962034815e-01
-6.257673972791835126e-01 4.054004932364690950e-01 -5.465124118818787124e-01
-5.690720997442321183e-01 3.595132460249688688e-01 -4.813541537283078653e-01
-5.095305510645730118e-01 3.140151483898695473e-01 -4.176709692352573722e-01
-4.480226461838298091e-01 2.694864228814389806e-01 -3.562185253525570472e-01
-3.855136637858999626e-01 2.264782492059682351e-01 -2.976675397292791181e-01
-3.230455597297395842e-01 1.855099288235730337e-01 -2.426058984642620875e-01
-2.617266030528238030e-01 1.470671546195514157e-01 -1.915437190679024904e-01
-2.027196422360006689e-01 1.116015845650266541e-01 -1.449214746409829835e-01
-1.472302169000181127e-01 7.953158601803213268e-02 -1.031200884169982124e-01
-9.649292571686284015e-02 5.124471945283953084e-02 -6.647507765156610016e-02
-5.175048993991647472e-02 2.710387296519702408e-02 -3.530185607872694808e-02
-1.423980434436824573e-02 7.452746477749997225e-03 -9.914886226823045948e-03
1.482071184249440961e-02 -7.378181388578288619e-03 9.353357542122499313e-03
3.440654845065865830e-02 -1.714339849394766468e-02 2.222906056225552526e-02
4.419120272604733224e-02 -2.190569705653383492e-02 2.876496889411230343e-02
4.407631730602915021e-02 -2.178627379518881940e-02 2.902796138460734740e-02
3.403615463282015641e-02 -1.688154776178057634e-02 2.299177311139900121e-02
1.412375274889221544e-02 -7.260653063652100676e-03 1.052893740850423254e-02
-1.552199009241047971e-02 7.035994334227367412e-03 -8.596006247042601439e-03
-5.467629403215829020e-02 2.599429688129930097e-02 -3.472121331196009741e-02
-1.030379445143483619e-01 4.962016029834527553e-02 -6.826832295696771968e-02
-1.602346206449608568e-01 7.793389307789223841e-02 -1.097276660659446124e-01
-2.258272417072907934e-01 1.109646352785396556e-01 -1.596443420816047731e-01
-2.987483403045632646e-01 1.484578856852783180e-01 -2.181711937994330330e-01
-3.756580801927259516e-01 1.890099090826279082e-01 -2.836916728512360319e-01
-4.527530891472684171e-01 2.309220289481839217e-01 -3.539786694880576179e-01
-5.263870167156622371e-01 2.724804199955144224e-01 -4.265732572519572718e-01
-5.931112695596622020e-01 3.119525793583531326e-01 -4.987547397494251356e-01
-6.497122292651839048e-01 3.475875747701777096e-01 -5.675204126891216783e-01
-6.932448765656917811e-01 3.776196451065546023e-01 -6.295741944254140687e-01
-7.210588640500759094e-01 4.002751039025730373e-01 -6.813270006053118166e-01
-7.308181008325903560e-01 4.137814956970005120e-01 -7.189058887838846168e-01
-7.205129377052372774e-01 4.163782809560950815e-01 -7.381711875546735913e-01
-6.894818348375061356e-01 4.069307938966770788e-01 -7.358442103677802493e-01
-6.412791904892305439e-01 3.867439947295464586e-01 -7.130137752791857464e-01
-5.802803329303146684e-01 3.577498769001083434e-01 -6.721419139627757833e-01
-5.105831529738212859e-01 3.218981066664663993e-01 -6.160106839269690049e-01
-4.359792276842212044e-01 2.811474340928944438e-01 -5.477200741861960598e-01
-3.599336259590438791e-01 2.374556613206346978e-01 -4.706771294228446201e-01
-2.855743864939245258e-01 1.927690345481437029e-01 -3.885773265879172156e-01
-2.156931232652862795e-01 1.490117386427221857e-01 -3.053789746079090262e-01
-1.527564826021129141e-01 1.080766939255849712e-01 -2.252723441215525868e-01
-9.892915951387304396e-02 7.181831052942018456e-02 -1.526444651534419605e-01
-5.561111481765275422e-02 4.168092037422072710e-02 -9.120993410080140140e-02
-2.208454313860866783e-02 1.761067672221509894e-02 -4.141680137076446389e-02
2.795470078647894173e-03 -8.171654509756553792e-04 -2.808476993744949465e-03
2.006939549318681112e-02 -1.402440943314143401e-02 2.516107373377319059e-02
3.066762051686938717e-02 -2.242664185038322627e-02 4.312409770980447227e-02
3.540577255474316315e-02 -2.643037478363580162e-02 5.179616481454489552e-02
3.497943377893054928e-02 -2.643068907119842242e-02 5.197500575481855956e-02
2.997796046997393618e-02 -2.281042470006156356e-02 4.452808753156379390e-02
2.090328408315093173e-02 -1.594068596340931718e-02 3.037912089486692613e-02
8.187256217641245698e-03 -6.182011916783695243e-03 1.049701793310179113e-02
-7.814357954875358545e-03 6.149772557809180321e-03 -1.432637536005280932e-02
-2.687340608920619350e-02 2.088663667546158259e-02 -4.412320805530584034e-02
-4.881208523217012152e-02 3.789667557009007010e-02 -7.911873792084722634e-02
-7.347801694754235724e-02 5.704915698385201739e-02 -1.195235604237632754e-01
-1.007423126393690860e-01 7.821578686503054267e-02 -1.655378647561711047e-01
-1.304973679079090565e-01 1.012716807160295718e-01 -2.173552602272320056e-01
-1.626544227973249213e-01 1.260960720667193280e-01 -2.751662169050462237e-01
-1.971409371636594354e-01 1.525727927818401608e-01 -3.391611466398860575e-01
-2.338977953212160454e-01 1.805905481644669019e-01 -4.095331692418593406e-01
-2.728763503374282973e-01 2.100430078093198094e-01 -4.864806028275042715e-01
-3.140449382611734674e-01 2.408046817324417666e-01 -5.698016277469938329e-01
-3.573934054077484435e-01 2.726551075286928749e-01 -6.576733468146668260e-01
-4.028601727123620191e-01 3.053431203016444551e-01 -7.478765303115539886e-01
-4.503073730204747438e-01 3.386069831935585306e-01 -8.382061178762514331e-01
-4.995130772820025600e-01 3.721720764682450722e-01 -9.264743364700770423e-01
-5.501662232342053871e-01 4.057495055912305748e-01 -1.010513792582935944e+00
-6.018642381702465904e-01 4.390355908515277128e-01 -1.088180388615769267e+00
-6.541133399370633317e-01 4.717121103242831182e-01 -1.157355931290388718e+00
-7.063314966561837771e-01 5.034472857917694499e-01 -1.215950241091772632e+00
-7.578540175974114446e-01 5.338974433543948184e-01 -1.261902593799395067e+00
-8.078122410971630973e-01 5.627008102974652148e-01 -1.294156704947779346e+00
-8.548106342893313503e-01 5.894693300583020434e-01 -1.315590677139019338e+00
-8.974182325583133224e-01 6.138405259307135875e-01 -1.330102850635546341e+00
-9.343105455807252380e-01 6.354876781778027173e-01 -1.341631882706002976e+00
-9.642632385394580563e-01 6.541157484117343657e-01 -1.354147895527689993e+00
-9.861626755637086239e-01 6.694569309743325647e-01 -1.371626337531708373e+00
-9.990579918068661636e-01 6.812681159594715652e-01 -1.397986659850708691e+00
-1.002086127493317713e+00 6.893204006097266578e-01 -1.437130219301022915e+00
-9.944379469745829869e-01 6.933942150609592181e-01 -1.492953088489345825e+00
-9.753466914290720435e-01 6.932772663502019261e-01 -1.569344277931703724e+00
-9.445279092938162480e-01 6.888044487091469215e-01 -1.668539811927161942e+00
-9.034739923282132379e-01 6.799666764812301034e-01 -1.786174688093748575e+00
-8.540273163958918001e-01 6.667676932020998315e-01 -1.916198550729121264e+00
-7.979370288369773689e-01 6.491862210148084955e-01 -2.052525375366998084e+00
-7.368768191877924645e-01 6.271811722578006787e-01 -2.189040985543176721e+00
-6.724603824564006072e-01 6.006951628088766926e-01 -2.319609567019764285e+00
-6.062545300208362908e-01 5.696563456047353258e-01 -2.438079278788134463e+00
-5.397899104757845068e-01 5.339785875838423124e-01 -2.538287041455235205e+00
-4.745693097783005854e-01 4.935600020840211766e-01 -2.614062571515150424e+00
-4.120735072808143773e-01 4.482798471671475271e-01 -2.659231716999296946e+00
-3.535101343446837574e-01 3.982322481964651884e-01 -2.669641285531652919e+00
-2.990790352909230010e-01 3.444504514530815076e-01 -2.649229280241022444e+00
-2.487790147630802862e-01 2.882139043078923990e-01 -2.603961733647671917e+00
-2.026588343675533865e-01 2.308133947193831415e-01 -2.539809589548892355e+00
-1.608086577510424720e-01 1.735524068975818068e-01 -2.462746945952687838e+00
-1.233541611693917545e-01 1.177497250746209478e-01 -2.378749025323936284e+00
-9.045331994723293523e-02 6.474326998326007665e-02 -2.293789831782712785e+00
-6.229584291814162234e-02 1.589516601764451309e-02 -2.213839457588945514e+00
-3.910530555149499543e-02 -2.740199623897376924e-02 -2.144860997630730903e+00
-2.114398511043243112e-02 -6.371772279126707017e-02 -2.092807029107456973e+00
-8.553987734312304414e-03 -9.196900184257593425e-02 -2.061862725800802210e+00
-8.396520626577780311e-04 -1.126182904541453422e-01 -2.049191151224413865e+00
2.677222423721647981e-03 -1.265332021280524410e-01 -2.050204490298996429e+00
2.699620339543601366e-03 -1.346035372132301511e-01 -2.060319720103654273e+00
-4.051153314976740916e-05 -1.377473572725171347e-01 -2.074960085891298434e+00
-4.766775682185836471e-03 -1.369272389956390223e-01 -2.089556628855275378e+00
-1.062178648134270986e-02 -1.331863044215273462e-01 -2.099549584836960747e+00
-1.668466459276060632e-02 -1.276271310199321163e-01 -2.100394688420370137e+00
-2.197134785656892908e-02 -1.214075295030831447e-01 -2.087568290893297540e+00
-2.542672804610213166e-02 -1.157442037606115082e-01 -2.056571598484322472e+00
-2.618363190265851626e-02 -1.116544524355947005e-01 -2.004267447968222093e+00
-2.439416006962125127e-02 -1.091430968424057235e-01 -1.932868049889965745e+00
-2.050149645183410585e-02 -1.079247839841577933e-01 -1.845912314697381928e+00
-1.498974066807476357e-02 -1.076715684074146945e-01 -1.746927606953430967e+00
-8.389692196830028648e-03 -1.080089186524132716e-01 -1.639427694115102696e+00
-1.283988629623589173e-03 -1.085128521357274917e-01 -1.526910780077085583e+00
5.688419215433004883e-03 -1.087081785157699154e-01 -1.412857658694174123e+00
1.182846426134881446e-02 -1.080678358912645076e-01 -1.300730025853274352e+00
1.637385956023836020e-02 -1.060132848983188630e-01 -1.193968992748065672e+00
1.849670861109546649e-02 -1.019159337711866148e-01 -1.095993844181225807e+00
1.760524292857079676e-02 -9.539422574495842744e-02 -1.009815388504788247e+00
1.427247491953478886e-02 -8.720508109465471835e-02 -9.368967466457612803e-01
9.359632686568822302e-03 -7.837044783667668213e-02 -8.783425225408771908e-01
3.717487655547108139e-03 -6.988677606524022756e-02 -8.352887587267836533e-01
-1.813796760092620253e-03 -6.272865835287937120e-02 -8.089021433708194486e-01
-6.404834160749800498e-03 -5.785310729510267924e-02 -8.003787648682898492e-01
-9.237184193221198436e-03 -5.620448161812800769e-02 -8.109424237243226807e-01
-9.503492774230390405e-03 -5.872007428462455020e-02 -8.418425085858997070e-01
-6.407602138688503479e-03 -6.633636715283433571e-02 -8.943514401853782658e-01
8.353828659946049839e-04 -7.999595895977770765e-02 -9.697616823265398089e-01
1.268576733744020135e-02 -1.002499016140927374e-01 -1.068188312841790166e+00
2.837131342772261644e-02 -1.260753539681570279e-01 -1.184966335333658360e+00
4.688387026895649012e-02 -1.561348024295399206e-01 -1.314202594693407056e+00
6.730178783907037054e-02 -1.891754572729709427e-01 -1.449968999334906083e+00
8.879024798931201001e-02 -2.240139112670374577e-01 -1.586306666574357704e+00
1.105983818804422980e-01 -2.595079484316969998e-01 -1.717232136664666342e+00
1.320499990969702386e-01 -2.944984724906277718e-01 -1.836749427024429338e+00
1.525473183415144152e-01 -3.278113510303674039e-01 -1.938853068314983608e+00
1.715717712062403977e-01 -3.582510549717327075e-01 -2.017531169932488044e+00
1.886828334514352168e-01 -3.845878741949306234e-01 -2.066769201740211948e+00
2.038422635430331975e-01 -4.060622901117758587e-01 -2.082542800315512199e+00
2.183355539480230645e-01 -4.239272978309603368e-01 -2.068796257565945762e+00
2.337023180638324038e-01 -4.399201143650051660e-01 -2.031485172796917205e+00
2.513985041009866306e-01 -4.557655330515245073e-01 -1.976583904601171060e+00
2.727974219822483781e-01 -4.731911952925282883e-01 -1.910081157858289913e+00
2.991907797530866664e-01 -4.939402841192789273e-01 -1.837976334808705481e+00
3.317897037810090266e-01 -5.197816468102167686e-01 -1.766276635173009701e+00
3.717257196494566096e-01 -5.525173573242205816e-01 -1.700994901839013806e+00
4.200516872818915171e-01 -5.939877311194501353e-01 -1.648148216056203763e+00
4.777426818493432648e-01 -6.460738056571606602e-01 -1.613757253899756439e+00
5.450149339871077636e-01 -7.098189969118170461e-01 -1.601971227030324574e+00
6.193304370060936925e-01 -7.827697132088765608e-01 -1.609435499263139668e+00
6.975299202537665888e-01 -8.615672710148281066e-01 -1.630906098198404042e+00
7.765275375204487851e-01 -9.428166321692094121e-01 -1.661125514049974772e+00
8.533109937051153171e-01 -1.023084750325582437e+00 -1.694823822435318483e+00
9.249413923907805479e-01 -1.098901500129979558e+00 -1.726718289317932920e+00
9.885528113891022262e-01 -1.166763180122827093e+00 -1.751511432263423984e+00
1.041351624135286258e+00 -1.223138536900608919e+00 -1.763887540123758146e+00
1.080615571094531102e+00 -1.264477337846682925e+00 -1.758507619582583281e+00
1.103692594856370057e+00 -1.287221484189046361e+00 -1.730002762651905002e+00
1.108948828958287613e+00 -1.288955104895453951e+00 -1.674693080382672061e+00
1.098570223267514745e+00 -1.271835760166986518e+00 -1.595780219030777491e+00
1.075634979194789009e+00 -1.239202506602291809e+00 -1.498197476465099820e+00
1.043153154116082337e+00 -1.194435692011247108e+00 -1.386890059845694800e+00
1.004067202259484093e+00 -1.140948263293869225e+00 -1.266819418262357111e+00
9.612535244486547503e-01 -1.082183882767854488e+00 -1.142959718515029088e+00
9.175242986485951935e-01 -1.021624055189961799e+00 -1.020281023112874719e+00
8.756240278290335910e-01 -9.627332967543661413e-01 -9.037929226533942817e-01
8.382307508080180103e-01 -9.089345508091898340e-01 -7.985625552845896369e-01
8.079593148974942851e-01 -8.635976101449769349e-01 -7.097202644570763663e-01
7.866877638228111369e-01 -8.292275822370885896e-01 -6.411351896874224465e-01
7.735586768988249595e-01 -8.050739299034833651e-01 -5.914042564555985759e-01
7.670675043225725354e-01 -7.895764283011494911e-01 -5.577846173240164074e-01
7.657476265183091879e-01 -7.811804854472383930e-01 -5.375109760604583897e-01
7.681693726237669440e-01 -7.783445066297677295e-01 -5.277927449211690103e-01
7.729384791036848501e-01 -7.795461187514596268e-01 -5.258121415590832903e-01
7.786939710193292452e-01 -7.832872455448220972e-01 -5.287232082694984792e-01
7.841054504849771511e-01 -7.880980320426170804e-01 -5.336517152553247323e-01
7.878697722981138352e-01 -7.925395994499746521e-01 -5.376959386772532934e-01
7.887070894802002963e-01 -7.952056210534671488e-01 -5.379282855757928639e-01
7.858484403019350140e-01 -7.951385820640261004e-01 -5.321220538727747806e-01
7.804989600099792035e-01 -7.930590119099405477e-01 -5.209431351891347095e-01
7.743449553510708405e-01 -7.900857351119526806e-01 -5.058050484689381454e-01
7.690614646398992171e-01 -7.873147103561947135e-01 -4.881456787383249285e-01
7.663147347502745621e-01 -7.858188188041733691e-01 -4.694233501556948629e-01
7.677650388858856534e-01 -7.866483405460833467e-01 -4.511121194215517161e-01
7.750698396055933914e-01 -7.908321234805228972e-01 -4.346962971556692645e-01
7.898872813049697683e-01 -7.993794524806846491e-01 -4.216642175588258823e-01
8.138800235027155994e-01 -8.132826091510232391e-01 -4.135012441666364724e-01
8.487194023587971703e-01 -8.335201158726219806e-01 -4.116820109233763625e-01
8.951432798472347407e-01 -8.605786533819074213e-01 -4.169705659323245106e-01
9.501142151756687415e-01 -8.930261506322768605e-01 -4.273363155868017405e-01
1.009646865533040838e+00 -9.289837250978192351e-01 -4.400274935623226802e-01
1.069745857379206688e+00 -9.666063624061764781e-01 -4.522759326588285944e-01
1.126397568860369791e+00 -1.004076233481878910e+00 -4.613135336586888791e-01
1.175560033020973671e+00 -1.039589527751379139e+00 -4.644054821660412169e-01
1.213150498304788938e+00 -1.071331349268464406e+00 -4.589190792114801742e-01
1.235043072701444089e+00 -1.097483286002317149e+00 -4.423029194294605393e-01
1.237065182406150710e+00 -1.116224539848180042e+00 -4.120853548318419435e-01
1.214994106829835996e+00 -1.125730005372692188e+00 -3.658837410900420140e-01
1.166059789071938413e+00 -1.124587478893770420e+00 -3.025371991400270799e-01
1.093490574541962745e+00 -1.113049426741041126e+00 -2.254473041959378365e-01
1.002059287595314929e+00 -1.091784365797827228e+00 -1.391169224171515117e-01
8.965948551337943329e-01 -1.061467846698045614e+00 -4.799705138607351929e-02
7.819887157052918258e-01 -1.022788893896785734e+00 4.352725981468202887e-02
6.631986212139578951e-01 -9.764537706566445152e-01 1.311479024480404765e-01
5.452498849635838418e-01 -9.231871010753602835e-01 2.106415367379713688e-01
4.332341560714011997e-01 -8.637303849758207752e-01 2.778741723527997642e-01
3.323057720956046901e-01 -7.988379769376198203e-01 3.288024115982911555e-01
2.476757640426617280e-01 -7.292705891557722531e-01 3.594712664093623888e-01
1.829499032930515523e-01 -6.557550573667886296e-01 3.674043096528823438e-01
1.351229311402681321e-01 -5.788814149551186894e-01 3.557412957869177661e-01
9.947364140688647050e-02 -4.991947549534434536e-01 3.289738648251698261e-01
7.121175632263901378e-02 -4.172294530483143249e-01 2.915417414707717758e-01
4.548293195740275852e-02 -3.335146306850881315e-01 2.478383855504902311e-01
1.737642234103261435e-02 -2.485820480809843858e-01 2.022195719314762441e-01
-1.806459719201298358e-02 -1.629763727040792753e-01 1.590149507346602653e-01
-6.583002606084378816e-02 -7.726777498928653898e-02 1.225426093999471971e-01
-1.309270887796311345e-01 7.933215562862729053e-03 9.712665412346804805e-02
-2.183617544064956062e-01 9.195863946826070279e-02 8.711777204614011560e-02
-3.310087011591991146e-01 1.738473264083796599e-01 9.554820301111068004e-02
-4.632551327879770864e-01 2.517242142806828675e-01 1.200538148168014130e-01
-6.073050156438796199e-01 3.235341581052449400e-01 1.569822817893820610e-01
-7.552938220564767713e-01 3.872893082173634594e-01 2.027286268531825753e-01
-8.993001893646354050e-01 4.410918429971780741e-01 2.536933255294887557e-01
-1.031361580507889508e+00 4.831642059942049539e-01 3.062219516826716892e-01
-1.143499200211270717e+00 5.118968474564957738e-01 3.565033241774517858e-01
-1.227739795893547203e+00 5.258685902236214238e-01 4.005415734618749113e-01
-1.276136512262793676e+00 5.238656024197000383e-01 4.341292847958967971e-01
-1.280790075597973976e+00 5.049012367847951488e-01 4.528168568266680016e-01
-1.236915571927357016e+00 4.691868735732201978e-01 4.531448497482328808e-01
-1.151994092831797989e+00 4.208571705271764718e-01 4.365251922266135676e-01
-1.036627493773558673e+00 3.648393298675817742e-01 4.057156960642185894e-01
-9.014785868675498914e-01 3.058355741141127737e-01 3.636517434504436541e-01
-7.572564296236393711e-01 2.482977638061258929e-01 3.134992538146046392e-01
-6.147005641807556930e-01 1.964050260544704940e-01 2.586996883630623967e-01
-4.845644447670826582e-01 1.540444183776500664e-01 2.030070418563905688e-01
-3.775983800797094170e-01 1.247946648026648647e-01 1.505167871907563681e-01
-3.045323555907300528e-01 1.119130495246753731e-01 1.056868155845751139e-01
-2.760591840874704328e-01 1.183255370348796215e-01 7.335040375850014616e-02
-2.993261795694539540e-01 1.453066216986221848e-01 5.754162273677407985e-02
-3.674450270665705065e-01 1.887406685151337138e-01 5.772650567886163792e-02
-4.699695346152425457e-01 2.434274674123417248e-01 7.192755787123036870e-02
-5.964011771208516111e-01 3.044591096399662522e-01 9.782328600353112913e-02
-7.362038488559831118e-01 3.672299268440845088e-01 1.327315329880757455e-01
-8.788184861264316527e-01 4.274433924425632414e-01 1.736006261228711378e-01
-1.013677024426676399e+00 4.811158835076006501e-01 2.170082791170417913e-01
-1.130215206074939305e+00 5.245771201396607353e-01 2.591680872927397683e-01
-1.217883691212300112e+00 5.544672111312785034e-01 2.959435311506715127e-01
-1.266156966214323720e+00 5.677302078832394683e-01 3.228693538258488038e-01
-1.267495084361195179e+00 5.626292940447336077e-01 3.361818429725209612e-01
-1.226209904954661756e+00 5.416438666044025574e-01 3.360344441983317831e-01
-1.149589218522977463e+00 5.080961884349102231e-01 3.238194363452158164e-01
-1.044932182332549697e+00 4.650844493746370545e-01 3.012066162517199053e-01
-9.195419029967194513e-01 4.154853461197526299e-01 2.701327611058589317e-01
-7.807187323198737650e-01 3.619577052624664004e-01 2.327915085099633019e-01
-6.357551202473658014e-01 3.069478540039268788e-01 1.916210709041435423e-01
-4.919398799660406052e-01 2.527075117078337319e-01 1.492486459094864437e-01
-3.565598284465005818e-01 2.013075771251703061e-01 1.084567169638005757e-01
-2.369006429412309767e-01 1.546510939320808187e-01 7.215803764579423185e-02
-1.387778122631356248e-01 1.141668868064699416e-01 4.278396427761768650e-02
-6.213193384493929938e-02 7.992673210835755937e-02 2.045269649469807008e-02
-5.447768262566215700e-03 5.172490117786142372e-02 4.645308973417430765e-03
3.277585591555153000e-02 2.941325383837808949e-02 -5.212377446462487449e-03
5.402784998271097788e-02 1.289905604002522695e-02 -9.743649044502597847e-03
5.978677586437361469e-02 2.142578068164969346e-03 -9.615171833948117641e-03
5.152283253061462620e-02 -2.845528976599967508e-03 -5.531682905585658117e-03
3.069989246601246072e-02 -2.007081154090871542e-03 1.768898147069083993e-03
-1.222434256943143518e-03 4.760565103632878776e-03 1.151994124739352289e-02
-4.278672905264511994e-02 1.760121344112651476e-02 2.293016339057158889e-02
-9.255831687461914259e-02 3.660531936761617089e-02 3.548263743434766637e-02
-1.491873747043625242e-01 6.152777552474716916e-02 4.982270170607928234e-02
-2.113344959505050191e-01 9.204852156965867560e-02 6.687239984968298967e-02
-2.776489643916734695e-01 1.278608092291117493e-01 8.753770185976728069e-02
-3.467705449660922201e-01 1.686700268187150964e-01 1.127112334595343768e-01
-4.173310523921958115e-01 2.141925601385136491e-01 1.432747677003057829e-01
-4.879557062726219141e-01 2.641546984865942305e-01 1.801014756558432794e-01
-5.572642823805772361e-01 3.182915915336470003e-01 2.240579308782456591e-01
-6.238720661592229710e-01 3.763462652978023515e-01 2.760058667990546444e-01
-6.863906140126728728e-01 4.380687037485811453e-01 3.368036859874373734e-01
-7.435748485153022003e-01 5.029954910166029025e-01 4.067256048861083162e-01
-7.947621826986255300e-01 5.697925530031466845e-01 4.837152989163376882e-01
-8.394321366259066552e-01 6.369140142801569260e-01 5.651323909841634574e-01
-8.770609849403900871e-01 7.028158603293919171e-01 6.483373583986064004e-01
-9.071237806269172310e-01 7.659488387978318213e-01 7.306948128613764970e-01
-9.291002299953121657e-01 8.247447312356409599e-01 8.095795572746062874e-01
-9.424894337438719516e-01 8.775871956159174703e-01 8.823896180854329252e-01
-9.468065609941579419e-01 9.228190430020132284e-01 9.465443457255613424e-01
-9.415826253775516630e-01 9.587433755238972122e-01 9.994845060047885532e-01
-9.263668083659706287e-01 9.836203743516076514e-01 1.038674045872658880e+00
-9.010711496159504730e-01 9.962299753959276138e-01 1.062348184272880580e+00
-8.669925924742638568e-01 9.975820260065496603e-01 1.071745329265252789e+00
-8.257715953401605358e-01 9.892548157620369986e-01 1.068848463437019891e+00
-7.790444910398262035e-01 9.728423451295113988e-01 1.055631813461558544e+00
-7.284402321486141973e-01 9.499615475779791263e-01 1.034057025050322709e+00
-6.755774028272568676e-01 9.222583052578479101e-01 1.006069998112875563e+00
-6.220615128200883692e-01 8.914122648411207939e-01 9.735983876128055936e-01
-5.694825889441958999e-01 8.591404710603192107e-01 9.385497760741332574e-01
-5.194130917180173057e-01 8.271998254325926281e-01 9.028105328967912513e-01
-4.734061814713053096e-01 7.973883891419143444e-01 8.682453743445233130e-01
-4.326157188916109342e-01 7.710374939136617201e-01 8.362188964569803318e-01
-3.966705575003731665e-01 7.474686476746349451e-01 8.061707074042547827e-01
-3.648300002231221750e-01 7.254849782599871455e-01 7.770707078548592106e-01
-3.363658800850250485e-01 7.038742435743514658e-01 7.479006033904168627e-01
-3.105629985434485985e-01 6.814088884059590345e-01 7.176535890746056356e-01
-2.867192509114781518e-01 6.568466524331539880e-01 6.853335681562886528e-01
-2.641454288440461262e-01 6.289317160559969588e-01 6.499538977373086057e-01
-2.421646986224350317e-01 5.963963674650820668e-01 6.105356559864373311e-01
-2.201117428333210224e-01 5.579631845642144539e-01 5.661054235831752823e-01
-1.973315641542428556e-01 5.123477220378709340e-01 5.156925742271256663e-01
-1.734034401362822830e-01 4.588834544797293913e-01 4.588745021798404378e-01
-1.488033096543667222e-01 3.994008999839676055e-01 3.974116736281569362e-01
-1.242052812215845015e-01 3.363804559665827254e-01 3.335902444886488794e-01
-1.002543188049011824e-01 2.723289871438556164e-01 2.696755513761674994e-01
-7.756823892351656646e-02 2.097744147024416528e-01 2.079169009097227849e-01
-5.674017354979619954e-02 1.512602969946696685e-01 1.505524846059761723e-01
-3.834178434828907495e-02 9.933904807563838368e-02 9.981571170214090238e-02
-2.292805612186300107e-02 5.655906351421147865e-02 5.794732232042131698e-02
-1.104108513782831903e-02 2.545796038112579582e-02 2.720172391700472619e-02
-3.213687026814608921e-03 8.557710619509910008e-03 9.851453430404491160e-03
2.374425414970932936e-04 7.462349444999902444e-03 7.369008899020470724e-03
-1.696590676334300621e-04 2.016318377807102546e-02 1.795848479123663896e-02
-3.730521894627060464e-03 4.373844379367881896e-02 3.901101103893403477e-02
-9.763778145445996259e-03 7.525824572678940783e-02 6.791939720594387941e-02
-1.760732085872567659e-02 1.117910336664468818e-01 1.020720795357776406e-01
-2.661432677018162746e-02 1.504095225252332080e-01 1.388476538574204833e-01
-3.614914992218698497e-02 1.881961600421011294e-01 1.756099958208132694e-01
-4.558308575950431596e-02 2.222481240634033017e-01 2.097039682216268186e-01
-5.429000283133365856e-02 2.496818674884944966e-01 2.384517156578818964e-01
-6.164183525569252864e-02 2.676372207123888236e-01 2.591495463732474969e-01
-6.713206429577478485e-02 2.742403760639174903e-01 2.699015838105342513e-01
-7.075835128657161077e-02 2.714721834764212693e-01 2.721407800664179533e-01
-7.264269104376723518e-02 2.622676696452319600e-01 2.681462926995119012e-01
-7.290798932259687226e-02 2.495506225876820694e-01 2.602141374185374945e-01
-7.168255884992848215e-02 2.362307321304208951e-01 2.506602875672029884e-01
-6.910469397858903795e-02 2.252010202132622985e-01 2.418233255987828068e-01
-6.532733715471283897e-02 2.193355591545423366e-01 2.360666430667513471e-01
-6.052285183832344095e-02 2.214874788701629571e-01 2.357801838162816299e-01
-5.488791734261777577e-02 2.344872638067825033e-01 2.433817258460437283e-01
-4.864856181974612503e-02 2.611413433889673841e-01 2.613176946598607664e-01
-4.203492613730822058e-02 3.031872471077909914e-01 2.911703434648318378e-01
-3.517636560294301606e-02 3.581781478556624876e-01 3.309596285853474429e-01
-2.815968837893315091e-02 4.226433958290362058e-01 3.777890476770980333e-01
-2.104906901952585674e-02 4.931379240645254458e-01 4.287324991711538580e-01
-1.387949662972451370e-02 5.662436273921972463e-01 4.808330743279536357e-01
-6.648163745722773799e-03 6.385699947435903301e-01 5.311028878135146680e-01
6.993172899826261002e-04 7.067533100090619413e-01 5.765246794093248361e-01
8.272174214919714164e-03 7.674579172798681181e-01 6.140508557738193485e-01
1.623829533650239521e-02 8.173770328034171140e-01 6.406034442194991074e-01
2.482855341784240277e-02 8.532330944914715554e-01 6.530747510680448009e-01
3.426560672452805267e-02 8.727842918293072794e-01 6.492822860037866795e-01
4.450969383485686715e-02 8.778245493830266755e-01 6.308492994890144701e-01
5.542300987486761810e-02 8.711309718306148309e-01 6.003736010614928453e-01
6.683097194429080123e-02 8.554523566482610253e-01 5.604773287568192153e-01
7.851757908427431376e-02 8.335089180536882081e-01 5.138061115105483356e-01
9.022158066084465244e-02 8.079921892137803541e-01 4.630280566841785128e-01
1.016334521962040938e-01 7.815651237618694847e-01 4.108325657684118726e-01
1.123931675544374842e-01 7.568624148051923406e-01 3.599289918349999340e-01
1.220887759842368414e-01 7.364910564608553312e-01 3.130451401749185791e-01
1.302557821256820070e-01 7.230311665556824474e-01 2.729256244677527032e-01
1.365031934839862904e-01 7.184121372823591978e-01 2.416630888176121428e-01
1.409164651338862817e-01 7.220521054791637638e-01 2.186878697647664793e-01
1.437238792812373933e-01 7.327561948727423502e-01 2.027553059853016704e-01
1.451778016853605691e-01 7.493444951831621514e-01 1.926116255360897644e-01
1.455553443584595708e-01 7.706516202719516651e-01 1.869948758850882020e-01
1.451586681390004130e-01 7.955261087570442147e-01 1.846358970182551962e-01
1.443149227629623721e-01 8.228296598837079312e-01 1.842593324520596654e-01
1.433758394979670892e-01 8.514361995662200755e-01 1.845846533943363843e-01
1.427169601511330543e-01 8.802307709754340070e-01 1.843272036339866915e-01
1.427365029837685539e-01 9.081082464890063433e-01 1.821992544918072665e-01
1.437630968057034830e-01 9.341365109133555888e-01 1.772142706904484832e-01
1.457726165617437286e-01 9.580449115667278859e-01 1.695969831104308378e-01
1.486431308681462893e-01 9.797228071781848291e-01 1.598731605876434203e-01
1.522423273377483399e-01 9.990543799153830395e-01 1.485661283161458512e-01
1.564265061133958690e-01 1.015919255794225373e+00 1.361966069732645779e-01
1.610346048760347148e-01 1.030193932281298075e+00 1.232830295677586480e-01
1.658717206572724312e-01 1.041755002347233283e+00 1.103427542526666527e-01
1.707226888193623948e-01 1.050478294694187742e+00 9.789041776237887571e-02
1.753569812903412739e-01 1.056239082960615194e+00 8.643726678364099802e-02
1.795289257193758425e-01 1.058912897117518348e+00 7.649099933424784170e-02
1.830796924925639502e-01 1.058724081134670314e+00 6.840162124823638556e-02
1.862555077789442848e-01 1.057289089442148500e+00 6.190594980066183028e-02
1.894273198663648794e-01 1.056571347303861153e+00 5.660106557007765771e-02
1.929955647533372898e-01 1.058532140739419924e+00 5.209942924465915670e-02
1.973926707230990174e-01 1.065129561493109112e+00 4.802826151573207081e-02
2.030847143298057933e-01 1.078317578735690008e+00 4.402889477260557571e-02
2.105722329344204558e-01 1.100045254897809688e+00 3.975607774540593220e-02
2.203901915552368418e-01 1.132256126303284205e+00 3.487722693621034264e-02
2.331071184013598085e-01 1.176887768805690460e+00 2.907159616684769354e-02
2.493234140332169502e-01 1.235871570469042391e+00 2.202934971756968785e-02
2.693889822474050399e-01 1.309887815309179304e+00 1.358872899972909942e-02
2.925215283662042087e-01 1.394638318260764898e+00 4.133716594897862695e-03
3.175759055602099257e-01 1.484594381856598755e+00 -5.847921549251559881e-03
3.433148426004714593e-01 1.574244568728468296e+00 -1.590473789529926740e-02
3.684118509797462693e-01 1.658095350076453034e+00 -2.561915512289980601e-02
3.914563364919776967e-01 1.730671158440443946e+00 -3.460473685859819654e-02
4.109609000064597950e-01 1.786513792062505601e+00 -4.250314492854559423e-02
4.253707950933081627e-01 1.820181128385697678e+00 -4.898075147727330714e-02
4.330755444636792961e-01 1.826245104631930127e+00 -5.372488958727661412e-02
4.324227035872992841e-01 1.799288936455593291e+00 -5.643972830578161681e-02
4.223158593666799243e-01 1.736227247522161843e+00 -5.699307975924697289e-02
4.040233481825839523e-01 1.643262370001519646e+00 -5.584726151324757165e-02
3.795144106671280992e-01 1.528894065945147318e+00 -5.357285635018214226e-02
3.508746609856103760e-01 1.401595542915688331e+00 -5.069774325861491765e-02
3.202876246008923844e-01 1.269816923947994391e+00 -4.771303481558033383e-02
2.900194151032418066e-01 1.141988275215053195e+00 -4.507900843802303825e-02
2.624078590314874448e-01 1.026521787698890575e+00 -4.323084990147769979e-02
2.398090424081317507e-01 9.318249133500924319e-01 -4.258841230173057019e-02
2.245676651385369871e-01 8.663078386430055344e-01 -4.356408841991836478e-02
2.189976261461559770e-01 8.383884342114260591e-01 -4.656981222956311367e-02
2.246616867590938982e-01 8.538015176555060481e-01 -5.188343954152437043e-02
2.402527364289741840e-01 9.075156422768425601e-01 -5.923756977120250844e-02
2.637163803961555253e-01 9.918145803089735146e-01 -6.824731773214670616e-02
2.929751838426952748e-01 1.098987103630953532e+00 -7.854565119021847397e-02
3.259479261591711197e-01 1.221322213797690681e+00 -8.977698414318489861e-02
3.605667385938565173e-01 1.351104939964374418e+00 -1.015909663877753166e-01
3.947921394799167039e-01 1.480612734991100021e+00 -1.136364855557770032e-01
4.266259868297626601e-01 1.602112485599454406e+00 -1.255558974281988927e-01
4.541223474976137653e-01 1.707858147857526543e+00 -1.369794801758836000e-01
4.753962842226378549e-01 1.790089008590048048e+00 -1.475201067154893186e-01
4.891119288794552045e-01 1.843009125319710284e+00 -1.568576969620318340e-01
4.959037437268628556e-01 1.868735097732096451e+00 -1.650118802250130912e-01
4.968827668162007494e-01 1.871365846496579888e+00 -1.720874999537101990e-01
4.931421712706162697e-01 1.855004862519358699e+00 -1.781898653544330968e-01
4.857516731495491458e-01 1.823761395407640373e+00 -1.834276600902582655e-01
4.757530352563879572e-01 1.781751328270485102e+00 -1.879157541266457954e-01
4.641566727438165008e-01 1.733097746819745044e+00 -1.917779281158268345e-01
4.519393491739966406e-01 1.681931217847385307e+00 -1.951495200670997354e-01
4.400429881317700076e-01 1.632389784128253751e+00 -1.981800056106086116e-01
4.293746057576875441e-01 1.588618689199260192e+00 -2.010355223546839709e-01
4.206923965531981224e-01 1.554068737136611977e+00 -2.039150462671139308e-01
4.142732484453171549e-01 1.529390358345890988e+00 -2.070874817931851464e-01
4.102778928204166564e-01 1.514533047555751244e+00 -2.108404793158913937e-01
4.088701391617838299e-01 1.509445405678537355e+00 -2.154649260629946383e-01
4.102185536106018326e-01 1.514074471018294954e+00 -2.212545597777163531e-01
4.144960904830668480e-01 1.528365904718459678e+00 -2.285032915414199339e-01
4.218752487419356600e-01 1.552266131485047662e+00 -2.374977508552651440e-01
4.325353322660358546e-01 1.585719339044925347e+00 -2.485226334553557737e-01
4.466655787494495655e-01 1.628666213282111253e+00 -2.618615201234460454e-01
4.644662331148265988e-01 1.681043580084248479e+00 -2.777954560782648352e-01
4.859522536931450976e-01 1.742318254864589910e+00 -2.964460481669033420e-01
5.103637037081394379e-01 1.810090237814527159e+00 -3.173030349709948794e-01
5.367589170903853679e-01 1.881492383232989063e+00 -3.396817908295226562e-01
5.642076854676705278e-01 1.953657982916226832e+00 -3.628779307988406200e-01
5.917860125701153162e-01 2.023722372600342823e+00 -3.861683000083645512e-01
6.185704475679060232e-01 2.088824501587007720e+00 -4.088125998482665668e-01
6.436320108198362311e-01 2.146108464590323894e+00 -4.300556637521815162e-01
6.660296908690401807e-01 2.192725007539766846e+00 -4.491303997779712009e-01
6.848035541349484223e-01 2.225833004502181911e+00 -4.652614163859947194e-01
6.989674811369140928e-01 2.242600914275243440e+00 -4.776693497137721733e-01
7.078421786996893506e-01 2.241222943356520947e+00 -4.858152531830690624e-01
7.120822548532188545e-01 2.223959158219241061e+00 -4.901280646277659248e-01
7.126760417730912955e-01 2.194082206585802108e+00 -4.912953204891182257e-01
7.106146471487631011e-01 2.154859902239862013e+00 -4.900221728272157184e-01
7.068994802982832004e-01 2.109553624130835470e+00 -4.870275907468140097e-01
7.025501770168124382e-01 2.061416716213515077e+00 -4.830397626758619611e-01
6.986128927769386099e-01 2.013692870313695593e+00 -4.787906797517352819e-01
6.961689804960470296e-01 1.969614470276426443e+00 -4.750098031510472940e-01
6.963439658449150915e-01 1.932400869762804341e+00 -4.724168641494911336e-01
7.003167882339548234e-01 1.905256571924255793e+00 -4.717137530513120236e-01
7.089947311032324118e-01 1.890426810286038206e+00 -4.733621321432864848e-01
7.219866229986788841e-01 1.886376912548631157e+00 -4.769460183623820404e-01
7.385512451114752963e-01 1.890634525045533199e+00 -4.818302915226648775e-01
7.579174927407998918e-01 1.900735323261425247e+00 -4.873819524299759509e-01
7.792772010763513446e-01 1.914224303249905113e+00 -4.929764147310080613e-01
8.017691270993058117e-01 1.928658155220412729e+00 -4.980148707697801824e-01
8.244451112626702827e-01 1.941610113669737681e+00 -5.019643585141073672e-01
8.462887464250054004e-01 1.950669673024120643e+00 -5.043371926172733888e-01
8.662183923635896621e-01 1.953443828487094525e+00 -5.046886135745111135e-01
8.830828124821796798e-01 1.947559242840485094e+00 -5.026236824961239913e-01
8.958403246046723334e-01 1.931136947510473822e+00 -4.978645171752832388e-01
9.041275891800731879e-01 1.904205015622280062e+00 -4.904219777945781900e-01
9.077549941619049712e-01 1.867269692099692513e+00 -4.803839043759214888e-01
9.065330424803801357e-01 1.820840939798127778e+00 -4.678474832664383243e-01
9.002751257976262522e-01 1.765432126520233513e+00 -4.529166779444440682e-01
8.888000915860486684e-01 1.701559654843369573e+00 -4.356996756176769736e-01
8.719345974914216590e-01 1.629742533864998455e+00 -4.163063510205929907e-01
8.495152663293210615e-01 1.550501872250786395e+00 -3.948457993419293710e-01
8.213906244672765089e-01 1.464360317125861011e+00 -3.714238881801061876e-01
7.874228267870286846e-01 1.371841439027777554e+00 -3.461408466304730647e-01
7.477446507336968917e-01 1.273834158811756101e+00 -3.192393438325219490e-01
7.035562634080831934e-01 1.172676842938612740e+00 -2.915290771576666828e-01
6.564095009576665918e-01 1.071042118357690809e+00 -2.638900246636707858e-01
6.079575859959714945e-01 9.715668720818547710e-01 -2.371135028734355776e-01
5.599518634246859472e-01 8.768501887893612734e-01 -2.119011117070393746e-01
5.142375147057559603e-01 7.894516674249600907e-01 -1.888651658289233759e-01
4.727483498076978652e-01 7.118901865172310162e-01 -1.685306684165892022e-01
4.375007661493208744e-01 6.466431809425866595e-01 -1.513389147963321302e-01
4.105869843470985048e-01 5.961464938461658036e-01 -1.376527166852644923e-01
3.941676493755290611e-01 5.627948546656788009e-01 -1.277632968154002735e-01
3.899397618551946887e-01 5.481673643366617998e-01 -1.217864820965531003e-01
3.975152095444693390e-01 5.507243865035433839e-01 -1.193760745706153870e-01
4.159180787590113226e-01 5.681748473100269869e-01 -1.201381078495571963e-01
4.441005370148479181e-01 5.982585604727969075e-01 -1.237539872605675495e-01
4.809458230916545673e-01 6.387469271567716156e-01 -1.299794526532332406e-01
5.252735953570236704e-01 6.874425894168213480e-01 -1.386377881275927537e-01
5.758506744906994879e-01 7.421769954919821277e-01 -1.495995131233707753e-01
6.313918535407971877e-01 8.008103998000730694e-01 -1.627846535401460404e-01
6.905633031218266771e-01 8.612309718646896650e-01 -1.781592533236929232e-01
7.519874544184133036e-01 9.213531929599519943e-01 -1.957282486225674079e-01
8.142503586454493680e-01 9.792508074742549695e-01 -2.153988542750110979e-01
8.759129347924522468e-01 1.033559553851496338e+00 -2.365851853493863843e-01
9.355055181975225898e-01 1.083071820554849518e+00 -2.585924204012526317e-01
9.915299561003638740e-01 1.126600446381845977e+00 -2.807415573988154001e-01
1.042464567359208782e+00 1.162976961773899420e+00 -3.023645649091272758e-01
1.086768951412871331e+00 1.191049577484061928e+00 -3.227997380190033572e-01
1.122888664763911803e+00 1.209680936673254159e+00 -3.413872749224257652e-01
1.149259794066955553e+00 1.217745642120665162e+00 -3.574650622809639744e-01
1.164313435646817441e+00 1.214127572915732367e+00 -3.703647052202480028e-01
1.166480099753324895e+00 1.197717002477606263e+00 -3.794078096564976743e-01
1.154649795557724179e+00 1.167866137859643105e+00 -3.840591839311624511e-01
1.129552717983579591e+00 1.125753730697874211e+00 -3.843902268477396023e-01
1.092408619485314425e+00 1.072994252507156299e+00 -3.806036981470496405e-01
1.044469783111816819e+00 1.011178878359090483e+00 -3.728809317517333133e-01
9.870170813884522332e-01 9.418774738999576845e-01 -3.613867266062230077e-01
9.213560737548994739e-01 8.666407210531419381e-01 -3.462739776035859141e-01
8.488131239950064133e-01 7.870023726257907581e-01 -3.276880382364726341e-01
7.707315212759141554e-01 7.044816305107306498e-01 -3.057707953818380453e-01
6.884675869490449740e-01 6.205856353406463688e-01 -2.806644627731503805e-01
6.033867519398544710e-01 5.368120605974389115e-01 -2.525150820346889757e-01
5.169965730765799794e-01 4.546484618537035005e-01 -2.216442015045468339e-01
4.313536673479145822e-01 3.755635131279591588e-01 -1.890572138404248148e-01
3.486477353268494506e-01 3.010181969188882589e-01 -1.559411820225118650e-01
2.710585452050506827e-01 2.324738087757782512e-01 -1.235001180766077400e-01
2.007498183886727294e-01 1.713973311928366217e-01 -9.295843489873378829e-02
1.398639593499464706e-01 1.192663075277643203e-01 -6.556346054321551819e-02
9.051607030150343736e-02 7.757452256019313486e-02 -4.258793707582748944e-02
5.478320784916863861e-02 4.784184685435174944e-02 -2.533490225251710040e-02
3.470218683506723356e-02 3.161698866240688494e-02 -1.513692572024511428e-02
3.227054648537620168e-02 3.047779001187142511e-02 -1.335296159861763983e-02
4.855659025809849760e-02 4.530442239197946669e-02 -2.088839126288133397e-02
8.104466263020809746e-02 7.408692411011819079e-02 -3.674695158969965014e-02
1.263520182502184397e-01 1.140770509013455253e-01 -5.942384198052243216e-02
1.811334073195890737e-01 1.625050147353762076e-01 -8.737422424161683798e-02
2.420863622218919209e-01 2.165746373502774602e-01 -1.190125018672428675e-01
3.059540541072914288e-01 2.734601577816185847e-01 -1.527137696618967311e-01
3.695256651816573035e-01 3.303046434429083300e-01 -1.868174082001093361e-01
4.296342225996777064e-01 3.842199566920386222e-01 -2.196328003794656980e-01
4.831518498005601403e-01 4.322882318880474362e-01 -2.494471466361962708e-01
5.269824019795898984e-01 4.715648258814708060e-01 -2.745353618316564437e-01
5.587280181483489372e-01 4.997117545870763400e-01 -2.935074172964785566e-01
5.786981478187377403e-01 5.168989438543853954e-01 -3.063288705606215800e-01
5.878571896854464240e-01 5.239360313992927898e-01 -3.133240621753821675e-01
5.871434890606210821e-01 5.216468989912215193e-01 -3.148418018947270469e-01
5.774682000473339016e-01 5.108704705867068707e-01 -3.112550139262312277e-01
5.597149070342058996e-01 4.924611298429736328e-01 -3.029598347172395845e-01
5.347400219716202940e-01 4.672887758130777613e-01 -2.903741742832915973e-01
5.033739854303853622e-01 4.362385092254546515e-01 -2.739357543221221936e-01
4.664232591337816869e-01 4.002099824092911762e-01 -2.540996206489933296e-01
4.246731113258127577e-01 3.601164125106779967e-01 -2.313351293962321309e-01
3.791164274376061516e-01 3.170561339568704895e-01 -2.062614902964526598e-01
3.316411540306773986e-01 2.728276550715841853e-01 -1.800511569904384712e-01
2.843769810664663056e-01 2.294032297500487594e-01 -1.539862657753200970e-01
2.394872033529066302e-01 1.887474049953706823e-01 -1.293016245677349463e-01
1.991856090686285607e-01 1.528072653678909931e-01 -1.071669243799814319e-01
1.657515678409933191e-01 1.235028224235042854e-01 -8.866979225716964397e-02
1.415438658888761581e-01 1.027170912045123896e-01 -7.479899433256764762e-02
1.290286393396949949e-01 9.227585801243343155e-02 -6.641155897469466773e-02
1.307881344938670032e-01 9.393714797352582802e-02 -6.421696590924742820e-02
1.495213917525208547e-01 1.093843970299524931e-01 -6.876822469602084098e-02
1.869119108979458987e-01 1.392951609031374827e-01 -8.001954006361694516e-02
2.401527826028393153e-01 1.806073566561299526e-01 -9.612447487729916529e-02
3.051799042069542334e-01 2.293879398128761682e-01 -1.149516537044360381e-01
3.777650100591709026e-01 2.817883042208872979e-01 -1.345759336661682681e-01
4.535058799689041242e-01 3.340605174932204657e-01 -1.533019845229501299e-01
5.278233001601194685e-01 3.825706878640490749e-01 -1.696821583506417375e-01
5.959642220284606662e-01 4.238090695098356564e-01 -1.825283364088486349e-01
6.530104799735948484e-01 4.543965243739914728e-01 -1.909174212238622104e-01
6.938923929474719587e-01 4.710869235978280001e-01 -1.941901944125277724e-01
7.134065379762162262e-01 4.707651038470659355e-01 -1.919432781698560686e-01
7.078864946505502020e-01 4.517547268196691612e-01 -1.842978217976826982e-01
6.802667495243993612e-01 4.176699126971933351e-01 -1.725640743613481853e-01
6.353022614589263206e-01 3.733185783788994794e-01 -1.580850246244603352e-01
5.779296084022806923e-01 3.233631895329059924e-01 -1.419097096343619191e-01
5.132490675643135436e-01 2.723219756395101054e-01 -1.248002813228053509e-01
4.465031799067716300e-01 2.245755879281641498e-01 -1.072470545536702569e-01
3.830524844273052176e-01 1.843794559456715387e-01 -8.949168211136433737e-02
3.283489996105204978e-01 1.558820269882856546e-01 -7.155857187912297024e-02
2.879079131911999601e-01 1.431489691752290405e-01 -5.329458076643557585e-02
2.672777621355589828e-01 1.501933369138535035e-01 -3.441700593732130442e-02
2.705492263788150109e-01 1.796215809652465800e-01 -1.460125438983610191e-02
2.959200603623897696e-01 2.285302655371730940e-01 6.293610262786214493e-03
3.400269944351238527e-01 2.927401167151490458e-01 2.817305383187879153e-02
3.994193911437573519e-01 3.681823239052729457e-01 5.074067067591232771e-02
4.705824155154623711e-01 4.508815621934753604e-01 7.352745489922996036e-02
5.499674139337153989e-01 5.369267313276924192e-01 9.593845054932007010e-02
6.340424729741259702e-01 6.224112255924426629e-01 1.173424716267479906e-01
7.193128713343203140e-01 7.034110305668844765e-01 1.371094459721587944e-01
8.023418031606449619e-01 7.759619576428560261e-01 1.546498678797035009e-01
8.797732574985505094e-01 8.360346111571141936e-01 1.694587330049972251e-01
9.488836123301009895e-01 8.805443498757151710e-01 1.811932744451278388e-01
1.009153330121188352e+00 9.104490371004982929e-01 1.897807150726509295e-01
1.060610249390828930e+00 9.276866699515204928e-01 1.952469129961857397e-01
1.103276247840774271e+00 9.341522733911717946e-01 1.976601858218759444e-01
1.137154117349336913e+00 9.317012351122230251e-01 1.971215697219889096e-01
1.162216078443244482e+00 9.221523724089388807e-01 1.937558269519891463e-01
1.178393826449586568e+00 9.072906916736687144e-01 1.877032287828175050e-01
1.185570012344523860e+00 8.888698367835075054e-01 1.791121291712258756e-01
1.183571091378872175e+00 8.686142345503311546e-01 1.681323092894486115e-01
1.172161483968979789e+00 8.482209687841455459e-01 1.549090599276054803e-01
1.151485935073770950e+00 8.291046043795117226e-01 1.396797089354577803e-01
1.123430850464316899e+00 8.116636838642785623e-01 1.230571960088566452e-01
1.090323756381097908e+00 7.961173580135759709e-01 1.056867424598583183e-01
1.054491186709256789e+00 7.827770143610511822e-01 8.812815575033311477e-02
1.018256738905557235e+00 7.720503910243775580e-01 7.084535213413223342e-02
9.839384799778969626e-01 7.644434892395673975e-01 5.419764641946106520e-02
9.538459310195404051e-01 7.605603237503405500e-01 3.843287817857865551e-02
9.302768348822888500e-01 7.611006150001630166e-01 2.368250204108776624e-02
9.155140061152106101e-01 7.668554429846788922e-01 9.958642276117563030e-03
9.118225168021572014e-01 7.787009568976075435e-01 -2.846817788995509302e-03
9.204970428961012363e-01 7.971211909716704458e-01 -1.501922454418963548e-02
9.390370508263374827e-01 8.207240970897348165e-01 -2.709102780965944035e-02
9.640490510293975301e-01 8.475287063917755770e-01 -3.948477518631132721e-02
9.922087171816647011e-01 8.754248935646338214e-01 -5.242553970547614295e-02
1.020264180359719663e+00 9.021841981191776050e-01 -6.594001425021944751e-02
1.045029147461049579e+00 9.254812804439155327e-01 -7.986753542316485377e-02
1.063355674567275200e+00 9.429349881012508705e-01 -9.389305135310122008e-02
1.072152724106937738e+00 9.521001228433116914e-01 -1.075304653214293471e-01
1.068392037416652451e+00 9.504723979561915392e-01 -1.201203316800970033e-01
1.049106434890785922e+00 9.355001932573756562e-01 -1.308357943914595922e-01
1.012425891493820451e+00 9.054291604483793998e-01 -1.388074395896973789e-01
9.606429027951101096e-01 8.618537623145594573e-01 -1.436030407672301834e-01
8.970178484119946116e-01 8.072832729567934740e-01 -1.450768934567019108e-01
8.247320151624663032e-01 7.443047996395303345e-01 -1.432750217354906985e-01
7.468904058553370584e-01 6.755703918207545122e-01 -1.384291862616225943e-01
6.665244969671830777e-01 6.037853429295346741e-01 -1.309507403139056891e-01
5.865948545444847895e-01 5.316976933822252782e-01 -1.214243295136966660e-01
5.099935096955959812e-01 4.620889598334499970e-01 -1.106014323183938663e-01
4.395460454083535140e-01 3.977660657302076741e-01 -9.939374624243009493e-02
3.780133194663931606e-01 3.415544862250104452e-01 -8.886641782326096251e-02
3.275674564511436571e-01 2.957488708089419660e-01 -8.005527372657091079e-02
2.882440748221115623e-01 2.604700034724221069e-01 -7.337472684235872566e-02
2.595657833154081384e-01 2.352823852738061550e-01 -6.904123240688025964e-02
2.410731679923885651e-01 2.197385310438825234e-01 -6.723538325418267070e-02
2.323235797936997749e-01 2.133814756306896265e-01 -6.810299451452800357e-02
2.328899733740463218e-01 2.157470897605246463e-01 -7.175625304287061579e-02
2.423598087166616288e-01 2.263662020209181724e-01 -7.827493650193431685e-02
2.603340170830460432e-01 2.447665446988155913e-01 -8.770767272476036325e-02
2.864260473581498045e-01 2.704745059653183570e-01 -1.000732675756515200e-01
3.202609978508480504e-01 3.030166929514694907e-01 -1.153620932226175760e-01
3.612798347689598621e-01 3.417792695237466538e-01 -1.334939394923137790e-01
4.081597603297534294e-01 3.855797618366714197e-01 -1.541727816629383518e-01
4.594095969321391748e-01 4.330885340190849253e-01 -1.769920898007033561e-01
5.135667148543126004e-01 4.829707885430158942e-01 -2.014779547932805115e-01
5.691978031158081430e-01 5.338867730276853907e-01 -2.270927829608461457e-01
6.249039003630014744e-01 5.844878791748205904e-01 -2.532374863084672079e-01
6.793364152423131408e-01 6.334026619015262760e-01 -2.792493866145716042e-01
7.311915334508919395e-01 6.792419122169838230e-01 -3.044089302860845114e-01
7.792074574891607597e-01 7.206008027438567387e-01 -3.279454551829056319e-01
8.221639910929571249e-01 7.560585418425719295e-01 -3.490420954552305166e-01
8.590132757723069057e-01 7.844230379659297148e-01 -3.669734607073578125e-01
8.892604609231067325e-01 8.054671218333523397e-01 -3.815178436765895298e-01
9.125419704780555197e-01 8.191993969356745620e-01 -3.925801140406903755e-01
9.284882197578843144e-01 8.256219831695251754e-01 -4.000629918200990787e-01
9.367217207004078228e-01 8.247325035498276335e-01 -4.038683655752147161e-01
9.368551442400605556e-01 8.165261766029753288e-01 -4.038988712650723456e-01
9.284893365629679485e-01 8.009980241047810479e-01 -4.000597299531633011e-01
9.112112769932164680e-01 7.781451892763460165e-01 -3.922609032236286097e-01
8.845919901296228627e-01 7.479693928246208268e-01 -3.804195137981789543e-01
8.481844176580469741e-01 7.104795345455615641e-01 -3.644625490523301092e-01
8.019880239876131522e-01 6.659760502187141995e-01 -3.444645347709052730e-01
7.478393744951253863e-01 6.159022113332821569e-01 -3.210733337764000161e-01
6.879995328990203829e-01 5.620059222066617899e-01 -2.951362554442181763e-01
6.246904299325469756e-01 5.060559957299533007e-01 -2.675610937209554896e-01
5.601015363590593488e-01 4.498381196880259503e-01 -2.393059795178918980e-01
4.963978909601319822e-01 3.951500435968049452e-01 -2.113686374424131598e-01
4.357294579828245862e-01 3.437959479899944104e-01 -1.847750538677128684e-01
3.802417426637926257e-01 2.975799873843106846e-01 -1.605675498175899163e-01
3.320876417994587659e-01 2.582989159966155857e-01 -1.397922198002150285e-01
2.934404339963033737e-01 2.277337588707592786e-01 -1.234856865273646076e-01
2.661702408502915063e-01 2.072875532377470298e-01 -1.124717276485603795e-01
2.508397063324023790e-01 1.969208071674122262e-01 -1.067811500540888914e-01
2.477138095550897590e-01 1.962109672211707068e-01 -1.062147726152899291e-01
2.570964106975294206e-01 2.047027732502882946e-01 -1.105289066518798519e-01
2.793294998619030300e-01 2.219047974633685527e-01 -1.194308365758545709e-01
3.147885580154379803e-01 2.472884501079057884e-01 -1.325766917361847763e-01
3.638673309203781514e-01 2.802951069968739328e-01 -1.495783705097241678e-01
4.269761908466228606e-01 3.203331782804074157e-01 -1.699990424909631481e-01
5.045361976859386033e-01 3.667788870993951567e-01 -1.933530587191183148e-01
5.969707569626925281e-01 4.189793566058946928e-01 -2.191085817071632136e-01
7.039341410634808449e-01 4.759465387178068996e-01 -2.465268702508031928e-01
8.219902673582117902e-01 5.354684256182409285e-01 -2.742160580936160441e-01
9.468534555473541170e-01 5.951095085245404759e-01 -3.007091768960669653e-01
1.074136680849875569e+00 6.525437743982971384e-01 -3.246624330356243648e-01
1.199345432279793844e+00 7.055677645879163684e-01 -3.448777833238976798e-01
1.317875118672047874e+00 7.521112880085822905e-01 -3.603225833991349214e-01
1.425011810328487893e+00 7.902456954820180623e-01 -3.701461575842097673e-01
1.515936070428574034e+00 8.181895785419803779e-01 -3.736931274001658587e-01
1.585729545061321355e+00 8.343118285740777074e-01 -3.705133117452830138e-01
1.629383955913912052e+00 8.371319730884101418e-01 -3.603680130700171458e-01
1.643422263091787183e+00 8.259585112282498143e-01 -3.435124043688958517e-01
1.630798425524973450e+00 8.027147409174247850e-01 -3.214099202530756871e-01
1.596173726537687187e+00 7.698488788074687728e-01 -2.956657622730949342e-01
1.544320016410298591e+00 7.296630991640790098e-01 -2.677008617107887734e-01
1.480115601720183527e+00 6.843088784924846735e-01 -2.387397327722542151e-01
1.408538854680744912e+00 6.357852986165994924e-01 -2.098023196205694163e-01
1.334659974373803237e+00 5.859403675151895197e-01 -1.817000017346011576e-01
1.263631379306993763e+00 5.364752994362840255e-01 -1.550359311057063483e-01
1.200677117260867011e+00 4.889518889823733505e-01 -1.302098022938932287e-01
1.151081717430974871e+00 4.448029696261872057e-01 -1.074271651129377059e-01
1.118740747694384696e+00 4.048862334763658755e-01 -8.657277329402829347e-02
1.101806605293794261e+00 3.681846388308075424e-01 -6.690414350656380404e-02
1.096950214360425724e+00 3.333034666069046303e-01 -4.765318192955329824e-02
1.100800081730007207e+00 2.989410396692132044e-01 -2.818810848037185679e-02
1.109951874323697796e+00 2.638808744378682847e-01 -8.006418646479393844e-03
1.120979674860129283e+00 2.269735343940735839e-01 1.328477268424050478e-02
1.130446345933653562e+00 1.870997210699713309e-01 3.601185533343198575e-02
1.134900216633117687e+00 1.431818175453574149e-01 6.042368894171967070e-02
1.130878730080627115e+00 9.418019252594575508e-02 8.669773681694216416e-02
1.114913364876161328e+00 3.908251003442389515e-02 1.149549300668306628e-01
1.084405623632666904e+00 -2.252015167943038909e-02 1.450529169863720713e-01
1.040263370613618843e+00 -8.869930993603536429e-02 1.759656453878312155e-01
9.843095873038351096e-01 -1.569721196784193973e-01 2.065016242647042810e-01
9.184023617662033789e-01 -2.248840529361092466e-01 2.355260138186320018e-01
8.444233061092064618e-01 -2.900021663029034302e-01 2.619532501723301765e-01
7.642673608169283650e-01 -3.499090113790023215e-01 2.847396491879845559e-01
6.798339207229712189e-01 -4.021972206639113367e-01 3.028760527656492174e-01
5.930192258486763901e-01 -4.444647858177999677e-01 3.153805771773863786e-01
5.057099662429286324e-01 -4.743110535960431418e-01 3.212914993264494035e-01
4.197780563907717588e-01 -4.893334500439873169e-01 3.196603147789018329e-01
3.368727340300110562e-01 -4.879887099739412260e-01 3.099595782603292160e-01
2.578030033416144340e-01 -4.721829863748927547e-01 2.933177283694112791e-01
1.831472943350719584e-01 -4.446806340855359307e-01 2.712664680649128357e-01
1.134661596684733431e-01 -4.082407535465959469e-01 2.453233606674782574e-01
4.931131256065530988e-02 -3.656176311788567057e-01 2.169902653098589596e-01
-8.766645225427261920e-03 -3.195612624906083443e-01 1.877521485281641311e-01
-6.021180410906398772e-02 -2.728179520277659864e-01 1.590762474022371364e-01
-1.044578308104682218e-01 -2.281309904040298708e-01 1.324115657733188067e-01
-1.409241559689729806e-01 -1.882414103456112042e-01 1.091886959620137626e-01
-1.690134594798732293e-01 -1.558888263143314301e-01 9.081996148239379618e-02
-1.884558118778633107e-01 -1.331403639253706250e-01 7.833716592140804735e-02
-2.003505494109998897e-01 -1.193751855756080421e-01 7.131051288908098196e-02
-2.061419090958952482e-01 -1.133004930882870742e-01 6.895004056236374301e-02
-2.072775645340298178e-01 -1.136236577304045037e-01 7.047337776126957887e-02
-2.052105741189310106e-01 -1.190519785000380831e-01 7.510894943441476235e-02
-2.014002988972107833e-01 -1.282929256372652149e-01 8.209824557501169129e-02
-1.973116503592964588e-01 -1.400557045063764994e-01 9.069662388527884034e-02
-1.944156808368062705e-01 -1.530468121370772427e-01 1.001768148699372918e-01
-1.941893127086110060e-01 -1.659677207640675445e-01 1.098306489222898169e-01
-1.981145783942457328e-01 -1.775137823742757304e-01 1.189695103265625831e-01
-2.072431249396772257e-01 -1.866248883308897211e-01 1.270496275640221884e-01
-2.208903358717763388e-01 -1.932429984723395555e-01 1.340366537591888840e-01
-2.379367576012496044e-01 -1.975644245182013869e-01 1.400080915823306293e-01
-2.572626092351767979e-01 -1.997903964292601642e-01 1.450239025991357789e-01
-2.777480430807101608e-01 -2.001280957219774281e-01 1.491260169668369162e-01
-2.982733945709936663e-01 -1.987914938339192528e-01 1.523383939885352700e-01
-3.177194057219870915e-01 -1.960019948274878132e-01 1.546676335698026206e-01
-3.349674086610899271e-01 -1.919888785289084465e-01 1.561041371188631177e-01
-3.488994526880916935e-01 -1.869895439186837205e-01 1.566238175998360682e-01
-3.583983619234071827e-01 -1.812495501968301725e-01 1.561903574594833144e-01
-3.626964196576086819e-01 -1.750141364675312228e-01 1.547925504474257918e-01
-3.624205121450322920e-01 -1.684982841264698883e-01 1.525581572130131902e-01
-3.585445743314727984e-01 -1.619030810831375844e-01 1.496640141907823185e-01
-3.520408321243364558e-01 -1.554224656829953644e-01 1.463023760935364681e-01
-3.438800323396369318e-01 -1.492429767702136145e-01 1.426793878283547923e-01
-3.350317793509738351e-01 -1.435436750018596608e-01 1.390130939119601505e-01
-3.264649837841500091e-01 -1.384962375803011625e-01 1.355309865978432116e-01
-3.191484221293025003e-01 -1.342652412607137358e-01 1.324670887274431719e-01
-3.140514082893514081e-01 -1.310086258572009388e-01 1.300585762849556792e-01
-3.121445698070634545e-01 -1.288783456262551641e-01 1.285419389119924205e-01
-3.140338027358073880e-01 -1.279281272516950563e-01 1.280465091026036506e-01
-3.188590594611616647e-01 -1.278396081932601513e-01 1.282843156786400429e-01
-3.253926172330299238e-01 -1.282095734889039940e-01 1.288578195213557764e-01
-3.324044861185964095e-01 -1.286434329864712955e-01 1.293667293047415234e-01
-3.386610390238486978e-01 -1.287541809003375781e-01 1.294134283775733307e-01
-3.429229214374779899e-01 -1.281598797644091792e-01 1.286119075079997232e-01
-3.439417476024983489e-01 -1.264783578075636128e-01 1.266032004408315648e-01
-3.404609187712202001e-01 -1.233292585767285232e-01 1.230530178683460485e-01
-3.312153878990735656e-01 -1.183342969139848933e-01 1.176538415121954895e-01
-3.149310127509747370e-01 -1.111166376598696770e-01 1.101291618679754308e-01
-2.910364228557411614e-01 -1.015349260050774360e-01 1.004463012042866588e-01
-2.618087038132083100e-01 -9.038266459906060812e-02 8.942070907815649616e-02
-2.302531415948989857e-01 -7.867973871306080391e-02 7.803785642083435614e-02
-1.993951336039905542e-01 -6.743892882262937649e-02 6.722674107585070724e-02
-1.722818062541163764e-01 -5.766715236292689617e-02 5.785008812841332948e-02
-1.519831136174572550e-01 -5.036596775799019599e-02 5.069615877296211603e-02
-1.415924672480158020e-01 -4.653129999981330672e-02 4.647217860317527649e-02
-1.442269607225578620e-01 -4.715234175676427664e-02 4.579939723167521237e-02
-1.630272592001852927e-01 -5.320958980028910046e-02 4.920979381133103181e-02
-2.011572338180819264e-01 -6.567196942913239299e-02 5.714444294049619844e-02
-2.605470393459811129e-01 -8.507632087268995891e-02 6.964989136876517661e-02
-3.381047867367940607e-01 -1.102807913490044533e-01 8.553492701200243742e-02
-4.294528722010060862e-01 -1.397266817080407841e-01 1.034026228388512519e-01
-5.301796193814376501e-01 -1.718581865280023324e-01 1.219777552132311066e-01
-6.358394964641624902e-01 -2.051249489548241101e-01 1.401120184170102645e-01
-7.419535941799889622e-01 -2.379859850431835788e-01 1.567868311778398138e-01
-8.440102470258645795e-01 -2.689150374865108550e-01 1.711136940227666325e-01
-9.374656662289593267e-01 -2.964074176449795761e-01 1.823321444536259439e-01
-1.017744491976538379e+00 -3.189883845739467372e-01 1.898052332127981023e-01
-1.080240176465102842e+00 -3.352231023199482851e-01 1.930124817341651311e-01
-1.121868439185155664e+00 -3.442843332758355190e-01 1.917988660726421823e-01
-1.145750105272008268e+00 -3.476036257202260171e-01 1.870661428803094550e-01
-1.156590967635131806e+00 -3.471533822534584868e-01 1.798642640007084570e-01
-1.159135062839050656e+00 -3.448746726352953096e-01 1.711179746290275305e-01
-1.158166166598455948e+00 -3.426660454157427482e-01 1.616334488887911092e-01
-1.158508094420572343e+00 -3.423786722833757068e-01 1.521013181575749384e-01
-1.165021566181959178e+00 -3.458264888863002984e-01 1.430898285383372381e-01
-1.182609372541612247e+00 -3.547487045283861939e-01 1.350770052981554170e-01
-1.216218068529665519e+00 -3.707904331554239263e-01 1.284703440162691668e-01
-1.270837313306190097e+00 -3.954938591691022909e-01 1.236202131651648328e-01
-1.349668512312290236e+00 -4.295775390927870641e-01 1.206748667717053441e-01
-1.448600556888539836e+00 -4.708619658907766681e-01 1.191667656216190418e-01
-1.561640096159315760e+00 -5.165461775532306232e-01 1.185722667837741107e-01
-1.682731347365285179e+00 -5.639538175806773079e-01 1.184679888124215985e-01
-1.805755447855921458e+00 -6.105442298660207490e-01 1.185152030932705713e-01
-1.924531191435704836e+00 -6.539201558702242290e-01 1.184441396787496992e-01
-2.032817086503421855e+00 -6.918319165614192912e-01 1.180382892251052862e-01
-2.124314650176946540e+00 -7.221780073073952311e-01 1.171187337739607592e-01
-2.192672857302734979e+00 -7.430019795704241314e-01 1.155286682108525864e-01
-2.231493649962605463e+00 -7.524855305965074681e-01 1.131182316684965772e-01
-2.236245468663800029e+00 -7.495999491368043888e-01 1.098173757892441094e-01
-2.210018792082875549e+00 -7.360012574456350487e-01 1.058721175292878791e-01
-2.157855736763983234e+00 -7.138983291195775127e-01 1.015585526411693917e-01
-2.084847940237144037e+00 -6.853691444827105794e-01 9.710419293585659251e-02
-1.996133427648993486e+00 -6.523622379417260975e-01 9.270110976877676823e-02
-1.896892696538172052e+00 -6.167013462768591303e-01 8.851874055148803433e-02
-1.792344093064640376e+00 -5.800933001004517919e-01 8.471625544220981463e-02
-1.687738580855967063e+00 -5.441391010899424563e-01 8.145417936510526702e-02
-1.588353916647903485e+00 -5.103482814771620468e-01 7.890538627308524289e-02
-1.499488274921321862e+00 -4.801565280524852097e-01 7.726532205279955379e-02
-1.425344821421675734e+00 -4.546356382464324386e-01 7.671000246043838122e-02
-1.365694182040913862e+00 -4.336035180587894944e-01 7.723869423281486124e-02
-1.319187954577691668e+00 -4.166030148227624075e-01 7.881011590560051128e-02
-1.284466568074355441e+00 -4.032168788568045725e-01 8.138796673865517084e-02
-1.260160372097730574e+00 -3.930649428160064573e-01 8.493771346877002082e-02
-1.244894569615487612e+00 -3.857886843921241038e-01 8.942187908831839005e-02
-1.237301413117164905e+00 -3.810120815745560163e-01 9.479251235795813080e-02
-1.236010184497410291e+00 -3.783710877487737045e-01 1.009944526165309497e-01
-1.239645770859770124e+00 -3.775168756476569576e-01 1.079646492180764417e-01
-1.246830931888084137e+00 -3.781077042766159413e-01 1.156301251815600867e-01
-1.256111419862796064e+00 -3.797821759655244378e-01 1.238699816853146840e-01
-1.265728372047224104e+00 -3.820920218154383874e-01 1.324035192931841687e-01
-1.273853374409964045e+00 -3.845496507332795688e-01 1.408964916349075280e-01
-1.278667668178061101e+00 -3.866409489628630514e-01 1.489971364304474299e-01
-1.278363851785294436e+00 -3.878203454953620399e-01 1.563366552637214801e-01
-1.271147299432667133e+00 -3.875070024543983416e-01 1.625302130750255203e-01
-1.255237269926331889e+00 -3.850821321319312651e-01 1.671784329547185144e-01
-1.228867685224801276e+00 -3.798873989687412966e-01 1.698693665496498473e-01
-1.190287530532358806e+00 -3.712244398658240963e-01 1.701809180701654156e-01
-1.137760838993543633e+00 -3.583554865595941497e-01 1.676837026425638810e-01
-1.070386685980962094e+00 -3.407521147455864208e-01 1.620903190183883291e-01
-9.905481515258859337e-01 -3.188708056356064913e-01 1.537085250219848986e-01
-9.014286795803081453e-01 -2.934714312717139895e-01 1.430244020990032450e-01
-8.061866097318706181e-01 -2.653824397871186180e-01 1.305567548083843843e-01
-7.079537528398635038e-01 -2.355034519476082999e-01 1.168535928585686251e-01
-6.098346774633740530e-01 -2.048059675282758174e-01 1.024878702740635861e-01
-5.149067769857677002e-01 -1.743322050754527452e-01 8.805250871021252923e-02
-4.262211838690487808e-01 -1.451920921913142926e-01 7.415473879623978026e-02
-3.468045877774142971e-01 -1.185584466849720769e-01 6.140975966405980147e-02
-2.796620073526593919e-01 -9.566036988957377085e-02 5.043373336346775038e-02
-2.269162786727016989e-01 -7.746236084260059440e-02 4.168351425500767260e-02
-1.872291970417355178e-01 -6.369067081446928846e-02 3.499134647283110716e-02
-1.584134324443611241e-01 -5.371994101514827868e-02 3.002105030963667098e-02
-1.382987605319346280e-01 -4.688066453464677374e-02 2.642411853755116669e-02
-1.247307194762269089e-01 -4.246246115960342765e-02 2.384406189228997081e-02
-1.155681694371465951e-01 -3.971947987705630456e-02 2.192188864953495409e-02
-1.086795064248066572e-01 -3.787838607229671722e-02 2.030306488845216167e-02
-1.019409362656107654e-01 -3.614193547433382919e-02 1.864075642841145700e-02
-9.323347363457121229e-02 -3.369517967346855741e-02 1.660061982720020465e-02
-8.043980922096029273e-02 -2.971201026493674319e-02 1.386544290498069841e-02
-6.222122190774638517e-02 -2.365251772579900214e-02 1.026857096511578013e-02
-4.035501455082838446e-02 -1.614716859081606962e-02 6.170726834560034436e-03
-1.739743419731830387e-02 -8.129339707492851813e-03 2.043523589720706510e-03
4.092997473990966396e-03 -5.387169071694858629e-04 -1.667828354215593160e-03
2.155298871324388618e-02 5.684642493817927689e-03 -4.547587240692314674e-03
3.241252215103349738e-02 9.605388575447350655e-03 -6.211440918185919154e-03
3.409343089852116815e-02 1.029710075024888906e-02 -6.307362787994979549e-03
2.400849107987998096e-02 6.845653296290396886e-03 -4.515359260668336781e-03
-4.389897172663441731e-04 -1.648276854753192222e-03 -5.461038082822325260e-04
-4.185511222618114313e-02 -1.606756272092550730e-02 5.861548479482777546e-03
-1.016315151064662442e-01 -3.684616229014581884e-02 1.476417738841999741e-02
-1.762673659134151860e-01 -6.268333728697192408e-02 2.550544324311324051e-02
-2.610254271613201560e-01 -9.185803217838918455e-02 3.730617722770845218e-02
-3.511522017716630639e-01 -1.226684531512187148e-01 4.945051716898189037e-02
-4.418773587195083952e-01 -1.534364679575798140e-01 6.128306212540248626e-02
-5.284139634478527414e-01 -1.825104058944493624e-01 7.220393704159065729e-02
-6.059594676651223200e-01 -2.082662474740811231e-01 8.166175582048156023e-02
-6.696974165392436396e-01 -2.291071992957927073e-01 8.914447397903724202e-02
-7.147998438130133136e-01 -2.434616391256312073e-01 9.416812441343200279e-02
-7.364303366770138526e-01 -2.497794178917371322e-01 9.626343402305324870e-02
-7.313397657532300089e-01 -2.470635144578458287e-01 9.515590103369081509e-02
-7.026515910374908636e-01 -2.364624673304472069e-01 9.132338837980359669e-02
-6.550973378005050529e-01 -2.196348326207958612e-01 8.538264331134799712e-02
-5.934247931417920841e-01 -1.982095362699461405e-01 7.789882555101534933e-02
-5.223957736424014175e-01 -1.737880147616348014e-01 6.939687574069000608e-02
-4.467843487840326699e-01 -1.479461262210599870e-01 6.037141278422908375e-02
-3.713751602706527599e-01 -1.222364737188449679e-01 5.129640236133713171e-02
-3.009536039958761178e-01 -9.820495860118441667e-02 4.266085535867490675e-02
-2.403005384412134349e-01 -7.739966737358225379e-02 3.498852626024681611e-02
-1.941888436148992703e-01 -6.137658066916288485e-02 2.885030263435250930e-02
-1.663597002380007295e-01 -5.136447985517394316e-02 2.476709994320175356e-02
-1.564603002131890463e-01 -4.724645379146702462e-02 2.287932855489925588e-02
-1.631098176426907798e-01 -4.857683528527926425e-02 2.323767800141899459e-02
-1.849220541204963375e-01 -5.491838985756313657e-02 2.589918490474027099e-02
-2.205068142346958970e-01 -6.583983460443618152e-02 3.092068062601273370e-02
-2.684712647763878302e-01 -8.091353706838291804e-02 3.835297947416823477e-02
-3.274212801954837770e-01 -9.971339848387614224e-02 4.823581093262568897e-02
-3.959627709849039556e-01 -1.218129251927046602e-01 6.059349704935689668e-02
-4.727029857307109562e-01 -1.467834939527914162e-01 7.543137554637188713e-02
-5.562517732718673669e-01 -1.741928167386784798e-01 9.273296741809262944e-02
-6.451349072857085476e-01 -2.035781994568670317e-01 1.123935128152617480e-01
-7.375333878255532216e-01 -2.343678577531556895e-01 1.340235321564724469e-01
-8.315511970688819199e-01 -2.659539115260363684e-01 1.571381223961906826e-01
-9.253041754864241852e-01 -2.977168216693459324e-01 1.812215570678775145e-01
-1.016920157092363386e+00 -3.290250908485495285e-01 2.057289994345453399e-01
-1.104538684094254153e+00 -3.592353206678451372e-01 2.300891878563031956e-01
-1.186310277896039933e+00 -3.876926311234365485e-01 2.537080804464697525e-01
-1.260395249901963943e+00 -4.137314395854531646e-01 2.759734501343798496e-01
-1.324962038109269491e+00 -4.366766080625469337e-01 2.962604191560582745e-01
-1.378185063856379955e+00 -4.558449611634534104e-01 3.139379261977338631e-01
-1.418988608534294649e+00 -4.709051432663435288e-01 3.286455692576001897e-01
-1.449279390358713782e+00 -4.829593106007065151e-01 3.411135225204525723e-01
-1.471700116328265695e+00 -4.934797508699477198e-01 3.523624020665078738e-01
-1.488885692924334148e+00 -5.039510479199865722e-01 3.634294171379418015e-01
-1.503468112215765817e+00 -5.158681227179474638e-01 3.753612137989106867e-01
-1.518077978530193439e+00 -5.307367604357301483e-01 3.892178588217153345e-01
-1.535336961199252670e+00 -5.500801092499058020e-01 4.061013505811391644e-01
-1.557874217354605628e+00 -5.754271677860754997e-01 4.271100535683254318e-01
-1.588335135934711317e+00 -6.083068924921181120e-01 4.533175967735857959e-01
-1.629385422271878214e+00 -6.502453905233992471e-01 4.857650931054492416e-01
-1.682605986167686973e+00 -7.020186134872389294e-01 5.248970441991417379e-01
-1.745156476183002736e+00 -7.614164251677634221e-01 5.689105010947528296e-01
-1.813073075531298706e+00 -8.254781955314525188e-01 6.154773217331772628e-01
-1.882364353906821108e+00 -8.912419680690805146e-01 6.623189812031158308e-01
-1.949002873685208748e+00 -9.557490078862536098e-01 7.072165291364330697e-01
-2.008918201228033329e+00 -1.016048072747366415e+00 7.480189112343423874e-01
-2.057991302157561098e+00 -1.069199404242576312e+00 7.826496439136685357e-01
-2.092050284233191615e+00 -1.112278439360486759e+00 8.091118288206007314e-01
-2.106867448613446214e+00 -1.142379237837164663e+00 8.254914751229729397e-01
-2.098157599328178247e+00 -1.156617622890949715e+00 8.299590978632039873e-01
-2.063329518335015322e+00 -1.153327497858301909e+00 8.216305044060073781e-01
-2.006781679134710394e+00 -1.135630164134186604e+00 8.030850724255294004e-01
-1.934719269283759813e+00 -1.107829437004603346e+00 7.776684921026180142e-01
-1.853417202895948357e+00 -1.074209934342739814e+00 7.486099038418918550e-01
-1.769223467778387793e+00 -1.039032058631339517e+00 7.190178731356112740e-01
-1.688560733486927701e+00 -1.006527420897859626e+00 6.918791246993596378e-01
-1.617926313637437996e+00 -9.808947103666127987e-01 6.700600927548097108e-01
-1.563890577643223478e+00 -9.662960175518523487e-01 6.563113358650206619e-01
-1.533093902101413830e+00 -9.668536120070798656e-01 6.532748794839133843e-01
-1.532242248253664174e+00 -9.866471808466871218e-01 6.634945361636319650e-01
-1.565651341283212261e+00 -1.028083911283217189e+00 6.883221629151878851e-01
-1.627837256823157830e+00 -1.087042648920068855e+00 7.246842780739654044e-01
-1.710774041652552535e+00 -1.157809208851482863e+00 7.685358318874928596e-01
-1.806335055677434021e+00 -1.234715241273111275e+00 8.159776438717689651e-01
-1.906299159092133655e+00 -1.312141687348720831e+00 8.632437577576365095e-01
-2.002366173636179525e+00 -1.384519658438753575e+00 9.066713571361186830e-01
-2.086191524668860708e+00 -1.446326044355479512e+00 9.426351275265782981e-01
-2.149376752408082680e+00 -1.492090301406637343e+00 9.675599464054099874e-01
-2.183468509653569090e+00 -1.516398912739750360e+00 9.779169709167141455e-01
-2.179962551609725629e+00 -1.513898431228783537e+00 9.702104546858907330e-01
-2.133218907961661248e+00 -1.481301877744510831e+00 9.423492563430895252e-01
-2.049246842595081386e+00 -1.423360659008253259e+00 8.977485911426561493e-01
-1.937041061082581006e+00 -1.346784487130675556e+00 8.411281209668703962e-01
-1.805672421916952430e+00 -1.258225449677743635e+00 7.771385208517755938e-01
-1.664282048890612264e+00 -1.164274742497208193e+00 7.103767897033106404e-01
-1.522077565967635771e+00 -1.071458972234168971e+00 6.453981944615700961e-01
-1.388331405886287007e+00 -9.862360148283345618e-01 5.867248038981638381e-01
-1.272381147137608082e+00 -9.149904193295441690e-01 5.388505798571000538e-01
-1.183631854307348075e+00 -8.640283368915336881e-01 5.062429774705097252e-01
-1.131560390774092539e+00 -8.395719610763543450e-01 4.933410171508675890e-01
-1.122824856337353738e+00 -8.456856013203757350e-01 5.031198789159846418e-01
-1.152532998502827866e+00 -8.781171596558277059e-01 5.328175042407053974e-01
-1.212851363834993590e+00 -9.305901126817649471e-01 5.782607330132653045e-01
-1.295889057291147006e+00 -9.968879523022439182e-01 6.352985117857805619e-01
-1.393694796025515714e+00 -1.070858826389780916e+00 6.998021325077489196e-01
-1.498252216697957717e+00 -1.146420632493760472e+00 7.676685175156701124e-01
-1.601473468434910119e+00 -1.217566575836289910e+00 8.348266003975014504e-01
-1.695191146454252173e+00 -1.278371193920982973e+00 8.972468434512674840e-01
-1.771148614558290646e+00 -1.322996855221548307e+00 9.509539666441497729e-01
-1.820988788097850586e+00 -1.345700732262367305e+00 9.920429616866484057e-01
-1.838277088309784979e+00 -1.342359504102608181e+00 1.017517946229600234e+00
-1.824645028306579819e+00 -1.314981924611200892e+00 1.027733161866391409e+00
-1.783764991089553442e+00 -1.267078660244416621e+00 1.023876993707129701e+00
-1.719327910736826226e+00 -1.202131992849876152e+00 1.007140853310076078e+00
-1.635044948745017823e+00 -1.123593790773920853e+00 9.787147427965554591e-01
-1.534639296949859455e+00 -1.034887873135387659e+00 9.397931790077583836e-01
-1.421822593421817160e+00 -9.394190340664867467e-01 8.915965527589693185e-01
-1.300339100501791023e+00 -8.405522138917322916e-01 8.353132555180748930e-01
-1.173983710919334511e+00 -7.416036029801715834e-01 7.720736440887535634e-01
-1.046607110933543971e+00 -6.458376529452293235e-01 7.029389690523594192e-01
-9.219230608492322565e-01 -5.561510493716972370e-01 6.292758359564112336e-01
-8.029330696458814032e-01 -4.741286355112327433e-01 5.539047834882065979e-01
-6.925375627571300763e-01 -4.009824804829513201e-01 4.799525449301237923e-01
-5.937373608525723379e-01 -3.378646442955823836e-01 4.104660196980753351e-01
-5.096338804041374848e-01 -2.858672599765825217e-01 3.484102416622313347e-01
-4.434270313187659296e-01 -2.460237433380760563e-01 2.966680370688141721e-01
-3.984109163157532607e-01 -2.193111450533184181e-01 2.580414962201493800e-01
-3.779674428392759689e-01 -2.066536478154430145e-01 2.352553812133399980e-01
-3.855579453342043439e-01 -2.089272271751864418e-01 2.309625878154286660e-01
-4.247129209041932141e-01 -2.269654729381357372e-01 2.477517712025705532e-01
-4.971022163507301528e-01 -2.606997202713670636e-01 2.867297250119860696e-01
-5.966860783613832098e-01 -3.066210771062830576e-01 3.433277192759572327e-01
-7.153225272473919816e-01 -3.604789796928926093e-01 4.117260319405027236e-01
-8.446760543237128438e-01 -4.181554560172207058e-01 4.862980312759669355e-01
-9.762337630604862593e-01 -4.756554609242150677e-01 5.616013706333671252e-01
-1.101325212937768860e+00 -5.290945587723638877e-01 6.323636013860958194e-01
-1.211145779669842160e+00 -5.746839872397170312e-01 6.934620519326871735e-01
-1.296783400187687452e+00 -6.087131268619193625e-01 7.398978536047680077e-01
-1.349248606827236907e+00 -6.275294311982066997e-01 7.667640473972663351e-01
-1.359507824477735660e+00 -6.275158682827002288e-01 7.692077511445682969e-01
-1.321591486743826760e+00 -6.064280339934126074e-01 7.442160831545956423e-01
-1.241890652484799240e+00 -5.674210115458288017e-01 6.960096540479219218e-01
-1.130025177491919885e+00 -5.148995630952304392e-01 6.304566801631055206e-01
-9.957547204785798245e-01 -4.531665565040058352e-01 5.532601600186386470e-01
-8.489439491664259041e-01 -3.864467352107925358e-01 4.699969453681328568e-01
-6.995303415500361277e-01 -3.189093652326257522e-01 3.861551186454398321e-01
-5.574903815173535282e-01 -2.546921118891411484e-01 3.071746426208162850e-01
-4.327605612583423356e-01 -1.979522924006797135e-01 2.385480913991346319e-01
-3.351922033034159254e-01 -1.528973350533376074e-01 1.858770466383348197e-01
-2.745208990826343842e-01 -1.238058820748424438e-01 1.549082697419676968e-01
-2.576600898039239640e-01 -1.138815092143387886e-01 1.499213335482227905e-01
-2.806855295056326915e-01 -1.217473236464057251e-01 1.687694088406757054e-01
-3.369687084026186108e-01 -1.448838759696141620e-01 2.076876294023549119e-01
-4.198968038123023772e-01 -1.807680327617334770e-01 2.628863013616050681e-01
-5.228977666815470826e-01 -2.268564012603938029e-01 3.305217564898234039e-01
-6.394615687407245730e-01 -2.805713270901589729e-01 4.066728759514172675e-01
-7.631575558403227433e-01 -3.392894250652642163e-01 4.873232715264268489e-01
-8.876478025973085773e-01 -4.003325950936608146e-01 5.683490698311015610e-01
-1.006696322720514125e+00 -4.609614742826637634e-01 6.455122110984345962e-01
-1.114173962506341375e+00 -5.183712735253425130e-01 7.144591470883450146e-01
-1.205474334412085291e+00 -5.702213534400074613e-01 7.718790895790285100e-01
-1.281711993778850811e+00 -6.162564760528003172e-01 8.190172609506389811e-01
-1.345393121247338675e+00 -6.567618225930030862e-01 8.582930408379307874e-01
-1.398985941368795949e+00 -6.920412739758002862e-01 8.921594383553846930e-01
-1.444920038280439023e+00 -7.224195522856011742e-01 9.231039967059184725e-01
-1.485588035541339114e+00 -7.482434367083306004e-01 9.536477246399305274e-01
-1.523349699836863635e+00 -7.698820762925262517e-01 9.863421105960001878e-01
-1.560538524517779191e+00 -7.877263937411017602e-01 1.023764277028891279e+00
-1.599470827980965293e+00 -8.021876076658311927e-01 1.068510300229250420e+00
-1.642457390144156149e+00 -8.136948710457769796e-01 1.123186711689885708e+00
-1.691145014527434931e+00 -8.227353491705424737e-01 1.189225800998200411e+00
-1.744522769259905459e+00 -8.299675555187233655e-01 1.263345986593078507e+00
-1.800954781369906277e+00 -8.360673998588702416e-01 1.341062429570588410e+00
-1.858837415227172940e+00 -8.416829600642592446e-01 1.417866442791014592e+00
-1.916576718756314746e+00 -8.474367767629764625e-01 1.489234148237902788e+00
-1.972535669532428315e+00 -8.539371889465475762e-01 1.550665811594467147e+00
-2.024918987069171727e+00 -8.618087780929124531e-01 1.597791358080913993e+00
-2.071816294512669465e+00 -8.716756047209074376e-01 1.626305031534494239e+00
-2.111209358180848206e+00 -8.841584811059292059e-01 1.631947361363141669e+00
-2.140958763484892113e+00 -8.998803931928787136e-01 1.610513642388103017e+00
-2.159191542903611705e+00 -9.191775667770334390e-01 1.559360085494279069e+00
-2.165539112814854228e+00 -9.412276234603105252e-01 1.481893913334659363e+00
-2.160048928502317445e+00 -9.649479267059104526e-01 1.383054574229177991e+00
-2.142825425361765568e+00 -9.892907422329891842e-01 1.267805177569967912e+00
-2.114052540106034606e+00 -1.013240873076201920e+00 1.141125090113642049e+00
-2.074012122353718457e+00 -1.035812494509527504e+00 1.008002225239723160e+00
-2.023098186723223169e+00 -1.056045202921559012e+00 8.734251191027774253e-01
-1.961826986321526967e+00 -1.072999283807667625e+00 7.423749049414274381e-01
-1.890842861883618831e+00 -1.085750264400152654e+00 6.198173535307250903e-01
-1.810919855376416310e+00 -1.093382803166782713e+00 5.106951505154444515e-01
-1.723152558218668196e+00 -1.095281544778321958e+00 4.188643713684856440e-01
-1.629484244774733526e+00 -1.092008870721716596e+00 3.439086233470722842e-01
-1.532038856412999417e+00 -1.084393540333017381e+00 2.842858189687649251e-01
-1.432910137647217974e+00 -1.073229171470549526e+00 2.383818819817395407e-01
-1.334157093120445392e+00 -1.059273242946169979e+00 2.045128823155630826e-01
-1.237800880598553643e+00 -1.043246832750238218e+00 1.809290232811585075e-01
-1.145823242215532334e+00 -1.025835073127764341e+00 1.658204163666921471e-01
-1.060166510155323705e+00 -1.007688359713701853e+00 1.573245639328296197e-01
-9.827353127298018576e-01 -9.894242127050563163e-01 1.535354978324982855e-01
-9.154000274436682183e-01 -9.716297723123070718e-01 1.525145206794981667e-01
-8.595235491593847810e-01 -9.549331960380603723e-01 1.526498138703292207e-01
-8.145439941696408503e-01 -9.402229506156380978e-01 1.537252574591045640e-01
-7.794333823332821876e-01 -9.284641445139845128e-01 1.559100072603127329e-01
-7.531779209226817651e-01 -9.206334777716043138e-01 1.594159572018270798e-01
-7.347759979640688943e-01 -9.177193590410300805e-01 1.644978662228535615e-01
-7.232390045247878430e-01 -9.207212399509844269e-01 1.714408818365029119e-01
-7.175993988975561955e-01 -9.306479620040316592e-01 1.805240253002768913e-01
-7.168990858255681609e-01 -9.485191604727953862e-01 1.920524417619082214e-01
-7.201842170648380392e-01 -9.753650909287802095e-01 2.063624843107550177e-01
-7.265033394818523060e-01 -1.012225907439106010e+00 2.238149130332600656e-01
-7.349012760136881539e-01 -1.059543335159900401e+00 2.446221964893907919e-01
-7.443934782478862644e-01 -1.115340077334888491e+00 2.683332756684937426e-01
-7.539614233501334972e-01 -1.177047910245690110e+00 2.943074253124752238e-01
-7.625592748241064589e-01 -1.242116557092011186e+00 3.218702512096443535e-01
-7.691191555463730012e-01 -1.308014075579103874e+00 3.503069858207398801e-01
-7.725562538584410666e-01 -1.372227053616863701e+00 3.788570135193184418e-01
-7.717737394105783633e-01 -1.432260604979514573e+00 4.067096495749379370e-01
-7.656674902353322043e-01 -1.485638137641395629e+00 4.330011826905256211e-01
-7.531305646855592784e-01 -1.529900895756387991e+00 4.568132023515081852e-01
-7.330573734248621021e-01 -1.562607259025099671e+00 4.771722155656861752e-01
-7.047387704503500494e-01 -1.581920261235273406e+00 4.932330282977583913e-01
-6.690417140534534735e-01 -1.588361160976193842e+00 5.048564375853645814e-01
-6.272404048145026056e-01 -1.583024980480652655e+00 5.121151360567416377e-01
-5.806231630259154342e-01 -1.566989549443425389e+00 5.151231232184952935e-01
-5.304895972302456908e-01 -1.541315772228297964e+00 5.140396071839101744e-01
-4.781477932933771990e-01 -1.507048029122743271e+00 5.090718132680164265e-01
-4.249115621823535416e-01 -1.465214729498835577e+00 5.004766940393500230e-01
-3.720978954731318789e-01 -1.416828991716867714e+00 4.885615738426288823e-01
-3.210245710793493412e-01 -1.362889514802255508e+00 4.736837030040939034e-01
-2.730079748075591173e-01 -1.304381646176080878e+00 4.562487307156805061e-01
-2.291227092462562731e-01 -1.242184254135390908e+00 4.366652453812369106e-01
-1.894852853660048964e-01 -1.176791075196304659e+00 4.152015064656492394e-01
-1.539700084918998180e-01 -1.108600214792707650e+00 3.920917864350040860e-01
-1.224471774119520462e-01 -1.038009487832483702e+00 3.675749362198686976e-01
-9.478273433353545663e-02 -9.654165434021696468e-01 3.418929991543440683e-01
-7.083587687093664820e-02 -8.912178279728645292e-01 3.152937223289121182e-01
-5.045394931044333564e-02 -8.158061460562905376e-01 2.880370608463455051e-01
-3.348171302207596928e-02 -7.395761223632485448e-01 2.603763971181159986e-01
-1.976414461627067423e-02 -6.629257253323683763e-01 2.325541971731397428e-01
-9.146602702499520565e-03 -5.862562975734757487e-01 2.048026012805678198e-01
-1.436011538603822191e-03 -5.101076324235790382e-01 1.773851172536131671e-01
3.716399122181572590e-03 -4.355633065835128881e-01 1.507196317917594564e-01
6.699711259446475276e-03 -3.638455369695797192e-01 1.252538841031729799e-01
7.905127124725703364e-03 -2.961800343240957312e-01 1.014242231425964286e-01
7.726676831548835896e-03 -2.337958613726440205e-01 7.965571055568454462e-02
6.562061363813039699e-03 -1.779252240819034492e-01 6.036227179959425398e-02
4.813626179212821335e-03 -1.298031979936239422e-01 4.394689407236160306e-02
2.889462853260890522e-03 -9.066739162888515224e-02 3.080186862993442021e-02
1.204627410031037333e-03 -6.175754878296069172e-02 2.130907601205062410e-02
1.824725164894258102e-04 -4.431509170954359145e-02 1.584031038256000778e-02
1.570467365920777923e-04 -3.906412069215891431e-02 1.458369465712326674e-02
1.072264628868076393e-03 -4.465489147251171242e-02 1.702671533384739547e-02
2.770252672776959534e-03 -5.921794227316872633e-02 2.248667341442661671e-02
5.088035687277440121e-03 -8.088221019719370186e-02 3.028679564787135903e-02
7.856159461006461883e-03 -1.077749325742795444e-01 3.975703931393824442e-02
1.089711077734464503e-02 -1.380216838261245360e-01 5.023460827748250923e-02
1.402353884018531574e-02 -1.697465462168481209e-01 6.106418831135251857e-02
1.703627038127013271e-02 -2.010724124091504972e-01 7.159791534809381575e-02
1.972212170384066501e-02 -2.301214182586206469e-01 8.119508909163483668e-02
2.185150738895075273e-02 -2.550155042255054516e-01 8.922164757207268204e-02
2.328932400344425196e-02 -2.744825193315255096e-01 9.527455891461768245e-02
2.434541809141752347e-02 -2.896726360727517324e-01 9.985128705649104486e-02
2.545618711358779707e-02 -3.023413202769086316e-01 1.036648893492268797e-01
2.707675958274816455e-02 -3.142431579229916228e-01 1.074171607120526922e-01
2.968392700561373748e-02 -3.271310134844933049e-01 1.117982022331191760e-01
3.377773550754133158e-02 -3.427554360350038576e-01 1.174853745920240722e-01
3.987935416214950790e-02 -3.628648788610968068e-01 1.251411138833060377e-01
4.853688806294885472e-02 -3.892040190518908371e-01 1.354147978439393385e-01
6.032793428686143711e-02 -4.235127943692106323e-01 1.489436220462143634e-01
7.585989619373484372e-02 -4.675259252505468144e-01 1.663530071728546444e-01
9.559673495389151010e-02 -5.222823429181187027e-01 1.880450161526607822e-01
1.193209429881329914e-01 -5.860572519183482321e-01 2.135687241567116035e-01
1.466171773758277452e-01 -6.564381429232771792e-01 2.422679239162027209e-01
1.770381155315061961e-01 -7.310165331571970571e-01 2.734950749115910296e-01
2.101029754363058222e-01 -8.073887413436194871e-01 3.066115285005288627e-01
2.452969586289370230e-01 -8.831565025612271302e-01 3.409876370159512504e-01
2.820717773504318182e-01 -9.559273969895137890e-01 3.760025952379940639e-01
3.198464310476050176e-01 -1.023315192435630072e+00 4.110442809405221443e-01
3.580088277921875672e-01 -1.082940032461093827e+00 4.455088469458016176e-01
3.959182246677332984e-01 -1.132428470105079299e+00 4.787999946182440736e-01
4.330567768518255867e-01 -1.170027890216579269e+00 5.106000968529527118e-01
4.694982542289825589e-01 -1.196445563474904050e+00 5.416845783165507022e-01
5.054983685293400475e-01 -1.212996883489581679e+00 5.731032591672038379e-01
5.413483001677771300e-01 -1.220989390776325623e+00 6.059085765061804629e-01
5.773703193520118848e-01 -1.221722674436640066e+00 6.411566285847041247e-01
6.139116736485000780e-01 -1.216488533088897483e+00 6.799089946803733575e-01
6.513358273403194731e-01 -1.206571514499832354e+00 7.232360468642516915e-01
6.900163337297509081e-01 -1.193249100661677886e+00 7.722182223197936457e-01
7.303284865328282249e-01 -1.177792169453445004e+00 8.279482735783243452e-01
7.726391454623743327e-01 -1.161465673640087903e+00 8.915343290847742574e-01
8.170715220168525139e-01 -1.145256456397073075e+00 9.635718072306753701e-01
8.628046682383008203e-01 -1.129062826241941098e+00 1.042555535465718553e+00
9.087144775832559640e-01 -1.112526831203959787e+00 1.126479281738088645e+00
9.536056913576247407e-01 -1.095307741495985088e+00 1.213361946935088254e+00
9.962273600134241569e-01 -1.077080194513832190e+00 1.301239332487082789e+00
1.035324102972229099e+00 -1.057527195279542198e+00 1.388132749376157715e+00
1.069771484339020695e+00 -1.036321855605277120e+00 1.471966419383291536e+00
1.098518114002443369e+00 -1.013137905676423367e+00 1.550611286550638512e+00
1.120569542814027653e+00 -9.876534727369055133e-01 1.621900026133647144e+00
1.134998849574211377e+00 -9.595508655297613210e-01 1.683624431521973719e+00
1.140953806963036277e+00 -9.285168005369240918e-01 1.733534764971285780e+00
1.137660565010152780e+00 -8.942430259393410186e-01 1.769341006138538619e+00
1.124423775231966349e+00 -8.564272941420010277e-01 1.788715889301313755e+00
1.100623070379542989e+00 -8.147746301426981308e-01 1.789299588771384286e+00
1.065705813568433857e+00 -7.689988409635721833e-01 1.768705892624107490e+00
1.019156625365488456e+00 -7.188260691008421244e-01 1.724540394452725334e+00
9.604308347161947257e-01 -6.640011805614310925e-01 1.654436412785344368e+00
8.890137797791299867e-01 -6.042817456692207712e-01 1.556020483360303741e+00
8.044383016686680321e-01 -5.394366568524933125e-01 1.426903032236167990e+00
7.062811182031192292e-01 -4.692468154598847252e-01 1.264680824736698073e+00
5.941583139760845400e-01 -3.935058281637948130e-01 1.066939638889991659e+00
4.677199372524775134e-01 -3.120207019814550398e-01 8.312571349646582508e-01
3.266436957906946326e-01 -2.246125272486781954e-01 5.552058945214243257e-01
1.706277454579320230e-01 -1.311171382630832993e-01 2.363566049087690857e-01
