1.367178916931152344e+00 4.586360156536102295e-01 -1.085325837135314941e+00 -0.000000000000000000e+00 -0.000000000000000000e+00 1.585243791341781616e-01 9.873550534248352051e-01
1.112283706665039062e+00 4.503648281097412109e-01 -9.758546352386474609e-01 -3.294888511300086975e-02 -1.234897226095199585e-02 1.406837403774261475e-01 9.894291162490844727e-01
8.594961166381835938e-01 4.348309338092803955e-01 -9.402067065238952637e-01 -6.584633886814117432e-02 -2.467872202396392822e-02 1.226234808564186096e-01 9.899589419364929199e-01
5.408223867416381836e-01 4.127294719219207764e-01 -9.111954569816589355e-01 -8.700443804264068604e-02 -4.042335599660873413e-02 1.102458015084266663e-01 9.892633557319641113e-01
3.212312161922454834e-01 3.934943377971649170e-01 -8.986991643905639648e-01 -8.799510449171066284e-02 -6.071792170405387878e-02 1.078462228178977966e-01 9.884024858474731445e-01
1.786369979381561279e-01 3.785638213157653809e-01 -8.942266702651977539e-01 -7.301872223615646362e-02 -7.741247862577438354e-02 1.129518374800682068e-01 9.878853559494018555e-01
1.110214181244373322e-02 3.580296933650970459e-01 -8.931598663330078125e-01 -4.943379014730453491e-02 -8.004441112279891968e-02 1.214057877659797668e-01 9.881345033645629883e-01
-5.775001272559165955e-02 3.485038578510284424e-01 -8.942005634307861328e-01 -2.354828082025051117e-02 -6.235011294484138489e-02 1.298282146453857422e-01 9.892939925193786621e-01
-6.888046115636825562e-02 3.468937575817108154e-01 -8.944629430770874023e-01 2.550610341131687164e-03 -3.479120880365371704e-02 1.378708183765411377e-01 9.898356199264526367e-01
-1.766937971115112305e-01 3.303005099296569824e-01 -8.983308076858520508e-01 2.778721414506435394e-02 -1.207761839032173157e-02 1.460667848587036133e-01 9.888105988502502441e-01
-2.053702473640441895e-01 3.255546391010284424e-01 -8.997992277145385742e-01 5.031969398260116577e-02 -5.479682236909866333e-03 1.548219770193099976e-01 9.866448640823364258e-01
-3.300780355930328369e-01 3.030646443367004395e-01 -9.086157679557800293e-01 6.528931856155395508e-02 -1.244212221354246140e-02 1.633764803409576416e-01 9.843224287033081055e-01
-3.585855662822723389e-01 2.974620759487152100e-01 -9.112339019775390625e-01 6.708849966526031494e-02 -2.695504762232303619e-02 1.706415116786956787e-01 9.826769828796386719e-01
-4.517488777637481689e-01 2.777273356914520264e-01 -9.216361641883850098e-01 5.288737267255783081e-02 -4.317430406808853149e-02 1.754532307386398315e-01 9.821176528930664062e-01
-5.671274662017822266e-01 2.496167719364166260e-01 -9.392458796501159668e-01 3.099479526281356812e-02 -5.590389668941497803e-02 1.764710098505020142e-01 9.822281002998352051e-01
-6.012140512466430664e-01 2.404972016811370850e-01 -9.454976320266723633e-01 1.254221238195896149e-02 -6.013938412070274353e-02 1.724389493465423584e-01 9.831026196479797363e-01
-6.769849061965942383e-01 2.189969569444656372e-01 -9.609820246696472168e-01 5.885263904929161072e-03 -5.231652408838272095e-02 1.630029380321502686e-01 9.852200150489807129e-01
-6.920130252838134766e-01 2.145357131958007812e-01 -9.643080830574035645e-01 8.235966786742210388e-03 -3.447114676237106323e-02 1.509423851966857910e-01 9.879069924354553223e-01
-7.096048593521118164e-01 2.092356085777282715e-01 -9.683024287223815918e-01 1.401735097169876099e-02 -1.004136353731155396e-02 1.397948414087295532e-01 9.900304079055786133e-01
-7.194841504096984863e-01 2.062113136053085327e-01 -9.706075787544250488e-01 1.827453076839447021e-02 1.634230464696884155e-02 1.319205462932586670e-01 9.909571409225463867e-01
-8.063791394233703613e-01 1.784504652023315430e-01 -9.923887252807617188e-01 1.853761635720729828e-02 3.537993505597114563e-02 1.248461157083511353e-01 9.913718104362487793e-01
-9.130298495292663574e-01 1.413636058568954468e-01 -1.023041844367980957e+00 1.296627800911664963e-02 3.663086146116256714e-02 1.149296537041664124e-01 9.926133155822753906e-01
-1.014686942100524902e+00 1.029458194971084595e-01 -1.056269884109497070e+00 1.211090479046106339e-03 1.430798042565584183e-02 9.938132762908935547e-02 9.949457645416259766e-01
-1.086854934692382812e+00 7.387706637382507324e-02 -1.082223653793334961e+00 -1.105857174843549728e-02 -1.874294131994247437e-02 7.916098088026046753e-02 9.966242313385009766e-01
-1.192194581031799316e+00 2.877811342477798462e-02 -1.123662233352661133e+00 -1.666090637445449829e-02 -4.497303813695907593e-02 5.638194829225540161e-02 9.972566962242126465e-01
-1.243320703506469727e+00 5.764579866081476212e-03 -1.145296335220336914e+00 -1.177934277802705765e-02 -5.198070034384727478e-02 3.274646773934364319e-02 9.980415701866149902e-01
-1.275883793830871582e+00 -9.262733161449432373e-03 -1.159586668014526367e+00 -5.940279457718133926e-03 -4.771295189857482910e-02 7.660715375095605850e-03 9.988140463829040527e-01
-1.343157052993774414e+00 -4.118488356471061707e-02 -1.190362453460693359e+00 -1.198615878820419312e-02 -4.518143832683563232e-02 -2.005551010370254517e-02 9.987054467201232910e-01
-1.370484590530395508e+00 -5.446777120232582092e-02 -1.203334450721740723e+00 -3.778933361172676086e-02 -5.361431837081909180e-02 -5.053988471627235413e-02 9.965657591819763184e-01
-1.377162098884582520e+00 -5.773864686489105225e-02 -1.206543803215026855e+00 -7.146679610013961792e-02 -6.725369393825531006e-02 -7.975834608078002930e-02 9.919718503952026367e-01
-1.460035681724548340e+00 -9.862096607685089111e-02 -1.247190713882446289e+00 -9.629160165786743164e-02 -7.672945410013198853e-02 -1.027337238192558289e-01 9.870594739913940430e-01
-1.488593459129333496e+00 -1.166605129837989807e-01 -1.267716884613037109e+00 -1.006712019443511963e-01 -7.574320584535598755e-02 -1.157257407903671265e-01 9.852592349052429199e-01
-1.421593904495239258e+00 -9.356029331684112549e-02 -1.237318992614746094e+00 -9.270019829273223877e-02 -6.954678893089294434e-02 -1.191914603114128113e-01 9.860848784446716309e-01
-1.336350679397583008e+00 -6.404063850641250610e-02 -1.194939494132995605e+00 -8.533298969268798828e-02 -6.623102724552154541e-02 -1.145766153931617737e-01 9.875241518020629883e-01
-1.277762532234191895e+00 -3.853648900985717773e-02 -1.161651849746704102e+00 -8.750765025615692139e-02 -7.123313099145889282e-02 -1.031799167394638062e-01 9.882419705390930176e-01
-1.250459074974060059e+00 -2.618141099810600281e-02 -1.146060466766357422e+00 -9.203176200389862061e-02 -7.931975275278091431e-02 -8.563791215419769287e-02 9.888906478881835938e-01
-1.163299322128295898e+00 2.792243845760822296e-03 -1.105470776557922363e+00 -8.769581466913223267e-02 -8.260020613670349121e-02 -6.244496628642082214e-02 9.907508492469787598e-01
-1.154069542884826660e+00 4.736366216093301773e-03 -1.102102518081665039e+00 -6.722077727317810059e-02 -7.554730027914047241e-02 -3.520680218935012817e-02 9.942507147789001465e-01
-1.092538714408874512e+00 1.453285198658704758e-02 -1.082313656806945801e+00 -3.907597064971923828e-02 -6.213151663541793823e-02 -1.001860946416854858e-02 9.972524642944335938e-01
-9.357998967170715332e-01 2.906627580523490906e-02 -1.041996121406555176e+00 -1.578293740749359131e-02 -4.882660135626792908e-02 5.837077274918556213e-03 9.986655116081237793e-01
-8.085812926292419434e-01 4.089935123920440674e-02 -1.014022350311279297e+00 -6.585387047380208969e-03 -4.133103042840957642e-02 7.566843181848526001e-03 9.990951418876647949e-01
-6.226062774658203125e-01 6.481365114450454712e-02 -9.819077849388122559e-01 -7.452828343957662582e-03 -4.188669472932815552e-02 3.735481295734643936e-04 9.990945458412170410e-01
-4.168871343135833740e-01 9.652297943830490112e-02 -9.533383846282958984e-01 -1.103188842535018921e-02 -5.184318870306015015e-02 -8.045945316553115845e-03 9.985618591308593750e-01
-2.688265144824981689e-01 1.236369311809539795e-01 -9.384512305259704590e-01 -1.156261097639799118e-02 -7.072294503450393677e-02 -1.148413494229316711e-02 9.973629117012023926e-01
-4.000701755285263062e-02 1.743487864732742310e-01 -9.270894527435302734e-01 -9.670635685324668884e-03 -9.077402949333190918e-02 -9.698111563920974731e-03 9.957773089408874512e-01
1.311656981706619263e-01 2.203282862901687622e-01 -9.292279481887817383e-01 -7.582558784633874893e-03 -1.024644151329994202e-01 -3.941062372177839279e-03 9.946999549865722656e-01
3.827745616436004639e-01 3.000534772872924805e-01 -9.491784572601318359e-01 -6.976897828280925751e-03 -9.955649822950363159e-02 3.939096350222826004e-03 9.949996471405029297e-01
7.258319854736328125e-01 4.097614884376525879e-01 -9.868628382682800293e-01 -7.332891225814819336e-03 -8.883422613143920898e-02 9.719400666654109955e-03 9.959720373153686523e-01
1.063168406486511230e+00 4.943588078022003174e-01 -1.011650681495666504e+00 -7.582115475088357925e-03 -8.035396784543991089e-02 8.583106100559234619e-03 9.967005252838134766e-01
1.327662944793701172e+00 5.335446000099182129e-01 -1.011489272117614746e+00 -6.833624094724655151e-03 -8.155842870473861694e-02 -2.340217819437384605e-03 9.966423511505126953e-01
1.527996897697448730e+00 5.505316257476806641e-01 -1.002084016799926758e+00 -4.900131374597549438e-03 -8.936025947332382202e-02 -1.813733018934726715e-02 9.958221316337585449e-01
1.699432015419006348e+00 5.585011243820190430e-01 -9.894291758537292480e-01 -1.772905467078089714e-03 -9.805935621261596680e-02 -3.194769471883773804e-02 9.946660399436950684e-01
1.794749259948730469e+00 5.607205033302307129e-01 -9.809511899948120117e-01 2.404699567705392838e-03 -1.025185286998748779e-01 -3.828567638993263245e-02 9.939911365509033203e-01
1.959335565567016602e+00 5.614017844200134277e-01 -9.646708965301513672e-01 6.891523487865924835e-03 -9.967855364084243774e-02 -3.713681176304817200e-02 9.943025112152099609e-01
2.046832561492919922e+00 5.606237649917602539e-01 -9.559615850448608398e-01 1.079730689525604248e-02 -8.696821331977844238e-02 -2.984391525387763977e-02 9.957054853439331055e-01
2.164263725280761719e+00 5.598420500755310059e-01 -9.607899785041809082e-01 1.373800449073314667e-02 -6.365676969289779663e-02 -1.780114136636257172e-02 9.977184534072875977e-01
2.208705425262451172e+00 5.619941353797912598e-01 -9.910617470741271973e-01 1.736156828701496124e-02 -3.653170168399810791e-02 -2.654534997418522835e-03 9.991781711578369141e-01
2.265645980834960938e+00 5.680073499679565430e-01 -1.053353428840637207e+00 2.382902801036834717e-02 -1.431544777005910873e-02 1.386395748704671860e-02 9.995173811912536621e-01
2.268033504486083984e+00 5.682911276817321777e-01 -1.056055903434753418e+00 3.399553149938583374e-02 -3.165800822898745537e-03 3.011932224035263062e-02 9.989629983901977539e-01
2.307887792587280273e+00 5.731033086776733398e-01 -1.100227236747741699e+00 4.346849024295806885e-02 1.083878683857619762e-03 4.487732797861099243e-02 9.980458021163940430e-01
2.399849176406860352e+00 5.841874480247497559e-01 -1.199790596961975098e+00 4.654727503657341003e-02 5.182813853025436401e-03 5.700788646936416626e-02 9.972745776176452637e-01
2.539911985397338867e+00 5.997424125671386719e-01 -1.350112080574035645e+00 3.966136276721954346e-02 1.395455468446016312e-02 6.520687043666839600e-02 9.969856142997741699e-01
2.659382581710815430e+00 6.100562810897827148e-01 -1.479393720626831055e+00 2.774524316191673279e-02 2.453108504414558411e-02 6.746199727058410645e-02 9.970343112945556641e-01
2.742711067199707031e+00 6.124602556228637695e-01 -1.572647809982299805e+00 1.786932162940502167e-02 3.212527185678482056e-02 6.160147115588188171e-02 9.974236488342285156e-01
2.802737951278686523e+00 5.982955694198608398e-01 -1.655746698379516602e+00 1.507971994578838348e-02 3.363625332713127136e-02 4.715414717793464661e-02 9.982072114944458008e-01
2.808253049850463867e+00 5.687228441238403320e-01 -1.702210783958435059e+00 1.631470397114753723e-02 3.268401697278022766e-02 3.040240518748760223e-02 9.988700747489929199e-01
2.801342487335205078e+00 5.487273931503295898e-01 -1.725894689559936523e+00 1.649200730025768280e-02 3.457843512296676636e-02 1.933204568922519684e-02 9.990789294242858887e-01
2.766443967819213867e+00 4.723448753356933594e-01 -1.825847625732421875e+00 1.191229280084371567e-02 4.274931177496910095e-02 1.915353164076805115e-02 9.988311529159545898e-01
2.735597133636474609e+00 4.090218245983123779e-01 -1.911810278892517090e+00 4.380286205559968948e-03 5.307801067829132080e-02 2.395104430615901947e-02 9.982934594154357910e-01
2.724203348159790039e+00 3.860203325748443604e-01 -1.941918134689331055e+00 -2.920145401731133461e-03 5.956793203949928284e-02 2.503316849470138550e-02 9.979060292243957520e-01
2.691706418991088867e+00 3.209077417850494385e-01 -2.019793987274169922e+00 -7.943936623632907867e-03 5.803507938981056213e-02 1.645086146891117096e-02 9.981474280357360840e-01
2.628175973892211914e+00 2.017963379621505737e-01 -2.115727901458740234e+00 -1.320449914783239365e-02 5.148839205503463745e-02 3.193040378391742706e-03 9.985811710357666016e-01
2.558170080184936523e+00 1.109942570328712463e-01 -2.158831119537353516e+00 -2.235357835888862610e-02 4.474585503339767456e-02 -7.012793794274330139e-03 9.987236857414245605e-01
2.513961315155029297e+00 7.523452490568161011e-02 -2.174272298812866211e+00 -3.695197775959968567e-02 4.183975979685783386e-02 -8.354570716619491577e-03 9.984058141708374023e-01
2.441527605056762695e+00 3.128433227539062500e-02 -2.193498849868774414e+00 -5.019801855087280273e-02 4.361373558640480042e-02 -2.681300975382328033e-03 9.977829456329345703e-01
2.377257108688354492e+00 -1.556167611852288246e-03 -2.208254575729370117e+00 -5.321007594466209412e-02 5.012303218245506287e-02 6.242456380277872086e-03 9.973050951957702637e-01
2.275150775909423828e+00 -4.855037480592727661e-02 -2.229965686798095703e+00 -4.004826396703720093e-02 6.120557337999343872e-02 1.533524598926305771e-02 9.972035288810729980e-01
2.249396562576293945e+00 -5.980987474322319031e-02 -2.235257148742675781e+00 -1.652798429131507874e-02 7.581068575382232666e-02 2.423440106213092804e-02 9.966906905174255371e-01
2.209951400756835938e+00 -7.675838470458984375e-02 -2.243243455886840820e+00 8.566573262214660645e-03 9.267660230398178101e-02 3.325549513101577759e-02 9.951038956642150879e-01
2.099161386489868164e+00 -1.229479759931564331e-01 -2.264971971511840820e+00 2.862885594367980957e-02 1.106359288096427917e-01 4.333108663558959961e-02 9.925031661987304688e-01
1.905649065971374512e+00 -2.002539783716201782e-01 -2.300572872161865234e+00 4.583768546581268311e-02 1.287279725074768066e-01 5.782195553183555603e-02 9.889311194419860840e-01
1.755253911018371582e+00 -2.582233548164367676e-01 -2.326021671295166016e+00 6.455387920141220093e-02 1.459873318672180176e-01 8.066070079803466797e-02 9.838771820068359375e-01
1.565757870674133301e+00 -3.290272355079650879e-01 -2.354644298553466797e+00 8.726292848587036133e-02 1.617990285158157349e-01 1.129607707262039185e-01 9.764456152915954590e-01
1.355879902839660645e+00 -4.043337106704711914e-01 -2.379880905151367188e+00 1.091431230306625366e-01 1.773480474948883057e-01 1.448713243007659912e-01 9.672889113426208496e-01
1.164931416511535645e+00 -4.700728058815002441e-01 -2.395983934402465820e+00 1.237102448940277100e-01 1.945416778326034546e-01 1.640229225158691406e-01 9.591380357742309570e-01
1.061045408248901367e+00 -5.049684047698974609e-01 -2.402098655700683594e+00 1.259860694408416748e-01 2.139602899551391602e-01 1.619709432125091553e-01 9.550465941429138184e-01
8.928040862083435059e-01 -5.609012246131896973e-01 -2.408253669738769531e+00 1.164151728153228760e-01 2.300685048103332520e-01 1.451282203197479248e-01 9.552245140075683594e-01
7.745517492294311523e-01 -6.015079617500305176e-01 -2.410023450851440430e+00 9.678495675325393677e-02 2.357773780822753906e-01 1.235988810658454895e-01 9.590437412261962891e-01
7.048383951187133789e-01 -6.215223670005798340e-01 -2.409281969070434570e+00 6.951040029525756836e-02 2.266199737787246704e-01 1.051920801401138306e-01 9.657880067825317383e-01
7.202479243278503418e-01 -6.141222119331359863e-01 -2.408875942230224609e+00 3.935790061950683594e-02 2.083273231983184814e-01 8.837302029132843018e-02 9.732630252838134766e-01
7.503818273544311523e-01 -5.999585390090942383e-01 -2.408286571502685547e+00 1.172634307295084000e-02 1.893040835857391357e-01 6.933926045894622803e-02 9.793969988822937012e-01
8.179199695587158203e-01 -5.684683918952941895e-01 -2.407373666763305664e+00 -9.659646078944206238e-03 1.762724667787551880e-01 4.571643844246864319e-02 9.832317233085632324e-01
8.449206352233886719e-01 -5.559360980987548828e-01 -2.407065868377685547e+00 -2.789851278066635132e-02 1.685942113399505615e-01 2.044943347573280334e-02 9.850783348083496094e-01
9.544463157653808594e-01 -5.054479837417602539e-01 -2.405885457992553711e+00 -4.779700189828872681e-02 1.637438833713531494e-01 -2.214692533016204834e-03 9.853418469429016113e-01
1.072132706642150879e+00 -4.518544375896453857e-01 -2.404561519622802734e+00 -7.179202139377593994e-02 1.597027778625488281e-01 -1.843952387571334839e-02 9.843784570693969727e-01
1.166164398193359375e+00 -4.096279144287109375e-01 -2.403351783752441406e+00 -9.289865940809249878e-02 1.565861701965332031e-01 -2.596052363514900208e-02 9.829429388046264648e-01
1.286503314971923828e+00 -3.566487729549407959e-01 -2.401454925537109375e+00 -1.018304452300071716e-01 1.551179289817810059e-01 -2.292203716933727264e-02 9.823662638664245605e-01
1.372048139572143555e+00 -3.200589716434478760e-01 -2.399702310562133789e+00 -9.316347539424896240e-02 1.556140929460525513e-01 -9.939958341419696808e-03 9.833646416664123535e-01
1.527105927467346191e+00 -2.584197223186492920e-01 -2.394332408905029297e+00 -7.690087705850601196e-02 1.568364650011062622e-01 2.466578967869281769e-03 9.846230149269104004e-01
1.666166901588439941e+00 -2.090384662151336670e-01 -2.380272865295410156e+00 -6.699025630950927734e-02 1.573103815317153931e-01 1.291642896831035614e-03 9.852735996246337891e-01
1.871922135353088379e+00 -1.333928853273391724e-01 -2.333326101303100586e+00 -7.258534431457519531e-02 1.565629094839096069e-01 -2.082427032291889191e-02 9.847770929336547852e-01
2.019858121871948242e+00 -7.228553295135498047e-02 -2.290254354476928711e+00 -8.359123766422271729e-02 1.579353511333465576e-01 -4.864097386598587036e-02 9.827018976211547852e-01
2.140124320983886719e+00 -2.006618492305278778e-02 -2.252545118331909180e+00 -8.524699509143829346e-02 1.660169810056686401e-01 -6.130482628941535950e-02 9.805167913436889648e-01
2.296580553054809570e+00 5.077846348285675049e-02 -2.199873685836791992e+00 -6.710793823003768921e-02 1.838430613279342651e-01 -4.375481605529785156e-02 9.796856045722961426e-01
2.466484308242797852e+00 1.325405836105346680e-01 -2.135868310928344727e+00 -3.565392270684242249e-02 2.075126022100448608e-01 -3.888602368533611298e-03 9.775746464729309082e-01
2.618773698806762695e+00 2.176795154809951782e-01 -2.060343980789184570e+00 -1.777093857526779175e-03 2.315529733896255493e-01 4.446952044963836670e-02 9.718037843704223633e-01
2.689696073532104492e+00 3.241531252861022949e-01 -1.937255382537841797e+00 2.421956323087215424e-02 2.508342862129211426e-01 8.834090828895568848e-02 9.636863470077514648e-01
2.685773849487304688e+00 4.354240298271179199e-01 -1.810489654541015625e+00 3.517420217394828796e-02 2.595120668411254883e-01 1.187353283166885376e-01 9.577673673629760742e-01
2.671588659286499023e+00 5.186619162559509277e-01 -1.688869714736938477e+00 2.479437738656997681e-02 2.515562176704406738e-01 1.278011500835418701e-01 9.590472579002380371e-01
2.628817319869995117e+00 5.521041154861450195e-01 -1.546470284461975098e+00 -9.029028937220573425e-03 2.238699197769165039e-01 1.121218726038932800e-01 9.681060314178466797e-01
2.506330728530883789e+00 5.441671609878540039e-01 -1.386106491088867188e+00 -5.137068778276443481e-02 1.875502318143844604e-01 8.671154826879501343e-02 9.770706295967102051e-01
2.329291343688964844e+00 5.414317250251770020e-01 -1.310553550720214844e+00 -8.302997052669525146e-02 1.585250943899154663e-01 7.179492712020874023e-02 9.812346100807189941e-01
2.181476354598999023e+00 5.410001873970031738e-01 -1.256603837013244629e+00 -9.098519384860992432e-02 1.486483067274093628e-01 8.081801235675811768e-02 9.813734889030456543e-01
2.051872253417968750e+00 5.412606000900268555e-01 -1.212191104888916016e+00 -8.568537980318069458e-02 1.497866511344909668e-01 9.863281250000000000e-02 9.800477027893066406e-01
1.895130395889282227e+00 5.424226522445678711e-01 -1.162315130233764648e+00 -8.340601623058319092e-02 1.487744450569152832e-01 1.029380783438682556e-01 9.799557328224182129e-01
1.709638476371765137e+00 5.456256270408630371e-01 -1.110855698585510254e+00 -9.609176218509674072e-02 1.359116435050964355e-01 7.812723517417907715e-02 9.829499125480651855e-01
1.519498825073242188e+00 5.404736995697021484e-01 -1.081393957138061523e+00 -1.181970536708831787e-01 1.150877997279167175e-01 3.524534776806831360e-02 9.856683015823364258e-01
1.367182254791259766e+00 4.586411118507385254e-01 -1.085324764251708984e+00 -1.399742662906646729e-01 9.394388645887374878e-02 -7.733615115284919739e-03 9.856581687927246094e-01
