5.137068861851561508e+01 -8.855954441622213125e+00 -5.092945243444995107e+00
4.536911851902615211e+01 -7.865776519152873902e+00 -5.598795538418324114e+00
3.970858090219098813e+01 -6.920039834199313233e+00 -6.086525519123719086e+00
3.438876109152609217e+01 -6.020257178034820633e+00 -6.554696051324901518e+00
2.940936462554607900e+01 -5.167832997319909971e+00 -7.001964759168550323e+00
2.477011449880134819e+01 -4.364078523002741683e+00 -7.427073037937782729e+00
2.047074818996014045e+01 -3.610226948996928975e+00 -7.828833179425871869e+00
1.651101448881889056e+01 -2.907448660659613271e+00 -8.206115609172437431e+00
1.289067013086008018e+01 -2.256866512807053304e+00 -8.557836235260609214e+00
9.609476244722120697e+00 -1.659571156680375026e+00 -8.882943908863810023e+00
6.667194614699373467e+00 -1.116636414912074438e+00 -9.180407997252219232e+00
4.063562443153184489e+00 -6.291244641622377731e-01 -9.449215918185334573e+00
1.798209305728604379e+00 -1.981262162064748311e-01 -9.688346673142858023e+00
-1.293026767902400731e-01 1.751228389736406710e-01 -9.896674930888881505e+00
-1.719451062805673835e+00 4.892615792758139848e-01 -1.007298525072398299e+01
-2.972741526206156504e+00 7.428495313523051369e-01 -1.021600923866090582e+01
-3.889695630763142731e+00 9.344132538081597605e-01 -1.032446232367378336e+01
-4.470837937301667786e+00 1.062492817168285031e+00 -1.039708014902815947e+01
-4.716682467406433155e+00 1.125688379052856902e+00 -1.043265457911100924e+01
-4.627718576390731364e+00 1.122706857370677103e+00 -1.043006932789490193e+01
-4.204396317108201941e+00 1.052408709050355551e+00 -1.038833522115752572e+01
-3.447103934271050996e+00 9.138583075201331951e-01 -1.030662730077008504e+01
-2.356132215189311818e+00 7.063742139314250768e-01 -1.018432038497341807e+01
-9.316873780923160542e-01 4.295458082910392772e-01 -1.002100130320652838e+01
8.261114368144295561e-01 8.325949716911296150e-02 -9.816487387406583665e+00
2.917242117730823203e+00 -3.322704747374971013e-01 -9.570847799116108945e+00
5.070202670369821085e+00 -7.563456852806126340e-01 -9.314856928543660430e+00
7.013629537208315057e+00 -1.127833497785309946e+00 -9.079708747696367155e+00
8.747753456057335342e+00 -1.445702145419992313e+00 -8.866224231679836976e+00
1.027275300429297644e+01 -1.709065766302619860e+00 -8.675108283788562247e+00
1.158874713061677575e+01 -1.917203577869828646e+00 -8.506936435959733700e+00
1.269580965864855315e+01 -2.069629623881987346e+00 -8.362096132780031610e+00
1.359402214212171245e+01 -2.166281760861368699e+00 -8.240612293827060952e+00
1.428339909433047161e+01 -2.207407449173768299e+00 -8.142248249132812532e+00
1.476387230436896658e+01 -2.193507122822567545e+00 -8.066576485053566614e+00
1.503529931676137998e+01 -2.125321684184013460e+00 -8.013012258660937803e+00
1.503616496677831549e+01 -2.001952187236570868e+00 -7.990944934023457513e+00
1.470485405429718107e+01 -1.823128952611565934e+00 -8.009485183131362263e+00
1.404098365445658914e+01 -1.590947825618885147e+00 -8.067461313456385952e+00
1.304412738890151502e+01 -1.307805902996782565e+00 -8.163645729437932985e+00
1.171382806175673608e+01 -9.763806042607900970e-01 -8.296802912824267295e+00
1.004961033488542554e+01 -5.996089340035255510e-01 -8.465736415808370552e+00
8.050993985564117494e+00 -1.806665775958716802e-01 -8.669335109607898104e+00
5.717504914314387676e+00 2.770580447391820522e-01 -8.906622558252854205e+00
3.048686038779919283e+00 7.699879201942972928e-01 -9.176804277237728513e+00
4.410793001426172033e-02 1.294380928053812108e+00 -9.479313822426442826e+00
-2.842535493680696135e+00 1.770775537837560476e+00 -9.767788761149123644e+00
-5.156462704921561446e+00 2.125072173743899562e+00 -9.997532268156243518e+00
-6.896426655903283631e+00 2.361756033201931171e+00 -1.017053464571048060e+01
-8.061170602252602180e+00 2.485671521531197303e+00 -1.028853236873994703e+01
-8.649446978493926963e+00 2.501981325326973593e+00 -1.035292509181405940e+01
-8.660035657698898603e+00 2.416125564942189552e+00 -1.036469339817821655e+01
-8.091761851094984692e+00 2.233781213140234367e+00 -1.032431721983474837e+01
-6.943512238488703581e+00 1.960823869152331422e+00 -1.023169599797163798e+01
-5.214251100614978540e+00 1.603290546165491159e+00 -1.008606953549695007e+01
-2.903036524955762587e+00 1.167343808877394196e+00 -9.885939495069184346e+00
-5.646374452834912461e-01 7.490579332624451858e-01 -9.684470290634850542e+00
1.244992339180522656e+00 4.365996654826499457e-01 -9.536109746035819512e+00
2.525005843734097422e+00 2.242340815041021784e-01 -9.441176691301681245e+00
3.274655882305380850e+00 1.061048497423336401e-01 -9.400704733229561683e+00
3.493312727940621087e+00 7.626233179243957494e-02 -9.416513792696335372e+00
3.180427369530997694e+00 1.287630717858876950e-01 -9.491298441934400643e+00
2.335377506302187989e+00 2.579185069605487435e-01 -9.628703597431780281e+00
9.576298112629911818e-01 4.581054017057512029e-01 -9.833159858805416320e+00
-9.532090889328953542e-01 7.237253379293242528e-01 -1.010971502913528930e+01
-3.397397601081161067e+00 1.049240158767123621e+00 -1.046388610417164955e+01
-5.787751335328402469e+00 1.341355433160848376e+00 -1.082261127121767075e+01
-7.536744552308642930e+00 1.515536582178897529e+00 -1.110527026179822307e+01
-8.644173223678970785e+00 1.579434417704349336e+00 -1.130581290830905772e+01
-9.110018701088247184e+00 1.540635090608696744e+00 -1.141767486150716948e+01
-8.934435516117543941e+00 1.406607153733701709e+00 -1.143395529304929070e+01
-8.117735805141618854e+00 1.184643745766051692e+00 -1.134759087190080251e+01
-6.660370182748233781e+00 8.817996697102851167e-01 -1.115152592042914570e+01
-4.562905104627942521e+00 5.048231627183480397e-01 -1.083887866385323662e+01
-1.825996646984974658e+00 6.008267806707673353e-02 -1.040310371571893633e+01
1.549639102496650711e+00 -4.465110756769117284e-01 -9.838150922273595000e+00
4.826930619442585169e+00 -9.149842269479394608e-01 -9.278646450809468149e+00
7.269458394077840779e+00 -1.254900138129689369e+00 -8.869278333882263610e+00
8.877530516486674017e+00 -1.474642563231195691e+00 -8.619214373390009953e+00
9.651513934208416856e+00 -1.581965964637918720e+00 -8.537004222800348430e+00
9.591785543178325213e+00 -1.583877721660390758e+00 -8.630376126420200578e+00
8.698680615992532950e+00 -1.486516402916885582e+00 -8.906036662475820265e+00
6.972439459615894286e+00 -1.295027228665899477e+00 -9.369472614681296108e+00
4.413153351362689492e+00 -1.013435877348563441e+00 -1.002475393674818172e+01
1.020710917877193369e+00 -6.445222572594616617e-01 -1.087433657967606848e+01
-3.205253718924935935e+00 -1.896958587317184586e-01 -1.191886380703729387e+01
-7.359902789742690743e+00 2.504924787727622615e-01 -1.295376594419678007e+01
-1.053873741901499272e+01 5.805743048462270739e-01 -1.377058655761344141e+01
-1.274267390369575814e+01 8.067699969552333261e-01 -1.436408645098897274e+01
-1.397234691993144828e+01 9.337253438055512778e-01 -1.473111542646000949e+01
-1.422805448478928625e+01 9.643730785356119384e-01 -1.487084706016824320e+01
-1.350958345614241729e+01 8.995674205751722496e-01 -1.478515136360622506e+01
-1.181580856916587230e+01 7.373270426498048646e-01 -1.447910196546154360e+01
-9.145125389306311803e+00 4.737099099167872973e-01 -1.396033994636139930e+01
-5.495658477976133938e+00 1.032873289167687281e-01 -1.323861403603162756e+01
-8.653450394226461784e-01 -3.806157075634437614e-01 -1.232545883388121943e+01
3.883560539597772809e+00 -8.883111878863630961e-01 -1.137916308213999628e+01
7.887480525987247582e+00 -1.325335630678746934e+00 -1.054724567435155436e+01
1.114647453005628819e+01 -1.691196262078060286e+00 -9.824917169264972827e+00
1.366049871672208127e+01 -1.984462060491777091e+00 -9.205833345021947167e+00
1.542944573771700512e+01 -2.202913081547882790e+00 -8.682346483076534227e+00
1.645318162415396657e+01 -2.343685848742376621e+00 -8.245757792241395379e+00
1.673157834942768929e+01 -2.403413114341597989e+00 -7.886571952340805325e+00
1.626454097308522506e+01 -2.378356654118528368e+00 -7.594754636253542301e+00
1.505202865387633615e+01 -2.264531987659126333e+00 -7.359993417911902647e+00
1.309406900630125747e+01 -2.057824294299847701e+00 -7.171962354173579079e+00
1.081117851558711607e+01 -1.790231332706618605e+00 -7.102946079293751325e+00
8.622553029127635327e+00 -1.494579585080438200e+00 -7.232494759685613062e+00
6.526372093422649456e+00 -1.168124369304408328e+00 -7.561512214055399639e+00
4.520967641724300989e+00 -8.084038241207560649e-01 -8.091137419203706216e+00
2.604882114016104033e+00 -4.133267498416786645e-01 -8.822738700710850424e+00
7.769266748910915732e-01 1.873806771594832554e-02 -9.757910764445925977e+00
-9.637602621236136535e-01 4.888709945501859000e-01 -1.089847382687419142e+01
-2.617654066572326688e+00 9.975090478697428154e-01 -1.224647391517236095e+01
-4.184784196743004614e+00 1.544351579987002232e+00 -1.380418319693993823e+01
-5.664673493612275124e+00 2.128264139805626343e+00 -1.557409907567400076e+01
-6.863510809369212318e+00 2.653716734762765483e+00 -1.720084164688492123e+01
-7.585710001045826267e+00 3.020520043289117496e+00 -1.833080553382064792e+01
-7.828434743529509632e+00 3.221144409501687456e+00 -1.896825257827587663e+01
-7.589893913740914044e+00 3.249977742899803346e+00 -1.911580866622530905e+01
-6.869457511026951124e+00 3.103600225489521858e+00 -1.877421172364730140e+01
-5.667957049878713072e+00 2.781382525025545505e+00 -1.794196552123268518e+01
-3.988254064827903456e+00 2.286502703734966779e+00 -1.661500589007760453e+01
-1.834552468265092218e+00 1.624640483991706574e+00 -1.478738545054108400e+01
7.879156888619522903e-01 8.033488687903074243e-01 -1.245168581259125418e+01
3.873012542890512222e+00 -1.682296741195292433e-01 -9.599301836220099915e+00
6.870420884990004140e+00 -1.103471268361118307e+00 -6.768479359566562437e+00
9.235913142818446886e+00 -1.823846278390170994e+00 -4.506419950640032646e+00
1.097283460813490663e+01 -2.333137018259439976e+00 -2.818809373161478060e+00
1.208568939890551164e+01 -2.637260040590272858e+00 -1.713150520446348191e+00
1.257999612424969627e+01 -2.743923231937980045e+00 -1.198409597582826169e+00
1.246213984574264622e+01 -2.662278108023908185e+00 -1.284667752208169311e+00
1.173921839911435860e+01 -2.402565351848002795e+00 -1.982781773594429753e+00
1.041888156383209463e+01 -1.975752335756739697e+00 -3.304056767947466167e+00
8.509162129088164050e+00 -1.393161406173254457e+00 -5.259933322473758999e+00
6.018298305059760267e+00 -6.660883896832302531e-01 -7.861690912229592598e+00
3.465445661239422215e+00 4.419175297742328201e-02 -1.056060993796471692e+01
1.359892568354195808e+00 5.902019660825366110e-01 -1.279503908103697896e+01
-3.051081243489812689e-01 9.818359264180557266e-01 -1.455647908270746349e+01
-1.536506909758948325e+00 1.229070494110775513e+00 -1.583649633087348185e+01
-2.341308649575890577e+00 1.341660229305820629e+00 -1.662692457719134609e+01
-2.726417677065304801e+00 1.328825405029185003e+00 -1.692005262868497795e+01
-2.698477795512520316e+00 1.198934214099193207e+00 -1.670879909285563514e+01
-2.263708609257489623e+00 9.591800928926934589e-01 -1.598687579871998032e+01
-1.427739190731389218e+00 6.152551150778082789e-01 -1.474894229512407051e+01
-1.954406346678621009e-01 1.710206385211944236e-01 -1.299075443880513347e+01
1.128885085684194323e+00 -2.601842691358146054e-01 -1.116588940825941734e+01
2.246795351815035424e+00 -5.702575903243439770e-01 -9.733109204323980634e+00
3.162484581796991101e+00 -7.638500776619445709e-01 -8.696369113764470526e+00
3.879527068240602894e+00 -8.442001444686819678e-01 -8.058897133017058678e+00
4.400754282195791234e+00 -8.128922385956949270e-01 -7.823100127748896071e+00
4.728210905778807316e+00 -6.697311046904976806e-01 -7.990409081847814399e+00
4.863300779637452109e+00 -4.129188357802779930e-01 -8.561028932585923457e+00
4.806608303570301111e+00 -3.878972144553816115e-02 -9.534111079968852209e+00
4.557922674049599721e+00 4.581179468467996285e-01 -1.090787762323268950e+01
4.116341838310009216e+00 1.084868751928838027e+00 -1.267968746990012896e+01
3.627223057812662965e+00 1.755397218658049541e+00 -1.452792409167094156e+01
3.236390233507848713e+00 2.377375664474720374e+00 -1.613290462055148566e+01
2.943582781981220364e+00 2.948686491868696358e+00 -1.749469054873359752e+01
2.749018818473089265e+00 3.466137645279530943e+00 -1.861386690997231241e+01
2.653330576031398547e+00 3.925577984315027358e+00 -1.949151371873355387e+01
2.657499343058497221e+00 4.322013444767860868e+00 -2.012917768738361346e+01
2.762790453269966306e+00 4.649723613641165265e+00 -2.052884268386573652e+01
2.970689205451082060e+00 4.902378064106704514e+00 -2.069289760301784042e+01
3.282837913009986508e+00 5.073152320294107120e+00 -2.062410048505710236e+01
3.700974572159933640e+00 5.154843035193652945e+00 -2.032553791010622746e+01
4.176290258208508632e+00 5.179637766184029601e+00 -1.981295548869903200e+01
4.660483200948732474e+00 5.180828987931496599e+00 -1.910040492908777310e+01
5.156085749884560698e+00 5.152657132552867836e+00 -1.818869893964910744e+01
5.665588657479754708e+00 5.089437985576201307e+00 -1.707870711545090714e+01
6.191396388161271247e+00 4.985652262082588493e+00 -1.577134248234611036e+01
6.735784306522952569e+00 4.836035401373792730e+00 -1.426754249812979580e+01
7.300857867557467351e+00 4.635667573738470715e+00 -1.256824477315587174e+01
7.888514906138351712e+00 4.380063023136886891e+00 -1.067435766792065976e+01
8.500409864024501161e+00 4.065259627171795564e+00 -8.586726372625745896e+00
9.137920230026365331e+00 3.687908554400995964e+00 -6.306095100732507674e+00
9.674213899377209103e+00 3.216225330166900598e+00 -4.092198117033707838e+00
9.977854764517008590e+00 2.628057302161169062e+00 -2.203425244955907747e+00
1.004320212548393876e+01 1.934861914586056386e+00 -6.381295979947642083e-01
9.864826251551857439e+00 1.147763512626136517e+00 6.056713499050299099e-01
9.437577742855136620e+00 2.773963077019704349e-01 1.530251125771936893e+00
8.756660570810929300e+00 -6.662551262522036222e-01 2.138088418427023019e+00
7.817741052303857963e+00 -1.674063372993349397e+00 2.431646961816315677e+00
6.616999259070495576e+00 -2.737902003693829300e+00 2.413313078089813768e+00
5.151131611314366587e+00 -3.850650322791033808e+00 2.085360904117051106e+00
3.417351389874642376e+00 -5.006183851267713258e+00 1.449904592354360533e+00
1.696883066042980337e+00 -6.047344832522748348e+00 6.661422711899832594e-01
2.758033818611018151e-01 -6.824734996920738261e+00 -1.082973915511935559e-01
-8.410994610719948472e-01 -7.344560510550214971e+00 -8.741033342810962115e-01
-1.649201630604596236e+00 -7.612916598959011516e+00 -1.632314954907945204e+00
-2.144085180203369578e+00 -7.635727508939595509e+00 -2.384250595833686592e+00
-2.321576960914727206e+00 -7.418685865356800413e+00 -3.131437527388355235e+00
-2.177785177718935206e+00 -6.967191267484023065e+00 -3.875543689650373658e+00
-1.709133948454985674e+00 -6.286287864386485680e+00 -4.618311646771657841e+00
-9.123961901028052601e-01 -5.380600879529557012e+00 -5.361494677667655750e+00
2.152748209661142775e-01 -4.254272076024520288e+00 -6.106795222834517922e+00
1.373269906764263748e+00 -3.115930984338343368e+00 -6.799892462484421252e+00
2.257672367176714268e+00 -2.168929968640599615e+00 -7.384824169252329540e+00
2.866156177629063162e+00 -1.409212631180953412e+00 -7.860763157235134635e+00
3.196539673583973507e+00 -8.329407579298335751e-01 -8.226929593091805160e+00
3.246807928387640985e+00 -4.365711896053376950e-01 -8.482637550556473727e+00
3.015134669583042548e+00 -2.169335729020848147e-01 -8.627339629765096163e+00
2.499904233310818125e+00 -1.713089498064123140e-01 -8.660669537874943202e+00
1.699733677713778590e+00 -2.975086143733780553e-01 -8.582482697346495826e+00
6.134959770493118025e-01 -5.939535097371808625e-01 -8.392894646700264971e+00
-7.596551615246157629e-01 -1.059753913943575654e+00 -8.092317273936902922e+00
-2.120832780113103944e+00 -1.558570070940490382e+00 -7.779605589380299335e+00
-3.170041323539587896e+00 -1.955973071245665551e+00 -7.553073228167695774e+00
-3.906331291260816130e+00 -2.253954441126790442e+00 -7.412291887557607595e+00
-4.328901894979868104e+00 -2.453714198042257433e+00 -7.356451298153580787e+00
-4.437119646473912660e+00 -2.555581539349713882e+00 -7.384339631921019276e+00
-4.230595612499941538e+00 -2.558895425763469955e+00 -7.494308525091303075e+00
-3.709373890219479275e+00 -2.461845467577282953e+00 -7.684222719631216059e+00
-2.873777149261123487e+00 -2.261672434375019858e+00 -7.951557738971144040e+00
-1.724346463191341883e+00 -1.954822229026832447e+00 -8.293473848762557665e+00
-2.618340397321171631e-01 -1.537060059445111593e+00 -8.706870619609036410e+00
1.323168043158581497e+00 -1.114186659360983267e+00 -9.125941543466240091e+00
2.840879600685834561e+00 -7.942743653300153861e-01 -9.486523209359171815e+00
4.291734353679536262e+00 -5.763287707902069457e-01 -9.787980094034706369e+00
5.676308958613242694e+00 -4.597043035665193123e-01 -1.002989666843827266e+01
6.995295565940945259e+00 -4.440859498678900175e-01 -1.021207802529396957e+01
8.249475004797327315e+00 -5.294713136948322463e-01 -1.033455144638528012e+01
9.439690248901571934e+00 -7.161530347803934937e-01 -1.039756906444025120e+01
1.056682003119493807e+01 -1.004701891325396224e+00 -1.040161155792186065e+01
1.163175214218860098e+01 -1.395950323905906121e+00 -1.034739305037928858e+01
1.263535615593875328e+01 -1.890976348819911168e+00 -1.023586727324878254e+01
1.333104444158567148e+01 -2.363181786313489408e+00 -1.008947486067209276e+01
1.346980152363606287e+01 -2.691534570992411002e+00 -9.935418021320268522e+00
1.304898479196889660e+01 -2.885425769674569096e+00 -9.781547212876589015e+00
1.206619141523002270e+01 -2.953771501331051486e+00 -9.635037053256983341e+00
1.051928378688914378e+01 -2.904769491718946828e+00 -9.502257811589219116e+00
8.406407057659940563e+00 -2.745654889667477061e+00 -9.388646416434520248e+00
5.726000450037735945e+00 -2.482456388866896901e+00 -9.298576170645180383e+00
2.476803749182068692e+00 -2.119755493901646748e+00 -9.235224201409756972e+00
-1.342137996498055097e+00 -1.660447951044364157e+00 -9.200435239041308222e+00
-5.731468959873950553e+00 -1.105508950163118120e+00 -9.194580531934482437e+00
-9.881241131296050639e+00 -5.672334774996822260e-01 -9.213594667495238255e+00
-1.298026320241564591e+01 -1.489464100943236058e-01 -9.247258050826525633e+00
-1.502738109804052336e+01 1.613848314357320679e-01 -9.287038704636524145e+00
-1.602181451411567537e+01 3.727469073607554417e-01 -9.326625051621224571e+00
-1.596314388514637628e+01 4.906616068116939067e-01 -9.362177412271424970e+00
-1.485125278966579643e+01 5.165044339853881450e-01 -9.392705312211687030e+00
-1.268616196577314170e+01 4.465040047995146866e-01 -9.420558732262104940e+00
-9.468212687778313708e+00 2.729237180811421304e-01 -9.450950783952501766e+00
-5.198133158231610373e+00 -1.522821948336461340e-02 -9.491642041088384829e+00
1.229409378386945306e-01 -4.317745463728338562e-01 -9.552741298414099802e+00
5.447070166309220696e+00 -8.751236896245063734e-01 -9.634523307055937735e+00
9.727619776923855710e+00 -1.231236658668036998e+00 -9.727845210030935164e+00
1.296540237809817597e+01 -1.494667568931714374e+00 -9.828422068138092271e+00
1.516162632819802525e+01 -1.657014324250135617e+00 -9.929587633416867121e+00
1.631791996099016728e+01 -1.707336172518924888e+00 -1.002250235858671346e+01
1.643635562343509093e+01 -1.632567173811076744e+00 -1.009637032239003673e+01
1.551946921724833039e+01 -1.417923279613910958e+00 -1.013866730782111780e+01
1.357027191107738062e+01 -1.047299792108936201e+00 -1.013538116333998396e+01
1.059225040791588413e+01 -5.036582407663059424e-01 -1.007126619803625722e+01
6.589353158774977182e+00 2.305992038010158396e-01 -9.930112306202694583e+00
2.520768389737511050e+00 9.798643198484828787e-01 -9.742211231397593707e+00
-6.594087335224291246e-01 1.547069009634801873e+00 -9.558145667699855963e+00
-2.954877985559866360e+00 1.917359030467703507e+00 -9.392299229815991524e+00
-4.369785056696236403e+00 2.075515343965401271e+00 -9.259781692864777369e+00
-4.908655060057170338e+00 2.006249428929364420e+00 -9.176142605727365620e+00
-4.576309242714207137e+00 1.694482141962373900e+00 -9.157073656551002472e+00
-3.377764984815978977e+00 1.125605751235252860e+00 -9.218100902781884542e+00
-1.318118757620412751e+00 2.857297830808156469e-01 -9.374268633205222301e+00
1.597586475703951514e+00 -8.380888935865489220e-01 -9.639815915838378046e+00
5.364508329386826091e+00 -2.257630183119369249e+00 -1.002784731848841204e+01
9.082992171292056938e+00 -3.686415177841698476e+00 -1.045683380721719047e+01
1.186118215778435037e+01 -4.820634941506478199e+00 -1.082483012835510294e+01
1.370609785486254673e+01 -5.645952845426146283e+00 -1.111405397599943434e+01
1.462451890883226291e+01 -6.149374474036390481e+00 -1.130807257594572413e+01
1.462279069087729511e+01 -6.319452816396003314e+00 -1.139217472991686186e+01
1.370651923378767378e+01 -6.146485805133540481e+00 -1.135386607571441964e+01
1.188009692578120990e+01 -5.622605417739161560e+00 -1.118350006212886427e+01
9.146968521242632377e+00 -4.741631380624674819e+00 -1.087387036420724762e+01
5.509744511262902655e+00 -3.498910300559062936e+00 -1.041997853424070186e+01
9.702228883974075568e-01 -1.891176668523426141e+00 -9.818923059885033666e+00
-3.596698771225199209e+00 -2.433134501089795343e-01 -9.194947951236757788e+00
-7.319585243872893443e+00 1.113365190208756239e+00 -8.679287079760234391e+00
-1.020187782588884851e+01 2.172589917966209150e+00 -8.279541138208935891e+00
-1.224630739002710023e+01 2.929429613723620207e+00 -8.001409865003346056e+00
-1.345492213154427397e+01 3.380179012611859157e+00 -7.848795798567300253e+00
-1.382912179939562591e+01 3.522255242646820772e+00 -7.823911788015675661e+00
-1.336969744933245074e+01 3.354101869253485191e+00 -7.927391497486134142e+00
-1.207687587205893820e+01 2.875098921015303954e+00 -8.158402237752031994e+00
-9.950367846883795053e+00 2.085477764216533636e+00 -8.514759491758644216e+00
-6.989419462004749839e+00 9.862395885669574813e-01 -8.993042591792168139e+00
-3.895315146801113571e+00 -1.229360860090216168e-01 -9.478743066170387976e+00
-1.370038188208140717e+00 -9.425415013653271057e-01 -9.860932264968450767e+00
5.861167527968489388e-01 -1.471722991657354873e+00 -1.014149165572662348e+01
1.972458577250857603e+00 -1.710142502639391493e+00 -1.032327791418549445e+01
2.787949891105344857e+00 -1.657930255501600891e+00 -1.041002820208363033e+01
3.031258010521756141e+00 -1.315637272984392814e+00 -1.040626547683621972e+01
2.700806470264645931e+00 -6.841870685352533510e-01 -1.031720405335699553e+01
1.794826495330656968e+00 2.351740310054672989e-01 -1.014865570195159705e+01
3.114083553873060461e-01 1.440928547217726008e+00 -9.906936421412940064e+00
-1.751447682982067544e+00 2.931341986592153503e+00 -9.598774053219598201e+00
-3.939941763732656810e+00 4.444823966284298322e+00 -9.294712523856938802e+00
-5.798083477021516607e+00 5.721648580964234121e+00 -9.057854833910646164e+00
-7.324532031824994682e+00 6.762891465274027070e+00 -8.883721837638654861e+00
-8.517838499011093134e+00 7.569784651416054722e+00 -8.767490821981235527e+00
-9.376485077396388590e+00 8.143685344031350581e+00 -8.704061584172071875e+00
-9.898935867283881862e+00 8.486010004296595355e+00 -8.688139243056454575e+00
-1.008371344663832403e+01 8.598098036363078123e+00 -8.714352904052281801e+00
-9.929389882081967045e+00 8.481280427026772983e+00 -8.777255799505603306e+00
-9.434583770971654459e+00 8.136906422033179709e+00 -8.871342023419527933e+00
-8.597967252552718875e+00 7.566339434398349439e+00 -8.991078609952086964e+00
-7.606908444370259481e+00 6.885772937216652068e+00 -9.116179725354346175e+00
-6.649694640716568905e+00 6.210453253433692034e+00 -9.230098818601465638e+00
-5.726431334479174851e+00 5.540333787685073119e+00 -9.332940200049533175e+00
-4.837230387230264661e+00 4.875367504150043274e+00 -9.424847318115642025e+00
-3.982209748384814230e+00 4.215506545597503596e+00 -9.506001778239738798e+00
-3.161493175493172103e+00 3.560701910016287997e+00 -9.576622371709467174e+00
-2.375209959778413982e+00 2.910903187050728036e+00 -9.636964114560571559e+00
-1.623494657163306654e+00 2.266058381291751633e+00 -9.687317290781164658e+00
-9.064868205943961144e-01 1.626113814833687332e+00 -9.728006510332040335e+00
-2.243307383674533750e-01 9.910141138249541903e-01 -9.759389779896181949e+00
3.153663606543858910e-01 4.638204313390205114e-01 -9.778744512489305762e+00
6.044745446827014534e-01 1.471229538413281468e-01 -9.786110888885907855e+00
6.421256204795302569e-01 4.018442228625238033e-02 -9.785883959903699747e+00
4.275418580828995729e-01 1.423096935946545349e-01 -9.782261364216909172e+00
-3.995956891579355297e-02 4.528584148177615121e-01 -9.779215924364246249e+00
-7.609623201652243596e-01 9.712582858985199241e-01 -9.780468360583773446e+00
-1.735946768079177138e+00 1.697018807029607723e+00 -9.789460107353660234e+00
-2.965286095050096549e+00 2.629745416668406666e+00 -9.809326196280853338e+00
-4.449242504156040390e+00 3.769153847998087947e+00 -9.842868152381274882e+00
-6.187963531218451330e+00 5.115084573113021449e+00 -9.892526861788079273e+00
-7.781087005459555783e+00 6.349635819144671345e+00 -9.951766641062485874e+00
-8.827567967675621574e+00 7.155939295691717383e+00 -1.000773477574132109e+01
-9.326614622319270964e+00 7.535310296657872442e+00 -1.005362968828253400e+01
-9.277671725518016999e+00 7.488802880661945771e+00 -1.008338781293758224e+01
-8.680427808992758898e+00 7.017179736441594429e+00 -1.009173986735688544e+01
-7.534826607000703724e+00 6.120809713415638953e+00 -1.007430872952329537e+01
-5.841065927033729288e+00 4.799449938689302364e+00 -1.002771862039227813e+01
-3.599532747711827518e+00 3.052525065554869688e+00 -9.949326079650242960e+00
-8.107539560939586165e-01 8.792565559217802029e-01 -9.837055145382766597e+00
2.524645367033951704e+00 -1.721282445412472883e+00 -9.689283449558267591e+00
5.760555982535604080e+00 -4.245591963944815639e+00 -9.534796783090863315e+00
8.251498218830885634e+00 -6.189602681653305183e+00 -9.406488802570773800e+00
9.997910156904495693e+00 -7.553247715810005758e+00 -9.308548216963474786e+00
1.100039573068280951e+01 -8.336220905225314226e+00 -9.244458251081450584e+00
1.125966847684008521e+01 -8.538053147326174042e+00 -9.217151754129828234e+00
1.077649574784260089e+01 -8.158190128010097908e+00 -9.229166285925296975e+00
9.551643353325527386e+00 -7.196071026713639185e+00 -9.282799337543259810e+00
7.585820678242505721e+00 -5.651207821532524989e+00 -9.380263807838796097e+00
4.879626264077097986e+00 -3.523265074753535231e+00 -9.523843797455036508e+00
1.433493925624066856e+00 -8.121401190838096751e-01 -9.716050742760412362e+00
-2.014482639056346613e+00 1.902606169298965533e+00 -9.916877454130389680e+00
-4.726903407702063298e+00 4.040729042690353268e+00 -1.008313308196477465e+01
-6.704466604864599333e+00 5.601215263845448433e+00 -1.021275982937758897e+01
-7.947714364222158601e+00 6.583270027914451816e+00 -1.030349669275112312e+01
-8.456980181555110221e+00 6.986396836366052021e+00 -1.035272400749988542e+01
-8.232337307015708205e+00 6.810478305114116893e+00 -1.035730780285768482e+01
-7.273548297520498807e+00 6.055858330261655098e+00 -1.031344415076782006e+01
-5.580016045249708512e+00 4.723426103626511718e+00 -1.021650372331056467e+01
-3.150736519839197225e+00 2.814702666090616923e+00 -1.006087687049004487e+01
1.574643670454800581e-02 3.319307491336423444e-01 -9.839819564380743344e+00
3.298177826187249195e+00 -2.234187799150459064e+00 -9.591203326330479229e+00
6.074198852462746601e+00 -4.394905527375394527e+00 -9.359239165415001338e+00
8.343751884169330779e+00 -6.150595253737452417e+00 -9.146225185147478953e+00
1.010648047794598092e+01 -7.502072157883997505e+00 -8.955177446586903400e+00
1.136169963143100858e+01 -8.450657707542152508e+00 -8.789936035135706760e+00
1.210829562767696110e+01 -8.998219594220749684e+00 -8.655400325723791255e+00
1.234448001880420875e+01 -9.147177299797377259e+00 -8.558042234990359987e+00
1.206802964541734013e+01 -8.900612210006476843e+00 -8.505493553564065223e+00
1.127644176341419424e+01 -8.262206530917891811e+00 -8.506195111455379987e+00
9.967019851665732233e+00 -7.236136741274768802e+00 -8.569155248055228213e+00
8.410942564538105515e+00 -6.036909658196025319e+00 -8.678065259073649784e+00
6.881134175096537575e+00 -4.876187179117037473e+00 -8.810570589316977674e+00
5.377500457810199919e+00 -3.754072798738237626e+00 -8.966663707959135365e+00
3.900038485426636115e+00 -2.670516955073241050e+00 -9.146048205196066760e+00
2.448824676719060012e+00 -1.625313475318308942e+00 -9.348157733680269033e+00
1.024003115359520155e+00 -6.180963789739001291e-01 -9.572175056146186023e+00
-3.742257476046568776e-01 3.516627471504221170e-01 -9.817051092874235607e+00
-1.745615815669787185e+00 1.284656638655575556e+00 -1.008152386053011540e+01
-3.089885459836467341e+00 2.181743333895918013e+00 -1.036413721730031234e+01
-4.406726914113511029e+00 3.043946115339927871e+00 -1.066325928254962285e+01
-5.569915360514828606e+00 3.794986073935548099e+00 -1.094034468860277620e+01
-6.452825106191644622e+00 4.360212653351847933e+00 -1.115497374705342537e+01
-7.054596297324913223e+00 4.743056406353643339e+00 -1.130291746429154465e+01
-7.374468657676053418e+00 4.946659498641034602e+00 -1.138048166965436359e+01
-7.411799140130595376e+00 4.973778263975450642e+00 -1.138461547944775631e+01
-7.166079203284627219e+00 4.826684954679056894e+00 -1.131301875549185887e+01
-6.636952522687040279e+00 4.507069654154558513e+00 -1.116424912573217298e+01
-5.824233846870381370e+00 4.015943529672633794e+00 -1.093782932981262412e+01
-4.727930199998954919e+00 3.353544563534033074e+00 -1.063435555285911960e+01
-3.348265509609904989e+00 2.519247135913118107e+00 -1.025560760229115687e+01
-1.955917085067555350e+00 1.676769427711509275e+00 -9.879720875361991617e+00
-8.217294813991742330e-01 9.899762472441002714e-01 -9.584074047916910644e+00
5.374473561070702843e-02 4.583002940428080318e-01 -9.369577992522453158e+00
6.701015926088287333e-01 8.196212530789548367e-02 -9.236145282611097684e+00
1.027112685244696344e+00 -1.379502469382004604e-01 -9.182585450249675318e+00
1.124835249700520290e+00 -1.995591837833281534e-01 -9.206482760748635030e+00
9.638819178903061946e-01 -1.006099091167799164e-01 -9.304067298984211476e+00
5.452136956650999178e-01 1.618885515409820286e-01 -9.470306916718655543e+00
-1.299373526471310214e-01 5.916457723910429900e-01 -9.699082885145982047e+00
-1.060072772953537079e+00 1.192918293075567071e+00 -9.983362629723215420e+00
-2.008726626565605855e+00 1.813634062608789232e+00 -1.025530965848046527e+01
-2.740868033284643790e+00 2.296103032034939151e+00 -1.045539948998072965e+01
-3.257146840671576449e+00 2.636071689206872293e+00 -1.058913991723076009e+01
-3.558451604439037741e+00 2.828873840096983283e+00 -1.066278358956302696e+01
-3.645895720979147825e+00 2.869569935346148792e+00 -1.068317010332596873e+01
-3.520796625341187536e+00 2.753078827783971505e+00 -1.065756307014721038e+01
-3.184647260174887862e+00 2.474300682001494778e+00 -1.059348193577233666e+01
-2.639079525175229257e+00 2.028229965620506281e+00 -1.049852852503019562e+01
-1.885819303222358911e+00 1.410057969958681712e+00 -1.038020860280108337e+01
-9.266331738909957538e-01 6.152645523833127905e-01 -1.024574886551503994e+01
5.871795286618008980e-02 -1.989350772450417248e-01 -1.012374888802708917e+01
8.932413643207561815e-01 -8.708756888129964846e-01 -1.003377849241045183e+01
1.579383358146910332e+00 -1.398223244365473628e+00 -9.969224392062432827e+00
2.119625646665866725e+00 -1.778806597244776189e+00 -9.923626941951916081e+00
2.516424896742289530e+00 -2.010661045524376966e+00 -9.890830919232831420e+00
2.772147643243913606e+00 -2.092063698510751024e+00 -9.865136669055104335e+00
2.889001391327144397e+00 -2.021561932502865755e+00 -9.841451243197910870e+00
2.868963112468339016e+00 -1.797996226865619995e+00 -9.815439223735070939e+00
2.713706067046437909e+00 -1.420519628409687929e+00 -9.783672969012762621e+00
2.424526228011525841e+00 -8.886161583278846532e-01 -9.743782104263130961e+00
2.017252068217940675e+00 -2.714304302281270731e-01 -9.700767970841170040e+00
1.506725223565628546e+00 3.614737363698491968e-01 -9.661571691384182259e+00
8.923334739356683087e-01 1.009421837063749106e+00 -9.628086019272323881e+00
1.733267536595379243e-01 1.671304332931918823e+00 -9.602868483090301055e+00
-6.511800647548584564e-01 2.345519998183855925e+00 -9.589185253573637269e+00
-1.582260420038904769e+00 3.030148171709876159e+00 -9.590965863461130780e+00
-2.621283945663596349e+00 3.723684951796357279e+00 -9.612371967114128779e+00
-3.769601230677867232e+00 4.424468393303016001e+00 -9.657679974065917605e+00
-5.028447303361774701e+00 5.130480306383538469e+00 -9.731267672896722232e+00
-6.398923386512975320e+00 5.839369155760623542e+00 -9.837562690925885533e+00
-7.624694506836591223e+00 6.402229124647600855e+00 -9.968423806621526495e+00
-8.447286527721153959e+00 6.674158718807964519e+00 -1.010718479455512409e+01
-8.864002305458550168e+00 6.659588676276136709e+00 -1.024368668799719728e+01
-8.871628724963553481e+00 6.364259523521573314e+00 -1.036563929182528376e+01
-8.466589555486233820e+00 5.795169785688822017e+00 -1.045896636883018438e+01
-7.645095269234076341e+00 4.960512616049840950e+00 -1.050815059424343900e+01
-6.403286729676181288e+00 3.869596255193122225e+00 -1.049657661963016508e+01
-4.737369717915095535e+00 2.532744656137665640e+00 -1.040687058466825121e+01
-2.643737981676241411e+00 9.611753954362696195e-01 -1.022123400274328198e+01
-1.190825683915772704e-01 -8.331470654432936440e-01 -9.921770095173897630e+00
2.346166041833817939e+00 -2.532545106083091024e+00 -9.561894329401741999e+00
4.255458002618306423e+00 -3.834600434289488824e+00 -9.221993753278175276e+00
5.602768667722515694e+00 -4.750765368653834031e+00 -8.925415195703356730e+00
6.382305109964521606e+00 -5.293607707330905576e+00 -8.696042310776228135e+00
6.588636859855180106e+00 -5.476574019518572811e+00 -8.557853767380514398e+00
6.216803119231713026e+00 -5.313717318148896140e+00 -8.534496272028226471e+00
5.262395678472953975e+00 -4.819390681817967703e+00 -8.648874043589078298e+00
3.721616168364914934e+00 -4.007910202295558832e+00 -8.922756189543914473e+00
1.591309237342999117e+00 -2.893189718285981371e+00 -9.376401825505276122e+00
-1.131027382466618603e+00 -1.488351432313403055e+00 -1.002820245087376883e+01
-3.794728928383970246e+00 -1.361391654993362454e-01 -1.072703530594135302e+01
-5.745446458130083478e+00 8.419738910663365772e-01 -1.129311649611254964e+01
-6.980253959955919463e+00 1.465082213940116729e+00 -1.170167939298587534e+01
-7.496957636540067860e+00 1.751176738336750249e+00 -1.193017498901750528e+01
-7.294053171079166731e+00 1.716648720676593687e+00 -1.195863712802915657e+01
-6.370602855239241080e+00 1.375523557355062820e+00 -1.177010095180409088e+01
-4.725958595039377208e+00 7.383205929599025996e-01 -1.135097048548956877e+01
-2.359832271613016452e+00 -1.871351768133568960e-01 -1.069060080840433358e+01
7.277385277083932014e-01 -1.395359707641270042e+00 -9.780987457215855940e+00
4.536468896829653374e+00 -2.883105878305715741e+00 -8.616551964243404527e+00
8.320496746577322966e+00 -4.346086176169054127e+00 -7.428621119477958779e+00
1.133409174602621050e+01 -5.489125053723563852e+00 -6.460493593003370449e+00
1.357724041542727278e+01 -6.322356028130906580e+00 -5.724199875587661523e+00
1.505019243922725103e+01 -6.853500784364412013e+00 -5.229202627855613628e+00
1.575339927963750952e+01 -7.088007468331325889e+00 -4.982598686992617765e+00
1.568746508555729946e+01 -7.029203617554852457e+00 -4.989308798202833906e+00
1.485310836792465494e+01 -6.678460748918843670e+00 -5.252257537188840253e+00
1.325113319842436788e+01 -6.035367685058147913e+00 -5.772545401156348177e+00
1.088240842062953995e+01 -5.097910352000506684e+00 -6.549615650263374000e+00
7.747853619285125504e+00 -3.862655889996117864e+00 -7.581417979008040930e+00
4.520235384936649226e+00 -2.580401055872640459e+00 -8.645769955795794104e+00
1.871395089482305485e+00 -1.504673612233782931e+00 -9.520929007919651355e+00
-1.990767718598567271e-01 -6.361201341847915192e-01 -1.020540393261168965e+01
-1.691625999009333636e+00 2.350583670170003359e-02 -1.069886362242234235e+01
-2.606730375787592369e+00 4.714828491082818651e-01 -1.100201856893230179e+01
-2.944898172501832168e+00 7.042601836913970903e-01 -1.111650079968738325e+01
-2.706668912795729742e+00 7.175950741168051206e-01 -1.104474132065458569e+01
-1.892614672491526484e+00 5.066871635738221524e-01 -1.078984482759935659e+01
-5.033425085218512507e-01 6.630981381698619614e-02 -1.035546073256649890e+01
1.460502614208476713e+00 -6.090622686570139610e-01 -9.745649929966864633e+00
3.441204039139479587e+00 -1.310983440093634211e+00 -9.136966082604926598e+00
4.881961162138338750e+00 -1.824605373152214272e+00 -8.701116398932763119e+00
5.783491667408769743e+00 -2.145786617717869937e+00 -8.434838994683580893e+00
6.146540633408196008e+00 -2.270192726794907134e+00 -8.334598715708640526e+00
5.971883047514113585e+00 -2.193405246489120941e+00 -8.396714724722949441e+00
5.260324192472971561e+00 -1.910981713673555404e+00 -8.617502718854604282e+00
4.012694050169097970e+00 -1.418411782017379830e+00 -8.993420181261242874e+00
2.229843361426032455e+00 -7.113181852980986486e-01 -9.521101732862829792e+00
-8.736475860051307052e-02 2.144338844626300089e-01 -1.019741595035761783e+01
-2.938065474481322603e+00 1.362672360107365144e+00 -1.101953605079917864e+01
-5.686479274420109142e+00 2.487214432907558503e+00 -1.180252113293089877e+01
-7.698017808284900454e+00 3.335111572687885495e+00 -1.236636084771814481e+01
-8.973674925181033046e+00 3.900055045926661190e+00 -1.271566749550324005e+01
-9.514447954276237240e+00 4.176151622278704068e+00 -1.285465026635265851e+01
-9.321321300975165869e+00 4.158010745322084922e+00 -1.278701719360693012e+01
-8.395248833898342866e+00 3.840831435242762382e+00 -1.251587688281993316e+01
-6.737135238018035821e+00 3.220489390647773398e+00 -1.204364044675054224e+01
-4.347816675705348466e+00 2.293624833566043630e+00 -1.137192400111098856e+01
-1.228040914039661757e+00 1.057731597288734005e+00 -1.050145232076217638e+01
2.621552751779023804e+00 -4.887519696178836970e-01 -9.431964162592155532e+00
6.481630936048015101e+00 -2.053170133781883955e+00 -8.361534170791824039e+00
9.633933047418240747e+00 -3.339339897089878662e+00 -7.486942471882569450e+00
1.207948515986063853e+01 -4.343358086469618407e+00 -6.805793668146035813e+00
1.381922101078597009e+01 -5.062167526545817253e+00 -6.316576071716523799e+00
1.485396321333395164e+01 -5.493647199039142670e+00 -6.018749870498384169e+00
1.518440532890614492e+01 -5.636705777283043339e+00 -5.912832177838385661e+00
1.481109528261515784e+01 -5.491379205874529212e+00 -6.000478309686394951e+00
1.373442065373110488e+01 -5.058932755019120542e+00 -6.284558863324820166e+00
1.195459640552726199e+01 -4.341968457671073978e+00 -6.769231623632578021e+00
9.471655648744262024e+00 -3.344538591377679282e+00 -7.460007499173560319e+00
6.776275276798851444e+00 -2.273996644520796195e+00 -8.221429567595704313e+00
4.359039132149117535e+00 -1.335095244476105059e+00 -8.913828041384995515e+00
2.219774636032154191e+00 -5.288105156710176669e-01 -9.537058222330173862e+00
3.583940745670193273e-01 1.443692737400091852e-01 -1.009044023246471689e+01
-1.225100516522605432e+00 6.844897282588475740e-01 -1.057273111945440291e+01
-2.530652767813325710e+00 1.092323137240193365e+00 -1.098207674144327939e+01
-3.558268172623996417e+00 1.369916048563370348e+00 -1.131586173779773041e+01
-4.307907407357467022e+00 1.520272008826517141e+00 -1.157072978424764464e+01
-4.779461121524361644e+00 1.547165637233044677e+00 -1.174272708657650988e+01
-4.972763151658841529e+00 1.455075371409636720e+00 -1.182744433906634818e+01
-4.946358745225288622e+00 1.279896149895773050e+00 -1.184086371037789753e+01
-4.758942970512663351e+00 1.056611458590052566e+00 -1.180040465280432116e+01
-4.410546357183694255e+00 7.890134445979404276e-01 -1.170356982482245911e+01
-3.901203594066497971e+00 4.811100018180540783e-01 -1.154792828730290033e+01
-3.230954026050119055e+00 1.370704490498044770e-01 -1.133117568548497189e+01
-2.399840524573081169e+00 -2.388319363785282867e-01 -1.105119045659294130e+01
-1.407906656847112803e+00 -6.422803533731265002e-01 -1.070608580879901695e+01
-2.551922673177924317e-01 -1.068977569001251737e+00 -1.029425730178995479e+01
1.058272693890969895e+00 -1.514711278002180972e+00 -9.814426069554558651e+00
2.532476001342466532e+00 -1.975421280113153211e+00 -9.265677757913385548e+00
3.957252778822402561e+00 -2.398069246531536969e+00 -8.724589090210935538e+00
5.122181302903344502e+00 -2.735704106195761209e+00 -8.270996108354514931e+00
6.026865810050757943e+00 -2.993612259789713459e+00 -7.908937037320795227e+00
6.670880087991413632e+00 -3.177076388685011743e+00 -7.642079974770259909e+00
7.053755791306247858e+00 -3.291267335802152694e+00 -7.473649945860621813e+00
7.174968569699025522e+00 -3.341133685565973899e+00 -7.406360981988679981e+00
7.033922325820364030e+00 -3.331289876210029810e+00 -7.442352472739881541e+00
6.629931696095142435e+00 -3.265905635334561019e+00 -7.583128225440004755e+00
5.962203464753253357e+00 -3.148596201808775419e+00 -7.829497501503881018e+00
5.029817470783920719e+00 -2.982314555888187169e+00 -8.181516598326277645e+00
4.105613571258509786e+00 -2.815249393567482272e+00 -8.534309606400944048e+00
3.463276718866238113e+00 -2.690493556037713674e+00 -8.782887032127758786e+00
3.103123146029232782e+00 -2.603321713733898424e+00 -8.927094796443499902e+00
3.025617527404238949e+00 -2.549796777424425898e+00 -8.967555090348660940e+00
3.231392505315228370e+00 -2.526867714144509058e+00 -8.905721507293119288e+00
3.721350155168781981e+00 -2.532648250502315346e+00 -8.743849874628766727e+00
4.496914270830815852e+00 -2.566994591175669083e+00 -8.484735403095502448e+00
5.559742955158220923e+00 -2.630805237742428471e+00 -8.131870145190490007e+00
6.911605319038992334e+00 -2.725703051053130821e+00 -7.689422185445839553e+00
8.554342455157149416e+00 -2.853913235391261516e+00 -7.162132959786677411e+00
1.007297720500710270e+01 -2.964848065794191800e+00 -6.696875520572660889e+00
1.104979202263237958e+01 -3.006543763248234136e+00 -6.432137325591904542e+00
1.148244030163696827e+01 -2.978599176649507463e+00 -6.359576262422606874e+00
1.136847477168808140e+01 -2.879541245436564978e+00 -6.469855125957629127e+00
1.070541877452362911e+01 -2.707049556907579202e+00 -6.752849633478268387e+00
9.490833970422096755e+00 -2.458170260427295695e+00 -7.197861320741265168e+00
7.722383385939457945e+00 -2.129516938335073384e+00 -7.793837388554250012e+00
5.397889245029735328e+00 -1.717455206715191807e+00 -8.529598956692106881e+00
2.515384528236030537e+00 -1.218271345049998899e+00 -9.394078583099592095e+00
-9.268420584570815635e-01 -6.283236872293154196e-01 -1.037656739318808974e+01
-4.250956472786711515e+00 -3.781551525133097780e-02 -1.128050190873674907e+01
-6.775249666147407979e+00 4.563595438919890723e-01 -1.192659396860064547e+01
-8.495590379167007100e+00 8.475122042423842705e-01 -1.233049136652895150e+01
-9.408170686247750325e+00 1.128912214923714075e+00 -1.250758742428433301e+01
-9.509561178437760276e+00 1.293977513105659671e+00 -1.247264562611562688e+01
-8.796757405822033249e+00 1.336439082293431779e+00 -1.223941106400814860e+01
-7.267218621780063614e+00 1.250483081019526210e+00 -1.182021018698299919e+01
-4.918902409440360834e+00 1.030869123406267240e+00 -1.122553949696674458e+01
-1.750295294341702945e+00 6.730320280148399670e-01 -1.046364660712323946e+01
2.239557902219707852e+00 1.731711099355947858e-01 -9.540105761064271661e+00
6.232113772349450187e+00 -3.480969717324006729e-01 -8.641357671555063291e+00
9.407219915875980831e+00 -7.649622322075870784e-01 -7.942798662007744426e+00
1.176329525278528187e+01 -1.073288731163971832e+00 -7.432871699880495342e+00
1.329929528028928232e+01 -1.269655604077435607e+00 -7.102592750883074402e+00
1.401474691274608730e+01 -1.351439610460998697e+00 -6.945965276344589157e+00
1.390971824136686230e+01 -1.316770714228914674e+00 -6.960566868781109306e+00
1.298463776039634254e+01 -1.164197244697524170e+00 -7.148377194884353969e+00
1.124051997099967259e+01 -8.930360090184020772e-01 -7.515173242233108120e+00
8.679025593058453225e+00 -5.034228652407432003e-01 -8.070084000378841438e+00
5.302455924963229705e+00 3.748050203072783582e-03 -8.825302883062525083e+00
1.878241517452015286e+00 5.162025263709099088e-01 -9.616139280919494325e+00
-8.286674098884030393e-01 9.224100885802934968e-01 -1.026632525677557339e+01
-2.819630619788211501e+00 1.222576717295549287e+00 -1.077068709159372339e+01
-4.096569206305373356e+00 1.417578308235935669e+00 -1.112142537967585021e+01
-4.661967212613468803e+00 1.508929350062134800e+00 -1.130837501958903424e+01
-4.518874016542296701e+00 1.498758549664812589e+00 -1.131926847917719492e+01
-3.670905366686438409e+00 1.389787768898385956e+00 -1.114000127403611096e+01
-2.122240785361182880e+00 1.185311324897618812e+00 -1.075489875731392075e+01
1.223841140306971553e-01 8.891723678636989092e-01 -1.014698307348904116e+01
3.057691926616457057e+00 5.057337635303550405e-01 -9.298239176364200276e+00
6.003084471045150750e+00 1.193276715688236234e-01 -8.396628911046715160e+00
8.283839415771351966e+00 -1.902255712360533813e-01 -7.652070768484874996e+00
9.903549420326843489e+00 -4.253569767323112094e-01 -7.079678446915868228e+00
1.086631309240476639e+01 -5.889863570868020259e-01 -6.695481913162667276e+00
1.117670672176430990e+01 -6.844790671310997388e-01 -6.516191361112896097e+00
1.083974672863196531e+01 -7.155924225389377336e-01 -6.558965096094045322e+00
9.860842220338328801e+00 -6.864110411987544014e-01 -6.841182349429418608e+00
8.245738215116249492e+00 -6.012692615837883503e-01 -7.380220318208957409e+00
6.000448565894390462e+00 -4.646616076466221767e-01 -8.193237951381458828e+00
3.131178869112314800e+00 -2.811410880755819131e-01 -9.296967062142829974e+00
2.660054601307058064e-01 -1.068205616446512018e-01 -1.045586248507482274e+01
-1.975145654924936878e+00 8.582622522858407432e-03 -1.141236350572269131e+01
-3.598407882300559635e+00 7.024565136366905937e-02 -1.214994007376795793e+01
-4.610100880583770433e+00 8.340984518318933505e-02 -1.265247586536584556e+01
-5.016642389962122195e+00 5.326500557568453198e-02 -1.290445146895509865e+01
-4.824410450807540940e+00 -1.526903369439908120e-02 -1.289113501566214559e+01
-4.039523355502907975e+00 -1.179442918330384504e-01 -1.259876958717100415e+01
-2.667896699945951688e+00 -2.509885134506012472e-01 -1.201458296673666837e+01
-7.152312447896527203e-01 -4.110702720041943259e-01 -1.112680068135727396e+01
1.813040582143876644e+00 -5.953536882899443938e-01 -9.924674125460573038e+00
4.401707101529635402e+00 -7.715146900456463230e-01 -8.654162129703802719e+00
6.542105130616812758e+00 -9.111001051848024446e-01 -7.574881658401872997e+00
8.238726259678760044e+00 -1.017237373967438963e+00 -6.696812584671798518e+00
9.495873318704491695e+00 -1.092694712796030032e+00 -6.029182469100668129e+00
1.031762037266051024e+01 -1.139842739427874729e+00 -5.580446236882865563e+00
1.070777305070146568e+01 -1.160617780957524658e+00 -5.358265460081298670e+00
1.066982944377046039e+01 -1.156486887520920437e+00 -5.369486970353742450e+00
1.020694167928937368e+01 -1.128414840163660671e+00 -5.620120793381229163e+00
9.321878552413256358e+00 -1.076832957649927591e+00 -6.115316905020896421e+00
8.016989421027474805e+00 -1.001609777108858346e+00 -6.859340547298662827e+00
6.518346942094187746e+00 -9.261573877475058891e-01 -7.714644889672970685e+00
5.049799595303356092e+00 -8.735697969062697910e-01 -8.540068365852311771e+00
3.610065256596024508e+00 -8.428397585072836540e-01 -9.333810233744475937e+00
2.197894459040239834e+00 -8.330136777623536881e-01 -1.009413144236815896e+01
8.120761961797757778e-01 -8.431952327160837646e-01 -1.081935294370626721e+01
-5.485562559091103907e-01 -8.725487757758851881e-01 -1.150785413355352382e+01
-1.885119478386191538e+00 -9.203024064236751123e-01 -1.215807148847029850e+01
-3.198674246015240641e+00 -9.857511440746999920e-01 -1.276849738124532685e+01
-4.490219876637270957e+00 -1.068259970512902335e+00 -1.333767908381290468e+01
-5.760688619999318583e+00 -1.167266699799779595e+00 -1.386421802829209327e+01
-6.755666229978781523e+00 -1.253527719052308642e+00 -1.424264326392669133e+01
-7.220148040384653854e+00 -1.300379856536118872e+00 -1.436811077014397320e+01
-7.153645345451890236e+00 -1.311766131328189644e+00 -1.424117350762369050e+01
-6.555016320824138099e+00 -1.292411850338596846e+00 -1.386372751000482140e+01
-5.422457055226962197e+00 -1.247836015275741950e+00 -1.323907629024187749e+01
-3.753414574322977870e+00 -1.184419837363625438e+00 -1.237201938374995436e+01
-1.544397530681387742e+00 -1.109508895324326616e+00 -1.126887192350468148e+01
1.208616877083449559e+00 -1.031021970268295895e+00 -9.937190175879994314e+00
4.509984822333426457e+00 -9.572340904650631366e-01 -8.385599716124664482e+00
8.364294072373587241e+00 -8.966348507432739812e-01 -6.623656929626018375e+00
1.206036121621458079e+01 -8.562685346612899373e-01 -4.977016949940233914e+00
1.488106017995307262e+01 -8.301952707229636186e-01 -3.758283037882437227e+00
1.682172781899620873e+01 -8.069305136283594360e-01 -2.956552056398225936e+00
1.787714914325506754e+01 -7.744113721809353645e-01 -2.559156831756236983e+00
1.804171586293203688e+01 -7.202278471654364189e-01 -2.551913040763378326e+00
1.730957637999561172e+01 -6.318490858598624360e-01 -2.919375610045740643e+00
1.567477580532692549e+01 -4.968436787741061789e-01 -3.645105311438034512e+00
1.313138490581404838e+01 -3.030931679773015142e-01 -4.711945647839486995e+00
9.673617130284942078e+00 -3.899798854186670161e-02 -6.102310422343418139e+00
5.295933190676799462e+00 3.063247583724690859e-01 -7.798481761086068609e+00
9.404869396657433711e-01 6.714928377531238501e-01 -9.436094861287823932e+00
-2.442664648548072748e+00 9.792169776699872763e-01 -1.067501845269048744e+01
-4.847116151362184766e+00 1.216312253968304447e+00 -1.153430612521041354e+01
-6.266702347858242206e+00 1.370345492013148148e+00 -1.203317443028019085e+01
-6.695579141947022528e+00 1.429828981073477889e+00 -1.219065538564864326e+01
-6.128291485146494466e+00 1.384404468242538933e+00 -1.202524040322838772e+01
-4.559829320571193279e+00 1.225017794230124579e+00 -1.155451685357608937e+01
-1.985672477932306279e+00 9.440851769862683707e-01 -1.079479884133936451e+01
1.598173267566757261e+00 5.356515955392787687e-01 -9.760753346953462639e+00
6.195146883313908504e+00 -4.457583914295681904e-03 -8.465023248438139802e+00
1.082197869878796048e+01 -5.581304913007288926e-01 -7.197492065491115198e+00
1.449077461761227426e+01 -9.998547539081124036e-01 -6.228572967638068114e+00
1.719793358974495945e+01 -1.322448692696896799e+00 -5.541192429272203235e+00
1.894034268941489785e+01 -1.520400450806986381e+00 -5.120203877306057194e+00
1.971539238859090659e+01 -1.590000326120701857e+00 -4.952752130696270072e+00
1.952094523698288242e+01 -1.529527063673395304e+00 -5.028807241643050041e+00
1.835519838493223688e+01 -1.339491494406138905e+00 -5.341952255862533860e+00
1.621679804160087102e+01 -1.022363299850742813e+00 -5.888831504344326895e+00
1.310484895446101206e+01 -5.823340586286225307e-01 -6.668796721392137528e+00
9.018886457399544199e+00 -2.514121715650119437e-02 -7.683712078035146220e+00
4.772441718547683287e+00 5.402416870151414141e-01 -8.734099000886963893e+00
1.179828808204565149e+00 1.009427863483847165e+00 -9.621432798625349392e+00
-1.758093011730616606e+00 1.383398013201059928e+00 -1.034933901132794709e+01
-4.040760084704109190e+00 1.664245309326740418e+00 -1.091966181092359456e+01
-5.667892610269451126e+00 1.855062339026907425e+00 -1.133260035660326182e+01
-6.639486602668100090e+00 1.959831880712937568e+00 -1.158684806999598393e+01
-6.955808208437909812e+00 1.983320871645749772e+00 -1.167973418735261149e+01
-6.617389198595519773e+00 1.930976941660718538e+00 -1.160736695555772435e+01
-5.625022472926367811e+00 1.808826918522027594e+00 -1.136477793610456288e+01
-3.979756577455710431e+00 1.623376765258930599e+00 -1.094606689350547235e+01
-2.105754588946654682e+00 1.419933082691832826e+00 -1.045982024987336878e+01
-4.264446024752630571e-01 1.238387463579799341e+00 -1.001938330101128827e+01
1.058105453075998792e+00 1.077266003034308195e+00 -9.625647320814456620e+00
2.347912917426411283e+00 9.349091836714031878e-01 -9.279822837150700110e+00
3.443076865277781007e+00 8.095016530402354693e-01 -8.983396988790037341e+00
4.343773699681773515e+00 6.991018984430005245e-01 -8.738091026029071173e+00
5.050251714387379742e+00 6.016719034596761384e-01 -8.545818078445602595e+00
5.562824395222676799e+00 5.151070965340633911e-01 -8.408641363572192162e+00
5.881862479302629509e+00 4.372664977640965955e-01 -8.328732938857644541e+00
6.007784689798861599e+00 3.660031642296491805e-01 -8.308333091000534409e+00
6.053025616010014431e+00 2.956796004699094871e-01 -8.312630913894215823e+00
6.129534976851544137e+00 2.222908343199005432e-01 -8.305111879699017763e+00
6.237018711290647666e+00 1.461409693888039429e-01 -8.285500929133782222e+00
6.375177198625546993e+00 6.751375071717308218e-02 -8.253540928613301020e+00
6.543707782114432270e+00 -1.333282984671019245e-02 -8.208998617098574258e+00
6.742335885363487158e+00 -9.614040500849588278e-02 -8.151647176750532964e+00
6.970903113293630327e+00 -1.805542468860296956e-01 -8.081197034030434878e+00
7.229283630246865933e+00 -2.662089781819027001e-01 -7.997358934158500077e+00
7.517356350544462273e+00 -3.527580839156778669e-01 -7.899865527798733744e+00
7.835005406710161324e+00 -4.398732550078197634e-01 -7.788470758446107034e+00
8.053827857644019872e+00 -5.111144210616010986e-01 -7.702799257037868941e+00
8.045864296112011260e+00 -5.511182364267663836e-01 -7.684327425193025363e+00
7.811680907083276892e+00 -5.610685393617083072e-01 -7.735515108682727181e+00
7.351852474608191912e+00 -5.420001285633559984e-01 -7.858708432744834660e+00
6.666958563190922504e+00 -4.948066482404166466e-01 -8.056141374627406648e+00
5.757580022110877493e+00 -4.202481290067796582e-01 -8.329937361059979395e+00
4.624295772717973207e+00 -3.189581938347099688e-01 -8.682110851424805986e+00
3.267679904787024636e+00 -1.914508688484177490e-01 -9.114568838300662890e+00
1.688298985705046551e+00 -3.812715285771106632e-02 -9.629112295841256497e+00
-1.132904362372570972e-01 1.407186601140202886e-01 -1.022743753827746716e+01
-1.860485734075229658e+00 3.136191937211771363e-01 -1.081933808451711343e+01
-3.277599240265101521e+00 4.503430145106533944e-01 -1.131144198635244535e+01
-4.365440356516330667e+00 5.523891902102794349e-01 -1.170073662906375489e+01
-5.124805860568389271e+00 6.210831897785290545e-01 -1.198436619683149829e+01
-5.556476882113595472e+00 6.575863001273619668e-01 -1.215962842560264079e+01
-5.661216160364763716e+00 6.629047632606762663e-01 -1.222397150130029431e+01
-5.439765567540608693e+00 6.378986666798446281e-01 -1.217499112182872523e+01
-4.892843690007728341e+00 5.832905654242886984e-01 -1.201042784008709674e+01
-4.021143616505428398e+00 4.996739171833491922e-01 -1.172816461333629334e+01
-2.825330884876795068e+00 3.875213690773436914e-01 -1.132622457256812432e+01
-1.511504709340736774e+00 2.613476658835162114e-01 -1.087667192909997382e+01
-2.851747665582315960e-01 1.352823667798741525e-01 -1.045327109344103889e+01
8.538786926906025698e-01 9.169355782281618517e-03 -1.005668788849887285e+01
1.905871437408643398e+00 -1.171047237637226068e-01 -9.687565911253194884e+00
2.871015648191982184e+00 -2.436128002909476731e-01 -9.346528379645231865e+00
3.749514820250132718e+00 -3.704270262067003161e-01 -9.034180630381150934e+00
4.541547288903963420e+00 -4.977354134786574624e-01 -8.751113917600573444e+00
5.247281966194865532e+00 -6.257351398572631451e-01 -8.497903228422616806e+00
5.866883061333049376e+00 -7.545962534665955346e-01 -8.275105219706823334e+00
6.400509312114545324e+00 -8.844621429603266582e-01 -8.083256713832346563e+00
6.888632164191068163e+00 -1.014748916964369752e+00 -7.903770767565112543e+00
7.371623414137410180e+00 -1.144862707834978011e+00 -7.717841758103425320e+00
7.849490376307938888e+00 -1.274917833751638030e+00 -7.525662622651368316e+00
8.322243934894846262e+00 -1.405035460830708960e+00 -7.327426191827584034e+00
8.789898624446083275e+00 -1.535342889629027985e+00 -7.123325150292609820e+00
9.252472708964758041e+00 -1.665972849254193644e+00 -6.913551999610854537e+00
9.709988260996155418e+00 -1.797062792664146924e+00 -6.698299020064371945e+00
1.016247122649311052e+01 -1.928754231370125360e+00 -6.477758239327515710e+00
1.060995148919894859e+01 -2.061192077060201022e+00 -6.252121396401608244e+00
1.105246293229872201e+01 -2.194523992530633016e+00 -6.021579900413020603e+00
1.140242144208461639e+01 -2.305987442522958730e+00 -5.829871830768784235e+00
1.157233724688492416e+01 -2.372578962527666313e+00 -5.720801912773938014e+00
1.156236214384782102e+01 -2.394052561547475477e+00 -5.694562006630450313e+00
1.137260120489938409e+01 -2.370117806344434364e+00 -5.751216064433522845e+00
1.100311134892443832e+01 -2.300444259937699076e+00 -5.890699394930623001e+00
1.045389998151169664e+01 -2.184666091599702042e+00 -6.112817902573297602e+00
9.724923709242480285e+00 -2.022386841366032861e+00 -6.417247311204903326e+00
8.816087140338410677e+00 -1.813184319894001861e+00 -6.803532374401020988e+00
7.727241775066282514e+00 -1.556615632611320521e+00 -7.271086087220286487e+00
6.458184993626113979e+00 -1.252222310882027845e+00 -7.819188906168515807e+00
5.146429515637033880e+00 -9.303169358387149979e-01 -8.389856048800520938e+00
3.929543632479088444e+00 -6.216453830923780455e-01 -8.925466721225246758e+00
2.807377206018006000e+00 -3.264020278169563749e-01 -9.425795940075532897e+00
1.779799551627023746e+00 -4.479626818133997102e-02 -9.890681944762580002e+00
8.467000342089696652e-01 2.229493142961104235e-01 -1.032002721087405739e+01
8.006423437503684681e-03 4.765827775288429269e-01 -1.071380024454265012e+01
-7.362567089980789348e-01 7.157645477517153854e-01 -1.107205212941678596e+01
-1.386014605349084050e+00 9.401154129086233269e-01 -1.139493329160999124e+01
-1.941161727557632943e+00 1.149239772305248763e+00 -1.168268655205883810e+01
-2.401564665169368062e+00 1.342732443529083275e+00 -1.193563701229233054e+01
-2.721396031664673920e+00 1.491136558350105723e+00 -1.211718430031365834e+01
-2.854570009589902035e+00 1.564636833505796965e+00 -1.219136968533436161e+01
-2.800510238591272127e+00 1.562326621094249024e+00 -1.215958076625890172e+01
-2.558601000809802350e+00 1.483367899676229840e+00 -1.202324299253144169e+01
-2.128195970302472873e+00 1.327009681191540835e+00 -1.178379080458127248e+01
-1.508626802978097814e+00 1.092605882643457704e+00 -1.144263843592833396e+01
-6.992115606864972577e-01 7.796326837850351410e-01 -1.100115041768433954e+01
3.007370401283422368e-01 3.877054224006865613e-01 -1.046061183537297090e+01
1.491903533873733867e+00 -8.340493885181882172e-02 -9.822198396885337246e+00
2.874961754008260151e+00 -6.337557053884762537e-01 -9.086946381386677984e+00
4.297824444829161372e+00 -1.185275645809778844e+00 -8.345280618250985327e+00
5.607678491656591824e+00 -1.659544894560609718e+00 -7.686079486363055935e+00
6.804069232675441725e+00 -2.056010866501496892e+00 -7.107972282395690122e+00
7.886528367053454502e+00 -2.374208218000495307e+00 -6.609644242049312446e+00
8.854579935346119868e+00 -2.613770901364715016e+00 -6.189860512724318475e+00
9.707746194480854740e+00 -2.774444003077249921e+00 -5.847490150596984293e+00
1.044555341713473595e+01 -2.856095435489455436e+00 -5.581530087607120549e+00
1.106753765471087547e+01 -2.858727698933147821e+00 -5.391128920112653766e+00
1.157325048571029669e+01 -2.782489732723154141e+00 -5.275610499657318542e+00
1.196226480581107054e+01 -2.627688978581120605e+00 -5.234497237855004315e+00
1.223812934527497731e+01 -2.426457944467408812e+00 -5.251604052134940304e+00
1.240460464666126583e+01 -2.211024876143942830e+00 -5.310859380121316420e+00
1.246162260506173958e+01 -1.982057970827548976e+00 -5.412203839541262163e+00
1.240914717743749307e+01 -1.740352825988288110e+00 -5.555699494437351227e+00
1.224717829892488474e+01 -1.486840580440547344e+00 -5.741539168973393004e+00
1.197573624322387076e+01 -1.222559418777475759e+00 -5.970102316973243006e+00
1.159480244509074964e+01 -9.485305678780719951e-01 -6.242076713883555783e+00
1.110437251175804718e+01 -6.658273749360497096e-01 -6.558264067753965421e+00
1.050447248106394404e+01 -3.755877813715628455e-01 -6.919509216840383559e+00
9.795155839673151732e+00 -7.899333357886101359e-02 -7.326682617672638287e+00
8.972995721751598097e+00 1.642144193756298054e-01 -7.741155507424269722e+00
8.034786084335870271e+00 2.950274083997105334e-01 -8.123184730689501976e+00
6.980903171898351189e+00 3.134581568244955152e-01 -8.471861233745162423e+00
5.811682466406651315e+00 2.196634644559829486e-01 -8.786137099014133867e+00
4.527413600264151405e+00 1.394308738290150895e-02 -9.064852558526986570e+00
3.128335450144321683e+00 -3.032622240113490575e-01 -9.306763137029806288e+00
1.614631471604605295e+00 -7.313734109308518416e-01 -9.510566836512746036e+00
-1.357477613211610645e-02 -1.269676589546687051e+00 -9.674931289452263883e+00
-1.756223782561209923e+00 -1.917327400572652829e+00 -9.798520710683380486e+00
-3.613323899514303772e+00 -2.673356224957123217e+00 -9.880022568890286294e+00
-5.261306670464030333e+00 -3.409107698860343039e+00 -9.907004521935595776e+00
-6.377137868269636911e+00 -3.994504256837561051e+00 -9.868586246127765804e+00
-6.961642521555376106e+00 -4.426566898941356243e+00 -9.765841183935769720e+00
-7.015567796648232601e+00 -4.702644387841251827e+00 -9.599872370244813879e+00
-6.539563918761071903e+00 -4.820471449934592201e+00 -9.371807475520029129e+00
-5.534165205663752474e+00 -4.778226518657247901e+00 -9.082792497221994665e+00
-3.999771334817895152e+00 -4.574589058484763271e+00 -8.733984486852790496e+00
-1.936628883289146508e+00 -4.208796525379023379e+00 -8.326543812663169675e+00
6.551866414675489025e-01 -3.680700961289622875e+00 -7.861626416768467074e+00
3.775788143630734339e+00 -2.990825284964234054e+00 -7.340376636717020453e+00
6.913972068088978240e+00 -2.254244460592360610e+00 -6.850602945027712387e+00
9.558625201292500151e+00 -1.586906800545458962e+00 -6.479452150656732634e+00
1.171012015464805778e+01 -9.906931762662891661e-01 -6.226935494249405068e+00
1.336870108975767479e+01 -4.667888853965922458e-01 -6.092892742068817036e+00
1.453446682594971406e+01 -1.560760090230939312e-02 -6.076973477467830342e+00
1.520737611987406623e+01 3.632676924966533605e-01 -6.178565523966699224e+00
1.538729392090325021e+01 6.710960065696558452e-01 -6.396641757462587563e+00
1.507392963282006448e+01 9.099977879007943304e-01 -6.729949594048296291e+00
1.426684117075046920e+01 1.082873759280561288e+00 -7.177091990322896464e+00
1.296546263406479227e+01 1.193301882375229273e+00 -7.736553103866272707e+00
1.146692661826671156e+01 1.237098704617811684e+00 -8.297739252427312806e+00
1.006868817345339551e+01 1.207248888438811507e+00 -8.751289899972894304e+00
8.770590545150181327e+00 1.103200632820397598e+00 -9.097692709456925542e+00
7.572498109700863012e+00 9.240037168822545777e-01 -9.337704993808511489e+00
6.474291495432535015e+00 6.683591602254952413e-01 -9.472321313271656607e+00
5.475863033540735003e+00 3.346688806161512986e-01 -9.502741157991597021e+00
4.577112715866467951e+00 -7.891487849869616156e-02 -9.430336376704406831e+00
3.777944819220807826e+00 -5.744406265100043818e-01 -9.256618055426496738e+00
3.078265295888478192e+00 -1.154109299900776264e+00 -8.983202602744324139e+00
2.477980023024562328e+00 -1.820226704774241089e+00 -8.611776840946896883e+00
2.016388291642973840e+00 -2.439856656692487746e+00 -8.240001447590900696e+00
1.733518623054713270e+00 -2.878693184251903681e+00 -7.963275058973303899e+00
1.630373248955287568e+00 -3.136988893295551417e+00 -7.779813283378631539e+00
1.707948506629872298e+00 -3.214937091488865306e+00 -7.687714894612862615e+00
1.967221864449900881e+00 -3.112678409074425723e+00 -7.684998077700306851e+00
2.409138543770723118e+00 -2.830306089871544639e+00 -7.769636543858275068e+00
3.034597750435580554e+00 -2.367869913071102506e+00 -7.939595535233602952e+00
3.844438421193376421e+00 -1.725378844481310070e+00 -8.192867743919839185e+00
4.839424635007426367e+00 -9.028024047144027620e-01 -8.527509195744791270e+00
6.020230715659938170e+00 9.992914234319560940e-02 -8.941675134452424345e+00
7.129064267383443010e+00 1.056131640349901701e+00 -9.334566270122532927e+00
7.906985737422687066e+00 1.739139560513112137e+00 -9.608345377382429220e+00
8.352951367987515141e+00 2.148990697024438123e+00 -9.765644336778183998e+00
8.466061576150623935e+00 2.285610935104958497e+00 -9.808981513945379760e+00
8.245585063187608199e+00 2.148801435578093333e+00 -9.740714211531395605e+00
7.690944771931900625e+00 1.738293823602929944e+00 -9.563009148718656149e+00
6.801616552270763449e+00 1.053947092442235611e+00 -9.277872147189821561e+00
5.577235284405797522e+00 9.554036968332646484e-02 -8.887117870115368135e+00
4.017623417170676170e+00 -1.137297043578547218e+00 -8.392378682838440795e+00
2.122781844539533225e+00 -2.645086120674024155e+00 -7.795129381074445085e+00
2.847418201635609769e-01 -4.112563634868449114e+00 -7.221174066047701956e+00
-1.104328605241507777e+00 -5.223710065595021490e+00 -6.793812777929119306e+00
-2.044234528508094062e+00 -5.977833833832759680e+00 -6.510848012649508298e+00
-2.535017445079547294e+00 -6.374038483516232922e+00 -6.370288855680827034e+00
-2.576943432693095115e+00 -6.411224798103844158e+00 -6.370320937394556182e+00
-2.170491123017430635e+00 -6.088093865747327804e+00 -6.509276306371873488e+00
-1.316339489430790266e+00 -5.403150920910833932e+00 -6.785603045189597893e+00
-1.535541516928162764e-02 -4.354709781202528163e+00 -7.197834518249827340e+00
1.731418922667371518e+00 -2.940897793146382444e+00 -7.744558018027865032e+00
3.922778879494137172e+00 -1.159661191625798615e+00 -8.424382656749097364e+00
6.128296595489469034e+00 6.400283894041625121e-01 -9.100436258033409942e+00
7.918574733848030789e+00 2.107098433224773082e+00 -9.637818473828437149e+00
9.294017002686638662e+00 3.240489727203848869e+00 -1.003806477944022468e+01
1.025518836104824594e+01 4.038966191629483227e+00 -1.030267684632435277e+01
1.080280392839747350e+01 4.501117835199136330e+00 -1.043315361024598786e+01
1.093771760847067043e+01 4.625364137322505620e+00 -1.043102318905564729e+01
1.066091037086155779e+01 4.409957910540302173e+00 -1.029787574037319153e+01
9.973477908659202029e+00 3.852989548992247215e+00 -1.003539766310229986e+01
8.876617751855061300e+00 2.952391936874998013e+00 -9.645406952929366895e+00
7.371615680672552351e+00 1.705946148902993009e+00 -9.129889800107555686e+00
5.767814052646097700e+00 3.704911144125775935e-01 -8.595206030031238953e+00
4.373199095924565682e+00 -7.947679605869213404e-01 -8.145961613770614562e+00
3.187001701107784690e+00 -1.788538271517016387e+00 -7.781615835031507444e+00
2.208375012698271966e+00 -2.609409101053266955e+00 -7.501560044767498603e+00
1.436398769591402003e+00 -3.255849943472061359e+00 -7.305096668958606543e+00
8.701460592814851402e-01 -3.726289806098866730e+00 -7.191367785401955537e+00
5.088790882149183403e-01 -4.019362787185453811e+00 -7.159178014322794326e+00
3.518814527104963119e-01 -4.133684636764684228e+00 -7.207123213966171171e+00
3.984108211933476973e-01 -4.067796132716839708e+00 -7.333647184042009215e+00
6.477124780489451616e-01 -3.820186901639148314e+00 -7.537053193447267319e+00
9.538583996250302732e-01 -3.535407688022991657e+00 -7.719138330797170156e+00
1.172409418671121362e+00 -3.360868058118461565e+00 -7.783723848916455523e+00
1.304899698305308942e+00 -3.299434528262484179e+00 -7.732163668228985820e+00
1.352917599418339778e+00 -3.354088572065587748e+00 -7.565950271397962723e+00
1.318079056952549344e+00 -3.527882662305467765e+00 -7.286698524101951513e+00
1.202001594120596373e+00 -3.823897149930155059e+00 -6.896126795998792858e+00
1.006279087028024044e+00 -4.245198119960803318e+00 -6.396035222600756853e+00
7.324574767037099754e-01 -4.794796182347131008e+00 -5.788281101633078407e+00
3.820114013922966123e-01 -5.475606498077930873e+00 -5.074751371680846113e+00
-4.367817519231498302e-02 -6.290410096949621277e+00 -4.257332242077887408e+00
-3.818982399046821907e-01 -6.973697996758104978e+00 -3.547425897100539682e+00
-4.731819670221604213e-01 -7.253287618633905254e+00 -3.150410801564990315e+00
-3.209450063979527590e-01 -7.122006228869473432e+00 -3.059102537258149290e+00
7.163579646593942751e-02 -6.573021820804171966e+00 -3.266369234708631275e+00
7.016737573532182415e-01 -5.599939829723976636e+00 -3.765247249464149348e+00
1.566620366860894453e+00 -4.196895019787640457e+00 -4.549062248927263852e+00
2.664310280696465139e+00 -2.358638864365294019e+00 -5.611554873498818097e+00
3.993003881799646493e+00 -8.062288549477869548e-02 -6.947009949111786042e+00
5.551427660392876717e+00 2.640921500309751035e+00 -8.550388300340745928e+00
7.338813096737738739e+00 5.808905859118103976e+00 -1.041746000001488071e+01
9.028065093868303137e+00 8.840551186762279912e+00 -1.216626759440372574e+01
1.029526351665888484e+01 1.114504458764068318e+01 -1.342470448373086711e+01
1.114419456234376149e+01 1.271343561293082303e+01 -1.420321588291174564e+01
1.157783165833686922e+01 1.353813236979752510e+01 -1.451107529191731160e+01
1.159827268221253149e+01 1.361302576377220674e+01 -1.435616217217542179e+01
1.120656413294716103e+01 1.293375522434485525e+01 -1.374470134892834849e+01
1.040236404777777679e+01 1.149817223053503490e+01 -1.268099363444072836e+01
9.184411544229854840e+00 9.305770699835758109e+00 -1.116758317299759184e+01
7.550771876730648202e+00 6.357399986577510376e+00 -9.205385847096870577e+00
5.498958244015517138e+00 2.655134985919549884e+00 -6.793780393945733742e+00
3.450724774653972204e+00 -1.017294629509318149e+00 -4.450237125614728839e+00
1.830062580050068499e+00 -3.876319210898254042e+00 -2.690670000580738908e+00
6.381247742866997807e-01 -5.920666022195354650e+00 -1.512312723266054704e+00
-1.231557212761752451e-01 -7.150691631450300179e+00 -9.141042222311881460e-01
-4.512156239084715859e-01 -7.568227634298042794e+00 -8.965757744542470764e-01
-3.430083366125863398e-01 -7.176431130146332826e+00 -1.461734894046356148e+00
2.048503255143708790e-01 -5.979638816892058450e+00 -2.612947901536537998e+00
1.195936783599748754e+00 -3.983223663608327580e+00 -4.354822855161443407e+00
2.633873811379165986e+00 -1.193453207009290251e+00 -6.693094298695267952e+00
4.522183338105674189e+00 2.382651380019721099e+00 -9.634511057063750883e+00
6.452423524817521461e+00 5.967756353315653683e+00 -1.258136157948668732e+01
8.010922011785385877e+00 8.793029263252936545e+00 -1.492857712073677945e+01
9.193140094438255971e+00 1.086449258264220497e+01 -1.667182604142622182e+01
9.994565260920387217e+00 1.218902100430600832e+01 -1.780583320182599394e+01
1.041086849476652532e+01 1.277419229371712817e+01 -1.832448699438352335e+01
1.043806455611803941e+01 1.262813691214526379e+01 -1.822094051403782444e+01
1.007267560659724204e+01 1.175938599553759722e+01 -1.748770654099629596e+01
9.311898567485329181e+00 1.017671802994180297e+01 -1.611674571331860051e+01
8.153776403521534988e+00 7.889003387997845174e+00 -1.409954850537961413e+01
6.597373526935815136e+00 4.905046620897943299e+00 -1.142721137520045716e+01
4.980287366773587188e+00 1.849729744587317981e+00 -8.655412157229680048e+00
3.642017024049454932e+00 -6.621299034874328360e-01 -6.349776897000420028e+00
2.584893464281912578e+00 -2.637043495469925336e+00 -4.516336211842024717e+00
1.810526778895041211e+00 -4.081523396020312333e+00 -3.161429398684131975e+00
1.319668035145919571e+00 -5.001960571701020264e+00 -2.291652328246311932e+00
1.112074554553557748e+00 -5.404510010216005966e+00 -1.913776343817836345e+00
1.186394390113663544e+00 -5.294998592320318664e+00 -2.034605336021848565e+00
1.540131306732374750e+00 -4.678844842582376984e+00 -2.661023991997397253e+00
2.169738971903238500e+00 -3.561065455861241347e+00 -3.799985514321490676e+00
3.070733079131304777e+00 -1.946296529850660484e+00 -5.458465608102643252e+00
4.018256581941371586e+00 -2.254672888142510434e-01 -7.267955263446960856e+00
4.791501315598762467e+00 1.215145553616641116e+00 -8.852713505972783281e+00
5.391798325182408647e+00 2.377999894961054128e+00 -1.020878380003783903e+01
5.820955660699054235e+00 3.265382076898485586e+00 -1.133216474407915086e+01
6.081203306235831718e+00 3.879418436066215836e+00 -1.221883961714071987e+01
6.175137428618901581e+00 4.222085946871796835e+00 -1.286480637183184150e+01
6.105663843006439606e+00 4.295221972467118121e+00 -1.326610779251621075e+01
5.875940745891640837e+00 4.100533023101393226e+00 -1.341886154891801475e+01
5.489320523060436052e+00 3.639602661569647957e+00 -1.331928995136947869e+01
4.949290600691206521e+00 2.913898601604797189e+00 -1.296374919524812164e+01
4.389423422754646253e+00 2.089860286156773661e+00 -1.239970212939212324e+01
3.941823397413170227e+00 1.333961884063320058e+00 -1.167803343244045067e+01
3.607896133329854926e+00 6.475148268681071295e-01 -1.080039904502048387e+01
3.389084551623952279e+00 3.163083251129295004e-02 -9.768497309059561928e+00
3.286849189464589482e+00 -5.127873511723946010e-01 -8.584049033137857165e+00
3.302648882811906272e+00 -9.850552307424194076e-01 -7.248777315686504075e+00
3.437921817365830357e+00 -1.384715898696375902e+00 -5.764387145673619095e+00
3.694067074249339555e+00 -1.711549499933966212e+00 -4.132544710698096146e+00
4.072426396368145518e+00 -1.965582700026912377e+00 -2.354856500606777203e+00
4.574266168709106850e+00 -2.147098183968406904e+00 -4.328482291777160373e-01
5.087834246836111518e+00 -2.226761564856091891e+00 1.229862751293499645e+00
5.495948818415104853e+00 -2.176944447633144986e+00 2.231146210726348222e+00
5.791902904411841746e+00 -2.000159952987123901e+00 2.571944060843772029e+00
5.969385007576446078e+00 -1.698200837771720373e+00 2.253333642330052289e+00
6.022597759242173332e+00 -1.272122264416831516e+00 1.276500053734657136e+00
5.946377530488346608e+00 -7.222096977655340089e-01 -3.573154560293243520e-01
5.736234397642649974e+00 -4.789607418025462748e-02 -2.646900107806116509e+00
5.388255335282050140e+00 7.522583167580673136e-01 -5.590987995438664093e+00
4.899049666586266838e+00 1.680602017005823345e+00 -9.188222896566218267e+00
4.265708592968113777e+00 2.740439523657890231e+00 -1.343714313797475413e+01
3.610292590712581351e+00 3.755297205975154817e+00 -1.756198023600870073e+01
3.060911114568978242e+00 4.546345154847248438e+00 -2.078850073395961218e+01
2.623447961722343180e+00 5.113264241577629043e+00 -2.311765493621527057e+01
2.303018557342857875e+00 5.454554934067114225e+00 -2.455061676443992980e+01
2.104027442287525140e+00 5.567470067355840158e+00 -2.508880860361304599e+01
2.030223947156767572e+00 5.447948954914975772e+00 -2.473392967798128339e+01
2.084756092947935180e+00 5.090552786438022892e+00 -2.348798818285671430e+01
2.270222934393792080e+00 4.488401351562918862e+00 -2.135333739722544166e+01
2.588725233998231623e+00 3.633111023699294506e+00 -1.833271607813841797e+01
3.041914561430154151e+00 2.514734052651990126e+00 -1.442929342556394801e+01
3.551841735711639636e+00 1.343104507108450196e+00 -1.038237867283562288e+01
4.038209976844476579e+00 3.370112463259678504e-01 -6.928378986126965344e+00
4.499114084856671525e+00 -5.005724443164050186e-01 -4.066253809911509975e+00
4.932985279461018280e+00 -1.165708046201964887e+00 -1.794661730945599665e+00
5.338557841416471383e+00 -1.653448909290942570e+00 -1.119297961786145379e-01
5.714836644071556115e+00 -1.957798480543624819e+00 9.839806629133859284e-01
6.061065513687690753e+00 -2.071669807769801253e+00 1.495511932569190350e+00
6.376696374607872642e+00 -1.986846286265476325e+00 1.425551916402404862e+00
6.661359024533475726e+00 -1.693944043490055673e+00 7.774804103202341832e-01
6.914831503436838389e+00 -1.182376116167997981e+00 -4.447800462864983650e-01
7.079650940162828476e+00 -5.832200866720256283e-01 -1.941874665796426536e+00
7.098055246481713709e+00 -3.318894768646846183e-02 -3.417250921236991701e+00
6.969441593035751836e+00 4.707948443522788073e-01 -4.870779352791910100e+00
6.693181588635975565e+00 9.318389660745113323e-01 -6.302385475748694788e+00
6.268626450298318886e+00 1.353070628164000588e+00 -7.712040714809059949e+00
5.695130824285016047e+00 1.737554486209268223e+00 -9.099754978599952082e+00
4.972136407032027527e+00 2.087998696073043892e+00 -1.046560370057733813e+01
4.099154279453737892e+00 2.406847385250163729e+00 -1.180976824198613429e+01
3.075747786243289372e+00 2.696344040804449449e+00 -1.313253471686635621e+01
1.901528607819018113e+00 2.958541736027963331e+00 -1.443428795254481400e+01
7.568357057491068574e-01 3.205494013284937438e+00 -1.558429475138013842e+01
-1.769621906407117251e-01 3.441028374209601726e+00 -1.645274014360753512e+01
-8.987234212190093885e-01 3.654392041492593002e+00 -1.704164769715159977e+01
-1.407415562453504521e+00 3.834467976053581584e+00 -1.735331296815056845e+01
-1.702135466148176235e+00 3.969871455011059425e+00 -1.739029583479727492e+01
-1.782128089433302698e+00 4.049045730568423096e+00 -1.715540647900019877e+01
-1.646804090232106610e+00 4.060356481659252559e+00 -1.665168480205095847e+01
-1.295756069840423130e+00 3.992184764689708398e+00 -1.588237317102423596e+01
-7.287735564841568703e-01 3.833018246694954279e+00 -1.485088244453126372e+01
5.414330008195911148e-02 3.571540445291190302e+00 -1.356075134896221712e+01
9.128458498560347856e-01 3.253914331185482567e+00 -1.220470767217929264e+01
1.706982227951610476e+00 2.936692722344263373e+00 -1.097244922311998749e+01
2.436145168898251612e+00 2.624381244503586785e+00 -9.862927804077832761e+00
3.099995798210397169e+00 2.321512312993820437e+00 -8.874986821170642415e+00
3.698269936743800113e+00 2.032605575602290493e+00 -8.007375520252244527e+00
4.230783850067913576e+00 1.762129334780448975e+00 -7.258765810276143426e+00
4.697439455602225422e+00 1.514463039986690962e+00 -6.627771524942024151e+00
5.098228867741396719e+00 1.293860401307265207e+00 -6.112970162903526017e+00
5.433238444311428772e+00 1.104413704419946685e+00 -5.712926707248294100e+00
5.702652319131254366e+00 9.500191841960270445e-01 -5.426219329556360549e+00
5.932484312095208878e+00 8.188188145624519798e-01 -5.212984292961831301e+00
6.148627211360778055e+00 6.971354175040918033e-01 -5.033911529087705894e+00
6.351178940794704353e+00 5.859141981103068719e-01 -4.888445689362292512e+00
6.540266689242528741e+00 4.860184358386470116e-01 -4.776048425079451931e+00
6.716047340521924980e+00 3.982203159506374490e-01 -4.696207106289393529e+00
6.878693639357323697e+00 3.232559531271517184e-01 -4.648460081647757036e+00
7.028354239128820069e+00 2.620098310459815227e-01 -4.632462218514890928e+00
7.165196988022757729e+00 2.153252223979440494e-01 -4.647951648125851598e+00
7.289417113213243482e+00 1.839503949973231300e-01 -4.694731745043583260e+00
7.401230482053015258e+00 1.685491702994372787e-01 -4.772666375082098789e+00
7.490336135762500902e+00 1.682490549071795627e-01 -4.878840531807446368e+00
7.546408437228235400e+00 1.822740185892008924e-01 -5.010426422928079049e+00
7.569639138374036236e+00 2.113431211577943003e-01 -5.167488631512955344e+00
7.560217650799657463e+00 2.561369884991808732e-01 -5.350122135953474967e+00
7.518325774604707412e+00 3.173036285989363492e-01 -5.558443848175159019e+00
7.444132417818233094e+00 3.954642633682108332e-01 -5.792583853403973748e+00
7.337788296385348907e+00 4.912192075774592936e-01 -6.052676392476560530e+00
7.199420640195045351e+00 6.051538132841063344e-01 -6.338850577616486959e+00
7.029127892820171475e+00 7.378445011933780773e-01 -6.651220882120618683e+00
6.826974408368743141e+00 8.898648859488438312e-01 -6.989877415296588126e+00
6.582641133171948766e+00 1.070255871156422955e+00 -7.346380292863956996e+00
6.285885844598618988e+00 1.288207942847105603e+00 -7.712238232414340366e+00
5.936820923896512170e+00 1.544521886194901494e+00 -8.087386366852946651e+00
5.535504215305475206e+00 1.839998276593290738e+00 -8.471673724399719774e+00
5.081933979902157006e+00 2.175435999703056122e+00 -8.864843966252827556e+00
4.576043914179769523e+00 2.551630596243497973e+00 -9.266515791289750226e+00
4.017698344457823367e+00 2.969372318117092568e+00 -9.676162998465830611e+00
3.406687392153349148e+00 3.429444125277472111e+00 -1.009309422483218910e+01
2.742722382938946879e+00 3.932619071253995902e+00 -1.051643228148058995e+01
2.025431565883674345e+00 4.479656986011927522e+00 -1.094509309048276791e+01
1.375929294924904234e+00 4.979492702123486936e+00 -1.130767201598608551e+01
9.148729852307755372e-01 5.339471381093316538e+00 -1.153397015396176961e+01
6.413945145804995640e-01 5.557949181631848923e+00 -1.162487439417058255e+01
5.549679320268485760e-01 5.633265421848165921e+00 -1.158178338288409748e+01
6.554363298748526745e-01 5.563717742274779887e+00 -1.140668439436197978e+01
9.431074855433014825e-01 5.347416330031296461e+00 -1.110228576259854627e+01
1.418961438752800674e+00 4.981919018356990136e+00 -1.067220908317828787e+01
2.084385605913830375e+00 4.464656473165561579e+00 -1.012075374806289929e+01
2.941058935030790522e+00 3.793096325958904114e+00 -9.452767789338560434e+00
3.990910275095001403e+00 2.964778883548916610e+00 -8.673576184985783755e+00
5.056231645931342555e+00 2.124529336266975932e+00 -7.910227004689590835e+00
5.957658803220992283e+00 1.419998933876988056e+00 -7.284129343145000490e+00
6.694577241820946156e+00 8.530510192831859406e-01 -6.792032881135272149e+00
7.266081935998544239e+00 4.255537516922243135e-01 -6.430184063869851308e+00
7.671017273562369176e+00 1.393450194489105343e-01 -6.194392671690263086e+00
7.908016117569127701e+00 -3.801050365539904163e-03 -6.080099877333277725e+00
7.975537829467889139e+00 -2.205501010841715015e-03 -6.082447908988874552e+00
7.871905071273822330e+00 1.456864442759235878e-01 -6.196351429758427898e+00
7.595339288109419940e+00 4.412792072724291970e-01 -6.416570615080207318e+00
7.143994770481794987e+00 8.858037836248739971e-01 -6.737785893284452321e+00
6.652884697159845651e+00 1.367263804339970967e+00 -7.074912545081189386e+00
6.259011435453015970e+00 1.772113720311199181e+00 -7.348294677330777347e+00
5.963510205800176323e+00 2.099192519125850698e+00 -7.560797722714648117e+00
5.767550199786736442e+00 2.347436599222624487e+00 -7.715321345371840778e+00
5.672318370774498852e+00 2.515887286633313735e+00 -7.814756035690018976e+00
5.679004057082249091e+00 2.603696494081513713e+00 -7.861938919397368331e+00
5.788784408311085983e+00 2.610130623217281176e+00 -7.859608873274170904e+00
6.002810704570151756e+00 2.534572448958917867e+00 -7.810361096419706328e+00
6.322195395382611771e+00 2.376521491690674281e+00 -7.716601207880985136e+00
6.747999775627814500e+00 2.135592995526961690e+00 -7.580498991120723673e+00
7.180004301397476141e+00 1.901886567924408133e+00 -7.451470987311894056e+00
7.516665436119028598e+00 1.765741149362035856e+00 -7.375671340331861892e+00
7.757061966694333677e+00 1.727112860064778488e+00 -7.350370838593046408e+00
7.900348596369656917e+00 1.785821164257744620e+00 -7.373145986735671009e+00
7.945768934743211886e+00 1.941551445505211415e+00 -7.441928695879566291e+00
7.892630069863161069e+00 2.193933997750401765e+00 -7.555073470554742876e+00
7.740191514654071625e+00 2.542784708031439411e+00 -7.711429424810678945e+00
7.487768682233244100e+00 2.987903692805431444e+00 -7.910245749891208433e+00
7.134765280952111155e+00 3.529018619067492590e+00 -8.151117735901138417e+00
6.680669624551177854e+00 4.165801031632886620e+00 -8.433953688563315509e+00
6.181892449911858378e+00 4.824298324545959638e+00 -8.729097452920674627e+00
5.695452851997510280e+00 5.430786943415256474e+00 -9.007530114043790448e+00
5.221785074100167456e+00 5.985290704639179893e+00 -9.270187617035769989e+00
4.761282477676823888e+00 6.487889768058384909e+00 -9.517827560544459331e+00
4.314298534674199104e+00 6.938715187157173503e+00 -9.751041782101399491e+00
3.881147551195346157e+00 7.337943980777904329e+00 -9.970269125244632491e+00
3.462105171741524323e+00 7.685794632226842893e+00 -1.017580834399094769e+01
3.057408735931024690e+00 7.982522912214684574e+00 -1.036783110927773421e+01
2.667257509635939883e+00 8.228417952612707253e+00 -1.054639509004740461e+01
2.291812835016070693e+00 8.423798498433036741e+00 -1.071145707516448020e+01
1.908599435880025119e+00 8.577735758976587022e+00 -1.085472252601023868e+01
1.495054302344378305e+00 8.699284759775988363e+00 -1.096792583996588633e+01
1.051149556596885581e+00 8.788796693865476684e+00 -1.105097484830712418e+01
5.768238746801479522e-01 8.846665514181029977e+00 -1.110374894076898222e+01
7.198515896949775339e-02 8.873321884116503355e+00 -1.112610285566874779e+01
-4.634867127592676717e-01 8.869227123653447009e+00 -1.111787036411511487e+01
-1.029737045127081085e+00 8.834867146310369179e+00 -1.107886782640640355e+01
-1.626933511450596281e+00 8.770746365381565823e+00 -1.100889760599969236e+01
-2.255263245137225869e+00 8.677381562017071559e+00 -1.090775131861098401e+01
-2.914929853992862974e+00 8.555295714072229885e+00 -1.077521290999265346e+01
-3.493532714757308977e+00 8.390728758007146126e+00 -1.063376106505755381e+01
-3.878599264740024477e+00 8.169770671742346835e+00 -1.050541759299641598e+01
-4.070277889355894629e+00 7.892628103970556808e+00 -1.038933805405017630e+01
-4.068758240787790470e+00 7.559379652516345693e+00 -1.028479102302501857e+01
-3.874274016811475096e+00 7.169972323937891190e+00 -1.019119354987129711e+01
-3.487081791532796071e+00 6.724136146703088457e+00 -1.010820949774799082e+01
-2.907385543027013242e+00 6.221149392525712862e+00 -1.003592635547437517e+01
-2.135395903845422438e+00 5.660115250055522296e+00 -9.974589198255062072e+00
-1.171346381085645483e+00 5.040063626015442999e+00 -9.924496403929895294e+00
-1.548671227798514849e-02 4.359968469715355788e+00 -9.885966373712616218e+00
1.141689987617686031e+00 3.692874771812403090e+00 -9.852427027888452926e+00
2.110011580215517935e+00 3.112664524044312042e+00 -9.817344336606176114e+00
2.889754580561201713e+00 2.619615259542400487e+00 -9.780971315180448045e+00
3.481244572253561653e+00 2.214101192852808708e+00 -9.743435339542088514e+00
3.884847468978695595e+00 1.896574216405690905e+00 -9.704777523068518263e+00
4.100960748506335740e+00 1.667545012269897153e+00 -9.664992168933402183e+00
4.130004636161188181e+00 1.527564337897242108e+00 -9.624066326702417129e+00
3.972413228488507198e+00 1.477204479125743486e+00 -9.582019480609536899e+00
3.628625569118409722e+00 1.517040908786887243e+00 -9.538943375123892565e+00
3.099076707596973179e+00 1.647634123959929031e+00 -9.495041984079501063e+00
2.482538643407106171e+00 1.843935175164061135e+00 -9.445984330541390861e+00
1.877616284613126574e+00 2.080343882358453023e+00 -9.387321169767796292e+00
1.284465355512290685e+00 2.356563978734563580e+00 -9.319237739680390931e+00
7.032106818516405955e-01 2.672291387268681984e+00 -9.241992199116712214e+00
1.339415962108736480e-01 3.027217473472893161e+00 -9.155922668515749763e+00
-4.232924627277032670e-01 3.421032167705298832e+00 -9.061454232281732857e+00
-9.684861124622359263e-01 3.853426914631353561e+00 -8.959105923482589162e+00
-1.501682061329996376e+00 4.324097351581718485e+00 -8.849497716409198134e+00
-2.022974861181519035e+00 4.832745671554934397e+00 -8.733357533473473211e+00
-2.532514362852637202e+00 5.379082606485003026e+00 -8.611528297651137365e+00
-3.030508860212424604e+00 5.962828952957401007e+00 -8.484975058170091344e+00
-3.517227890228303622e+00 6.583716559817618830e+00 -8.354792215776276620e+00
-3.993004653979132179e+00 7.241488691736225114e+00 -8.222210873761619965e+00
-4.458238020651190681e+00 7.935899677381268447e+00 -8.088606339908395171e+00
-4.913394073219290448e+00 8.666713745401432689e+00 -7.955505802462109699e+00
-5.359016058265740234e+00 9.433843570586708083e+00 -7.824420552355823233e+00
-5.795706041172170586e+00 1.023777526400563076e+01 -7.696208396536773577e+00
-6.224014245272910806e+00 1.107915338735201161e+01 -7.571388773024867014e+00
-6.644409974384418049e+00 1.195863802672958087e+01 -7.450270849390947525e+00
-7.057272839878983461e+00 1.287690197750758436e+01 -7.332933515999553009e+00
-7.462884380221121106e+00 1.383462888462346285e+01 -7.219204525249852011e+00
-7.861419935384008184e+00 1.483251208806560584e+01 -7.108638815653279153e+00
-8.252940618997307354e+00 1.587125388016785088e+01 -7.000496073961567589e+00
-8.637385209670709330e+00 1.695156483676674242e+01 -6.893717600363468812e+00
