5.137068861851561508e+01 -8.855954441622213125e+00 4.707054756555005604e+00
4.535505049919425602e+01 -7.883544068170261099e+00 4.201178257721127629e+00
3.968051210611757540e+01 -6.955553156011377247e+00 3.713369936780944958e+00
3.434672245268063051e+01 -6.073497746947730036e+00 3.245069159876122988e+00
2.935335059987390949e+01 -5.238785336251417846e+00 2.797618303111609084e+00
2.470008289919083566e+01 -4.452730001640260227e+00 2.372275740955197776e+00
2.038662002244557669e+01 -3.716567580376594293e+00 1.970228720651524101e+00
1.641267379041397945e+01 -3.031470894496445467e+00 1.592606123408367491e+00
1.277796380894634609e+01 -2.398565023890699255e+00 1.240491112657367889e+00
9.482213917946959114e+00 -1.818942626635603466e+00 9.149336692011491579e-01
6.525148455369840228e+00 -1.293679305607857932e+00 6.169630125377982832e-01
3.906491697181914802e+00 -8.238370514303550163e-01 3.475904894721842386e-01
1.625959056346254483e+00 -4.104997264613057806e-01 1.078376525897800503e-01
-3.167764001793279549e-01 -5.489463110466304835e-02 -1.011685342548884897e-01
-1.922080803402376192e+00 2.416246238895317366e-01 -2.782102596099567671e-01
-3.190347924845803984e+00 4.776243983406187055e-01 -4.220160242416706176e-01
-4.121986957790371164e+00 6.516374212472527683e-01 -5.312974334093780726e-01
-4.717409631605947062e+00 7.622093016750148831e-01 -6.047856165965036501e-01
-4.977016682669537673e+00 8.079451504956525199e-01 -6.412672751040114916e-01
-4.901183734359438660e+00 7.875563159188601059e-01 -6.396203636266286630e-01
-4.490246667503684286e+00 6.999072404644809398e-01 -5.988494179182368704e-01
-3.744485806543732753e+00 5.440655618034138108e-01 -5.181229539733319678e-01
-2.664110386488520277e+00 3.193514335652916092e-01 -3.968098325662908765e-01
-1.249251481125497554e+00 2.535546387575528943e-02 -2.344910362142016425e-01
5.000471766025252895e-01 -3.380346031660386164e-01 -3.097803023793383598e-02
2.583839143714475206e+00 -7.706029812278291091e-01 2.136658357392795249e-01
4.730698355203895034e+00 -1.211649400653833863e+00 4.686718492926407187e-01
6.669337442186029641e+00 -1.600038962513815610e+00 7.028514975761163130e-01
8.400063589133722530e+00 -1.934737106949955043e+00 9.153889564829432723e-01
9.923132076276669267e+00 -2.214854525076189518e+00 1.105584070957668308e+00
1.123873880871777686e+01 -2.439666202923560956e+00 1.272865554879524908e+00
1.234700125457022146e+01 -2.608662043735032299e+00 1.416849451872319143e+00
1.324791035715778342e+01 -2.721678927428829553e+00 1.537513325108196049e+00
1.394135595630088353e+01 -2.778843773283876661e+00 1.635096330005965104e+00
1.442714450572355211e+01 -2.780536095403683738e+00 1.710028824304573147e+00
1.470500745886710092e+01 -2.727375658894445554e+00 1.762898865124102210e+00
1.471330271975491755e+01 -2.618342315583658930e+00 1.784320953875617732e+00
1.439028724188422714e+01 -2.453045262396179815e+00 1.765188886278604041e+00
1.373544927343184696e+01 -2.233459433308282449e+00 1.706679445505302040e+00
1.274823257253921049e+01 -1.961861350384890734e+00 1.610025931171087166e+00
1.142804899672680108e+01 -1.640808309532940434e+00 1.476470139252882730e+00
9.774290652713039762e+00 -1.273117769818938649e+00 1.307215283687903851e+00
7.786341658784976083e+00 -8.618466182256159236e-01 1.103379605259103169e+00
5.463590594379401644e+00 -4.102652520644187173e-01 8.659469198221413366e-01
2.805441873755302851e+00 7.816650980823541817e-02 5.957192153056837247e-01
-1.886736162546467921e-01 5.998228484524039672e-01 2.932703714179423216e-01
-3.065202812070665139e+00 1.075357591161818283e+00 4.969966291266493703e-03
-5.369506192454078786e+00 1.430785535372419037e+00 -2.244785726013688310e-01
-7.100479839421583783e+00 1.670705237777476482e+00 -3.970597725428369751e-01
-8.257011225697418411e+00 1.800073430342589598e+00 -5.145054756130759133e-01
-8.837998045053485185e+00 1.824164085411676517e+00 -5.782121914485043312e-01
-8.842366274521731739e+00 1.748527573179120775e+00 -5.891592200597155493e-01
-8.269087584138295810e+00 1.578950104526325227e+00 -5.478274712801998181e-01
-7.117195832036625092e+00 1.321415518438328940e+00 -4.541200729087444543e-01
-5.385803260156539096e+00 9.820680913614665553e-01 -3.072836948005787105e-01
-3.074116608466685108e+00 5.671767049514576664e-01 -1.058305461672828518e-01
-7.370540513053103204e-01 1.729210403622171988e-01 9.706020283125103842e-02
1.069280899328532541e+00 -1.124276255706346678e-01 2.469212016604951099e-01
2.343891203530414913e+00 -2.945005224781094277e-01 3.434087315834040144e-01
3.085879422777416892e+00 -3.790510866206439067e-01 3.854583129157382881e-01
3.294465542673024494e+00 -3.719268262443513606e-01 3.712125150591834566e-01
2.969007618225151468e+00 -2.790447275273297834e-01 2.979300510356706067e-01
2.109020491868293767e+00 -1.063666757511103622e-01 1.619071499972752903e-01
7.141681403414209539e-01 1.401368393530368350e-01 -4.134580786738602243e-02
-1.215742300769809159e+00 4.545212954675669215e-01 -3.169316915848867655e-01
-3.680765537360755069e+00 8.309036037812237430e-01 -6.704172722691568165e-01
-6.093510333393853173e+00 1.175645617042268443e+00 -1.028784047300353555e+00
-7.866241037367476707e+00 1.403870317773727061e+00 -1.311447580550227920e+00
-8.998540753314404839e+00 1.522887433585367711e+00 -1.512385209462897118e+00
-9.490175149224084450e+00 1.539943472159642113e+00 -1.625051076402141748e+00
-9.341080422759834079e+00 1.462168876004225959e+00 -1.642553308914424415e+00
-8.551347923361173997e+00 1.296520298727024789e+00 -1.557827638408852078e+00
-7.121205253684153469e+00 1.049717770183170584e+00 -1.363807363537090200e+00
-5.050993823290924389e+00 7.281765301783935662e-01 -1.053589568688073630e+00
-2.341142856324852417e+00 3.379338602917791867e-01 -6.205977431401780153e-01
1.007859970769597657e+00 -1.154288511572758719e-01 -5.874092304397446340e-02
4.259172852146392074e+00 -5.322652074629481422e-01 4.974047596639766811e-01
6.676607050348861705e+00 -8.224642439277742856e-01 9.032099102469950402e-01
8.260702229674755870e+00 -9.947336713020141774e-01 1.149573182905601065e+00
9.012057466267615169e+00 -1.057150324813213027e+00 1.228018253866260956e+00
8.931282098192712127e+00 -1.017042554822972678e+00 1.130895977808764385e+00
8.018943921476376246e+00 -8.808687256072140759e-01 8.515833812181157203e-01
6.275515626162382787e+00 -6.540929424240227164e-01 3.846803680786165525e-01
3.701320516988228171e+00 -3.410592234092321706e-01 -2.737948223254471070e-01
2.964786838665885993e-01 5.513432874141922790e-02 -1.126210178521559913e+00
-3.939145054712578808e+00 5.327597345128864958e-01 -2.173123125947664214e+00
-8.100483199557128700e+00 9.909468873944216050e-01 -3.209882328032645837e+00
-1.128280831390091343e+01 1.333906772933930229e+00 -4.027956076274813668e+00
-1.348680951215197865e+01 1.567537361425010545e+00 -4.622038657358252145e+00
-1.471289589196068093e+01 1.696159629404018432e+00 -4.988924647165527304e+00
-1.496114174578844036e+01 1.722378528911767237e+00 -5.127746383024399890e+00
-1.423119980505700433e+01 1.646847431237972170e+00 -5.040365966757147653e+00
-1.252216288249154807e+01 1.467902416088745721e+00 -4.731931955260082034e+00
-9.832734287292989706e+00 1.182046756948949007e+00 -4.210188516022168592e+00
-6.161348153270707506e+00 7.842954648064710543e-01 -3.484994955143844386e+00
-1.506252712605768984e+00 2.684164604893883865e-01 -2.568000425090141814e+00
3.269985525706285312e+00 -2.754593474966557376e-01 -1.617608988448819396e+00
7.303475968126835305e+00 -7.524249603676140818e-01 -7.814527193354613432e-01
1.059396498125063069e+01 -1.161542915228275907e+00 -5.485061214012176833e-02
1.314109545818651448e+01 -1.500935882755656703e+00 5.684401671356987817e-01
1.494444710540403065e+01 -1.767935649089591887e+00 1.095974996600154849e+00
1.600357367851413315e+01 -1.959228269118167720e+00 1.536371069345282558e+00
1.631803586553106555e+01 -2.070993693992935647e+00 1.899054238301654429e+00
1.588742878768231748e+01 -2.099038491813275176e+00 2.194002576172714214e+00
1.471140333159393698e+01 -2.038920582722705710e+00 2.431486239615996858e+00
1.278968078864381752e+01 -1.886065242164967071e+00 2.621803348606992490e+00
1.054247351670634458e+01 -1.672008163742671139e+00 2.692656041346745965e+00
8.388675634067928044e+00 -1.429111790392879389e+00 2.564495356260142689e+00
6.326167506396656925e+00 -1.154165644823112125e+00 2.236432635623263110e+00
4.352984524203660222e+00 -8.442405522540789020e-01 1.707357230544523707e+00
2.467375245314368470e+00 -4.967767266929254411e-01 9.759412084617823391e-01
6.678595516982595015e-01 -1.096733395834953995e-01 4.064090777144378774e-02
-1.046712985108252392e+00 3.186203812033723826e-01 -1.100303917426588507e+00
-2.677104315737693696e+00 7.890124391052858455e-01 -2.448872431543426487e+00
-4.223628502888916891e+00 1.301673558920271034e+00 -4.007265390916903591e+00
-5.686091393297625807e+00 1.855940874806220720e+00 -5.777906891314144033e+00
-6.870963705572616931e+00 2.356756037930428871e+00 -7.405344783587225699e+00
-7.582940559637441957e+00 2.704401287535955323e+00 -8.535905776168435821e+00
-7.819466894561191594e+00 2.891818306593189281e+00 -9.173791700022903228e+00
-7.579033516110848190e+00 2.913865969580589965e+00 -9.321580216388149154e+00
-6.861293725398327936e+00 2.767594864485281470e+00 -8.979977003671441693e+00
-5.667262648892557486e+00 2.452684109653236799e+00 -8.147479477057668618e+00
-3.999581111161846447e+00 1.971974396221219950e+00 -6.820061089733203019e+00
-1.862133454413716915e+00 1.330645486547212597e+00 -4.991835122423693427e+00
7.401656534949797583e-01 5.357491505369246232e-01 -2.655456419354631947e+00
3.801494327768561998e+00 -4.040744774410750528e-01 1.975988151926758030e-01
6.771850641745882804e+00 -1.302704795924560122e+00 3.028999393084112590e+00
9.107322228703718991e+00 -1.982116222543820916e+00 5.291458136047141991e+00
1.081157003390237570e+01 -2.446595722253443572e+00 6.979206796430487358e+00
1.188941470043915949e+01 -2.702564891022785520e+00 8.084666150590722467e+00
1.234669255531559884e+01 -2.758236818403592139e+00 8.598802483716891487e+00
1.219010780031892516e+01 -2.623268120158005257e+00 8.511478264828800988e+00
1.142707898330476901e+01 -2.308404186207865472e+00 7.811793391260011710e+00
1.006557816039276254e+01 -1.825116422501328772e+00 6.488414091174654175e+00
8.113961891559123174e+00 -1.185230244517445630e+00 4.529886972315592786e+00
5.580793514316575887e+00 -4.005432985773902388e-01 1.924936462033022933e+00
2.985554875850831902e+00 3.671691444512972247e-01 -7.776967502329645843e-01
8.378615101842782353e-01 9.699314491024073615e-01 -3.016322953956110275e+00
-8.687059974500604964e-01 1.417140608761568776e+00 -4.782387448649298101e+00
-2.140770181929432692e+00 1.718278792464416727e+00 -6.067384746971502096e+00
-2.985008103297921878e+00 1.882607873168444579e+00 -6.863061271108175987e+00
-3.407996866242358980e+00 1.918857362689128987e+00 -7.161604386376125397e+00
-3.416054083365871463e+00 1.834906446463857588e+00 -6.955818851371922129e+00
-3.015074552213526271e+00 1.637460968380622495e+00 -6.239292289269387837e+00
-2.210364308198556227e+00 1.331726379408889827e+00 -5.006552092874041016e+00
-1.006473580509105625e+00 9.210778208018708391e-01 -3.253216773457220157e+00
2.926139547722019785e-01 5.183678600667419589e-01 -1.432724086653226037e+00
1.388771013250489794e+00 2.312109209731192105e-01 -3.697996042689818963e-03
2.286503985890166124e+00 5.446664298758192857e-02 1.030039048568637039e+00
2.989695366062778081e+00 -1.559602437460581859e-02 1.665382519171190845e+00
3.501480616747631558e+00 1.894171637292457744e-02 1.900035125141127157e+00
3.824112874088521519e+00 1.579261324035117764e-01 1.732635207209993311e+00
3.958837226891557037e+00 4.034127673188255825e-01 1.162938796460485591e+00
3.905986990276505644e+00 7.594739743230211060e-01 1.917131176022157102e-01
3.665099423824506264e+00 1.231975116305451090e+00 -1.179362231605096678e+00
3.235019971339744949e+00 1.828382325063535374e+00 -2.947757582495240225e+00
2.760853086254760669e+00 2.463030425604301854e+00 -4.791977382859836432e+00
2.388169808409735140e+00 3.043991596021859092e+00 -6.392465959471897996e+00
2.116456892057259953e+00 3.569548405418811132e+00 -7.749415116683438853e+00
1.945680249469373901e+00 4.036909939666424307e+00 -8.863540447155214608e+00
1.876220645580070068e+00 4.442327757751909800e+00 -9.736050130177295259e+00
1.908808939845240360e+00 4.781212530689647799e+00 -1.036861423645389912e+01
2.044461419929950896e+00 5.048250976850046534e+00 -1.076333300230612267e+01
2.284416025855794175e+00 5.237522548317179449e+00 -1.092270275861112871e+01
2.630069745119495206e+00 5.342615621969390993e+00 -1.084957833571193753e+01
3.082917654980118272e+00 5.356742801797709674e+00 -1.054713097792287613e+01
3.593910707913706482e+00 5.312510738381708286e+00 -1.003117759137086829e+01
4.114510206787196367e+00 5.243634113711725497e+00 -9.315826808094405109e+00
4.647015175240023943e+00 5.144778591119491651e+00 -8.401933126643468697e+00
5.193687045596221630e+00 5.010688069862061056e+00 -7.290392279919879925e+00
5.756705365728309154e+00 4.836274080605091896e+00 -5.982127504937825080e+00
6.338125434062007457e+00 4.616705332539572382e+00 -4.478070513285144827e+00
6.939838036047644820e+00 4.347497387609176478e+00 -2.779137427484213774e+00
7.563531874284612933e+00 4.024601915961037335e+00 -8.861998519528114793e-01
8.210658034328908172e+00 3.644496085059566237e+00 1.199948339390447094e+00
8.882396688332690360e+00 3.204272025907406451e+00 3.478627860493683333e+00
9.451724673686300093e+00 2.672587740547366142e+00 5.690181793581303715e+00
9.787021254142677762e+00 2.027734451401340898e+00 7.576308649489984504e+00
9.882467647687954937e+00 1.281614809041569547e+00 9.138752964803327217e+00
9.732462649783389708e+00 4.457996859264223843e-01 1.037960232280083694e+01
9.331691998738380178e+00 -4.686288098339284058e-01 1.130124057071549437e+01
8.675233170109565961e+00 -1.451340580646172773e+00 1.190625152147326737e+01
7.758757541649715428e+00 -2.493276698488561927e+00 1.219716847747547561e+01
6.578482332023496859e+00 -3.586482047095958414e+00 1.217642878754806723e+01
5.131140340670791389e+00 -4.724006334861873491e+00 1.184634700313787548e+01
3.413979968740229243e+00 -5.899894668205723391e+00 1.120906795860699923e+01
1.708259101946455250e+00 -6.957158170282187193e+00 1.042381157672817338e+01
3.000857867410811619e-01 -7.746566877063519208e+00 9.648220242808191571e+00
-8.057229434882391406e-01 -8.274494832819820900e+00 8.881611434933336824e+00
-1.604517219697188413e+00 -8.547204872776612561e+00 8.122945611823666923e+00
-2.091856136353858808e+00 -8.570788753512808000e+00 7.370898434082556072e+00
-2.263546924774967106e+00 -8.351106644431313342e+00 6.623931456184521949e+00
-2.115681762318735615e+00 -7.893725796056787480e+00 5.880361031755941603e+00
-1.644672443175640097e+00 -7.203858452454730887e+00 5.138424945462921833e+00
-8.472833799295693691e-01 -6.286298611338229314e+00 4.396346883894410418e+00
2.793367388753570935e-01 -5.145357682297680313e+00 3.652398520142746907e+00
1.434579344668857281e+00 -3.989835909799044344e+00 2.960872432444633606e+00
2.314524341821884157e+00 -3.023257636949396865e+00 2.377700713591297532e+00
2.916838314075252736e+00 -2.241739909445108037e+00 1.903678949305890988e+00
3.239328253158207716e+00 -1.641619623118061089e+00 1.539554299817452954e+00
3.279964016318054121e+00 -1.219530599511246649e+00 1.285979303239818350e+00
3.036900307371420471e+00 -9.724814775664034627e-01 1.143467584624562550e+00
2.508498635456864356e+00 -8.979343226557244817e-01 1.112351576590296931e+00
1.693349778735786293e+00 -9.938839179822509529e-01 1.192742143155000933e+00
5.902972578137127835e-01 -1.258937451986362532e+00 1.384490391027182854e+00
-8.015375815696507145e-01 -1.692394429707540837e+00 1.687151619653643575e+00
-2.183302745140929702e+00 -2.158107534264325889e+00 2.001838697305622361e+00
-3.255039897137035343e+00 -2.521843743089934975e+00 2.230206673032764542e+00
-4.015838623612403069e+00 -2.785794157691482642e+00 2.372653419394582297e+00
-4.464938657735449290e+00 -2.951362304383135182e+00 2.429959706981771106e+00
-4.601747989911403991e+00 -3.019085072427037719e+00 2.403308807993540963e+00
-4.425885783339341906e+00 -2.988509859884724840e+00 2.294322287599928956e+00
-3.937267542297228751e+00 -2.858022983443345932e+00 2.105113716474393382e+00
-3.136049348868274578e+00 -2.625058102318713171e+00 1.838190171452617427e+00
-2.022600882239898645e+00 -2.286252683772064032e+00 1.496377945579652424e+00
-5.974979482092830363e-01 -1.837561389476711327e+00 1.082768224147918401e+00
9.488488962693507611e-01 -1.384971570554254683e+00 6.631626396621700392e-01
2.426846130073569530e+00 -1.036738682663926436e+00 3.017241996529523851e-01
3.837119218177917457e+00 -7.920473464696812238e-01 -9.074686436154055791e-04
5.180441496666991164e+00 -6.504264045669767569e-01 -2.443082579044944525e-01
6.457706506946711222e+00 -6.117302026503388390e-01 -4.282703100862217949e-01
7.669900902790793396e+00 -6.761203035010953100e-01 -5.528037531521285963e-01
8.818077608703811521e+00 -8.440476702808544784e-01 -6.181395980676553936e-01
9.903328932128902196e+00 -1.116235528317530923e+00 -6.247337429300275913e-01
1.092675934586218744e+01 -1.493662779123170026e+00 -5.732722493443801470e-01
1.188945766606737031e+01 -1.977547918085491796e+00 -4.646779492103594311e-01
1.254505746725828530e+01 -2.441427367411398208e+00 -3.213582507402483746e-01
1.264476580249572102e+01 -2.764397993236456852e+00 -1.704803881071732530e-01
1.218616323445469440e+01 -2.955974432914214578e+00 -1.985873976888208325e-02
1.116707003515343644e+01 -3.025191426967104746e+00 1.233685510469944013e-01
9.585570887034771559e+00 -2.980360887143617354e+00 2.528673112158862368e-01
7.440031587538595836e+00 -2.828828480181166061e+00 3.632354842341328771e-01
4.729109409688742716e+00 -2.576730910165782262e+00 4.501324909317866441e-01
1.451758945475748019e+00 -2.228755493094364937e+00 5.104108292370779232e-01
-2.392763989282217896e+00 -1.787902304446634894e+00 5.422512698783479301e-01
-6.804897721607158445e+00 -1.255250333439417609e+00 5.453028457871698098e-01
-1.097449423374817989e+01 -7.431988579903754388e-01 5.236448714525221426e-01
-1.409016900280253459e+01 -3.551786214464962566e-01 4.875032399945478101e-01
-1.615058253529277721e+01 -7.926561655623337588e-02 4.454073339108124419e-01
-1.715477796392680432e+01 9.341437175163543050e-02 4.036558875882036990e-01
-1.710216914087002138e+01 1.682656256249031035e-01 3.660640679827675825e-01
-1.599254872513177617e+01 1.466186490329640657e-01 3.335801089436576383e-01
-1.382611394212406708e+01 2.496510149522793154e-02 3.037826050529646160e-01
-1.060345129279983567e+01 -2.040960335856739638e-01 2.713784362595228483e-01
-6.325536274219344612e+00 -5.512257453534228357e-01 2.285261090169590226e-01
-9.937524510328274996e-01 -1.029919393757272816e+00 1.650371831524626298e-01
4.343713654583714501e+00 -1.538260232070188582e+00 8.056054920110311546e-02
8.639982275646651999e+00 -1.961885220522519013e+00 -1.583216716101598642e-02
1.189562426448676646e+01 -2.295024613786422751e+00 -1.199204644718765422e-01
1.411161058696010073e+01 -2.528951851663139738e+00 -2.250942467716114948e-01
1.528933756630590324e+01 -2.652400464942678227e+00 -3.225605164656393242e-01
1.543065188942500576e+01 -2.651976986719208895e+00 -4.015591518336572019e-01
1.453787109100190911e+01 -2.512567524399114127e+00 -4.495899990208533925e-01
1.261379590206060008e+01 -2.217735106360070763e+00 -4.526524766871753425e-01
9.661711140836473533e+00 -1.750106460366529060e+00 -3.954993804512667577e-01
5.685372487944845510e+00 -1.091746379471746797e+00 -2.619055901066560388e-01
1.643784970340836482e+00 -4.179231660214350885e-01 -8.213409783138220233e-02
-1.509129528222795891e+00 7.463744191052100463e-02 9.327494531991001314e-02
-3.777233918646067945e+00 3.714258474185936909e-01 2.499941339468821910e-01
-5.164826777852370654e+00 4.575697525363254248e-01 3.729832645499073229e-01
-5.676575882359629510e+00 3.181292574617027302e-01 4.467752416491938550e-01
-5.317434977875000079e+00 -6.162434757714499445e-02 4.557730936099315122e-01
-4.092543777934600335e+00 -6.959463227639819394e-01 3.845570271152852770e-01
-2.007111706209205426e+00 -1.598373313210668112e+00 2.181994662642660621e-01
9.337139876127519278e-01 -2.781493584902615446e+00 -5.741269298628087769e-02
4.724994532555025550e+00 -4.256731261919112441e+00 -4.552501275269402736e-01
8.466985888256289172e+00 -5.737250811770562287e+00 -8.936434681165347227e-01
1.126774869322635020e+01 -6.918885843070609276e+00 -1.270502319595973928e+00
1.313422363533368120e+01 -7.786941396447181418e+00 -1.567896220052011014e+00
1.407311470681955079e+01 -8.328063745421339092e+00 -1.769243168478851214e+00
1.409069326801618871e+01 -8.530445427034280215e+00 -1.859683764367116687e+00
1.319251696999990564e+01 -8.384112616173531762e+00 -1.826598475434886737e+00
1.138302863261395004e+01 -7.881284661319534202e+00 -1.660302532593575187e+00
8.665740607897850722e+00 -7.015958376161512966e+00 -1.353583792218446824e+00
5.043322482545553598e+00 -5.783657126681829297e+00 -9.014501589271541881e-01
5.176235620376482549e-01 -4.181291771842428950e+00 -3.010174781234190577e-01
-4.036414340030946235e+00 -2.533921245568761194e+00 3.234429918758816580e-01
-7.747318145334990191e+00 -1.173035317294686575e+00 8.406613068800449229e-01
-1.061849700267923780e+01 -1.050786348406705373e-01 1.242992895601871428e+00
-1.265265468712933838e+01 6.648425616473219169e-01 1.524687308430591859e+00
-1.385181670911621588e+01 1.132847960626326866e+00 1.681785392371457188e+00
-1.421736393363153539e+01 1.296179575571813514e+00 1.712012664792271321e+00
-1.375007175383338343e+01 1.153105615767209713e+00 1.614669646764347100e+00
-1.245015394455360003e+01 7.028303964808340076e-01 1.390519844761342050e+00
-1.031731036742851693e+01 -5.459091254530379356e-02 1.041675996715034858e+00
-7.350777771103217617e+00 -1.118333929891178746e+00 5.714851267023659531e-01
-4.251832330169112772e+00 -2.188896674141291854e+00 9.438089344945710391e-02
-1.722449695632054079e+00 -2.966949761546616493e+00 -2.787833762512127445e-01
2.370829264004430670e-01 -3.451818827213652519e+00 -5.499643597198119460e-01
1.626082119867986897e+00 -3.643346118386861843e+00 -7.220932409364780868e-01
2.443518781501216264e+00 -3.541843214404026163e+00 -7.989804353718050756e-01
2.688069461533621585e+00 -3.148043591548361331e+00 -7.852203826933661368e-01
2.358168147954285754e+00 -2.463054334283698577e+00 -6.860966284066858378e-01
1.452058072106292785e+00 -1.488306453371900151e+00 -5.074874725298841316e-01
-3.215666260297860013e-02 -2.255032034474677982e-01 -2.557723310667233685e-01
-2.096459899962117124e+00 1.323434090263170937e+00 6.226102419614475136e-02
-4.287033641247852245e+00 2.896727210744848069e+00 3.760125608536803998e-01
-6.147866915185288050e+00 4.234461483951286631e+00 6.223272968586160969e-01
-7.677595816380629934e+00 5.337522922386752633e+00 8.056367830845316824e-01
-8.874745645718983056e+00 6.206953175182320592e+00 9.307207479947168238e-01
-9.737770105180794999e+00 6.843918404797515898e+00 1.002641204745157610e+00
-1.026510519049418590e+01 7.249656155814788505e+00 1.026661279243729963e+00
-1.045525587143727542e+01 7.425377196554387993e+00 1.008130423701641298e+00
-1.030677875024210266e+01 7.372296244299970880e+00 9.524786123193482723e-01
-9.818276120756697978e+00 7.091646027194737911e+00 8.651979620013007244e-01
-8.988403000390043474e+00 6.584673248534018697e+00 7.518106651213646296e-01
-8.004509591048178052e+00 5.967454536320256686e+00 6.325947946935727151e-01
-7.054864505750811254e+00 5.355119289903058188e+00 5.240921366392166103e-01
-6.139553822195240151e+00 4.747503968155897702e+00 4.261965797793371147e-01
-5.258669288003892106e+00 4.144444622501154640e+00 3.387657935350273375e-01
-4.412308078372004339e+00 3.545776569340107542e+00 2.616221490746451495e-01
-3.600572556946683100e+00 2.951334121426964163e+00 1.945536166254167587e-01
-2.823570042104684319e+00 2.360950383323303203e+00 1.373146388947815988e-01
-2.081412587798372904e+00 1.774457107541678846e+00 8.962698421857465125e-02
-1.374216767282341989e+00 1.191684633833487661e+00 5.118057161229050411e-02
-7.021034646192739759e-01 6.124619118156247044e-01 2.163426937410550463e-02
-1.726561356836859851e-01 1.397347550342611655e-01 3.729740862042679912e-03
1.060193712116032916e-01 -1.240216266253761773e-01 -2.552075421171844365e-03
1.330791961583099037e-01 -1.796590854606641974e-01 -1.583240384328506167e-03
-9.222987050491883443e-02 -2.798695990604325307e-02 2.463281881585439523e-03
-5.705660129407139625e-01 3.302406081980464037e-01 5.640828550381019046e-03
-1.302488204794235438e+00 8.943379430898498184e-01 4.256110607990942762e-03
-2.288452189927334235e+00 1.663701591305311922e+00 -5.103832055584775484e-03
-3.528806615009173253e+00 2.637824436592496102e+00 -2.554475181766541203e-02
-5.023789301285794373e+00 3.816310036194225486e+00 -5.983834194817388985e-02
-6.773523630840386112e+00 5.198887043374798900e+00 -1.103953703538779751e-01
-8.377623583142547403e+00 6.467542196355729800e+00 -1.706500280320864538e-01
-9.435020730768222563e+00 7.305296013407217792e+00 -2.277197598282802993e-01
-9.944900270663460162e+00 7.713352857680224162e+00 -2.747737376349241312e-01
-9.906684492974054734e+00 7.692656076527957687e+00 -3.057200535528039054e-01
-9.320040087415149443e+00 7.243857822429336402e+00 -3.152623228307268044e-01
-8.184898064256747929e+00 6.367271325910966340e+00 -2.989998457065183302e-01
-6.501478065103041715e+00 5.062817204966763462e+00 -2.535437963498759495e-01
-4.270198389593139687e+00 3.330138105291280404e+00 -1.762437308225074384e-01
-1.491618142595429575e+00 1.168673170061895972e+00 -6.502045536045795993e-02
1.833604686661662875e+00 -1.422287072538020336e+00 8.174845833510141491e-02
5.059327443781054257e+00 -3.939025547063601085e+00 2.352746377574384262e-01
7.540036696855850984e+00 -5.877256101330789129e+00 3.626596821493688338e-01
9.276136561413478532e+00 -7.236695270932441026e+00 4.597084046908710420e-01
1.026819691912693600e+01 -8.016820553819391293e+00 5.229297475534886441e-01
1.051689726454448426e+01 -8.216946739325733162e+00 5.493820015547358215e-01
1.002297099369716626e+01 -7.836303633279925407e+00 5.365179978000582661e-01
8.787150099566925832e+00 -6.874114760844074468e+00 4.820301145170752255e-01
6.810110323867581528e+00 -5.329676680521475696e+00 3.836949779957510853e-01
4.092416750987938556e+00 -3.202438782330832456e+00 2.392177957436991964e-01
6.344699168617498053e-01 -4.920834912111242687e-01 4.607629945616420475e-02
-2.825669609374614311e+00 2.222042937229381288e+00 -1.557332665630303259e-01
-5.550634832955318565e+00 4.359910060425506551e+00 -3.230311349066457560e-01
-7.541156973029480071e+00 5.920718597055801169e+00 -4.537708014153379876e-01
-8.797811213302448863e+00 6.903887309566826502e+00 -5.457028895449091976e-01
-9.320964262885789609e+00 7.309132832901354071e+00 -5.962198700668669415e-01
-9.110722880481500141e+00 7.136550428714486749e+00 -6.022006402203654574e-01
-8.166883586190984090e+00 6.386696085944302048e+00 -5.598551476658878423e-01
-6.488883838082144528e+00 5.060670480355381251e+00 -4.645692708279920979e-01
-4.075754951045849950e+00 3.160205457813048735e+00 -3.107502701406931189e-01
-9.260770908186104489e-01 6.877537937928900336e-01 -9.167315576062978755e-02
2.338857226218310714e+00 -1.865773473248975689e+00 1.547689120326996293e-01
5.096650259079243739e+00 -4.011420660262143834e+00 3.843401617249523339e-01
7.347203757251955736e+00 -5.749353432133152531e+00 5.947140319574699685e-01
9.090118721643744237e+00 -7.080181030388168928e+00 7.828416875525702201e-01
1.032466538166163161e+01 -8.005020356866042519e+00 9.448452832344010899e-01
1.104971571214895221e+01 -8.525630924617603412e+00 1.075790172452857352e+00
1.126359721209669829e+01 -8.644704143726350765e+00 1.169198539535171832e+00
1.096423625974330029e+01 -8.365687205249194847e+00 1.217443009071095039e+00
1.014928106909183292e+01 -7.692626654928123031e+00 1.212091133250638997e+00
8.816187947952087711e+00 -6.630061572225921296e+00 1.144147939782432788e+00
7.236290621114140897e+00 -5.392859387391233383e+00 1.029941336540436403e+00
5.682670966636077736e+00 -4.193040402519902621e+00 8.918516041144953777e-01
4.155395116595839156e+00 -3.031064119551464042e+00 7.299190398338197827e-01
2.654623399808897943e+00 -1.907234434308640925e+00 5.444802147617976429e-01
1.180598466260738721e+00 -8.216959729381343447e-01 3.361492208196151799e-01
-2.663663737867917325e-01 2.255691682108453833e-01 1.057986484044593223e-01
-1.685898473545755838e+00 1.234744059617731482e+00 -1.454595973863657687e-01
-3.077576717123942984e+00 2.206178763782617125e+00 -4.162935409826878930e-01
-4.440941811788128746e+00 3.140391190799452392e+00 -7.051703460295905002e-01
-5.775505906519741828e+00 4.038066845401496963e+00 -1.010375358871205442e+00
-6.954861951780227258e+00 4.822591119971757045e+00 -1.293275143466115829e+00
-7.852200201439409000e+00 5.418979486492314201e+00 -1.513357589176056672e+00
-8.466475300449920027e+00 5.830329816861062220e+00 -1.666298025331723442e+00
-8.796740445892929472e+00 6.059452365346626124e+00 -1.748304605446526327e+00
-8.842165510347662405e+00 6.108771716903463656e+00 -1.756228184123444169e+00
-8.602054822610391227e+00 5.980227854003670629e+00 -1.687671343573691640e+00
-8.075865402515482572e+00 5.675177317755961681e+00 -1.541097136363021702e+00
-7.263226512875215590e+00 5.194295591054771677e+00 -1.315938324058052000e+00
-6.163961579726049855e+00 4.537481908607869485e+00 -1.012707760543157143e+00
-4.778113588231535758e+00 3.703767869007507763e+00 -6.331107794841196457e-01
-3.376182407615964998e+00 2.856523822865520312e+00 -2.552195386338753647e-01
-2.228839589818829126e+00 2.159260656823152935e+00 4.363674501297676311e-02
-1.336470169468510827e+00 1.611050005967246790e+00 2.625801571007999602e-01
-6.993172091004898894e-01 1.211743182976486422e+00 4.017116839172116816e-01
-3.174560997542295038e-01 9.620497787064995476e-01 4.622128745463492949e-01
-1.907740479456265514e-01 8.636148579109171886e-01 4.464356131429909058e-01
-3.189635739195568753e-01 9.190769530802572751e-01 3.579483368552317524e-01
-7.014604489191591519e-01 1.131966031178256227e+00 2.015467453631744621e-01
-1.337430649361698309e+00 1.506533025445231377e+00 -1.688575574459993955e-02
-2.225773396326828912e+00 2.047580277092901024e+00 -2.905459622244035423e-01
-3.130418506196483097e+00 2.603587713765389555e+00 -5.518164443748102554e-01
-3.816727453372099177e+00 3.017424828950925342e+00 -7.413775951370175088e-01
-4.285737638414005346e+00 3.285406258201067686e+00 -8.649244944674006064e-01
-4.538719056428982768e+00 3.403443266929953470e+00 -9.288765786902613009e-01
-4.577159220603975953e+00 3.367183465853317070e+00 -9.402173133078035594e-01
-4.402741297496679529e+00 3.172142647167793594e+00 -9.063293476616296473e-01
-4.017314699569871195e+00 2.813827479205801119e+00 -8.348249334306927505e-01
-3.422857656466771203e+00 2.287848149021706856e+00 -7.333715759711305626e-01
-2.621431605927060815e+00 1.590020298143747013e+00 -6.095132283385452654e-01
-1.615127504435238004e+00 7.164560024128785454e-01 -4.704874445990041565e-01
-5.840192841659497258e-01 -1.749903264224339505e-01 -3.448780179807721669e-01
2.945986051410153794e-01 -9.220082424329100190e-01 -2.522135711495365196e-01
1.022881675394232248e+00 -1.521613496065484128e+00 -1.858159510906022549e-01
1.603031190019945207e+00 -1.970980767087833874e+00 -1.391392570596785005e-01
2.037232795975405519e+00 -2.267488238736799833e+00 -1.059234223073078351e-01
2.327590238448598026e+00 -2.408753924077405184e+00 -8.034867876772219808e-02
2.476054979574083159e+00 -2.392664981942137281e+00 -5.719052571306001975e-02
2.484352823054295722e+00 -2.217401502182327455e+00 -3.197490171123103936e-02
2.353908579614199414e+00 -1.881456808261208202e+00 -1.133284234172776900e-03
2.085770042901533561e+00 -1.383656629079851763e+00 3.784246322908921267e-02
1.695515037936458302e+00 -7.924894568664456740e-01 8.007978250334273074e-02
1.197729071720574856e+00 -1.768659118136252095e-01 1.187509925224508739e-01
5.915350515045881830e-01 4.631889660644509243e-01 1.520545707040211747e-01
-1.240941873548092461e-01 1.127210426920424169e+00 1.774946290485962530e-01
-9.503367625838837762e-01 1.814236208737656453e+00 1.918291521623946838e-01
-1.888485869825102359e+00 2.522757309269617831e+00 1.910983607512325710e-01
-2.939779927696732020e+00 3.250793094216211099e+00 1.710289548793668402e-01
-4.105361353775915489e+00 3.995977041716335609e+00 1.271889724940017674e-01
-5.386268554671607589e+00 4.755579177764201582e+00 5.501931941405284465e-02
-6.783413784223623288e+00 5.526529496497036398e+00 -5.010651060711249910e-02
-8.040277100865756310e+00 6.159197557719461535e+00 -1.802561147081691850e-01
-8.898200025969593696e+00 6.507951704534993276e+00 -3.189749354693532934e-01
-9.354298629479183447e+00 6.576487716167645381e+00 -4.563119764067111728e-01
-9.405167819332667989e+00 6.369807269745246359e+00 -5.801753142056454982e-01
-9.047031790138065688e+00 5.894167236380130959e+00 -6.766718365136948909e-01
-8.275891760183972323e+00 5.157017586081342309e+00 -7.304473064688395967e-01
-7.087667890680224403e+00 4.166923304822196528e+00 -7.250251024952526491e-01
-5.478332541470475547e+00 2.933466596895018874e+00 -6.431419925624407563e-01
-3.444032340377720214e+00 1.467126517325440194e+00 -4.670788675360463271e-01
-9.811968506906711962e-01 -2.208659512331297425e-01 -1.789845180692950233e-01
1.420019635598497532e+00 -1.813559766247610838e+00 1.677157817650488658e-01
3.263358195368956327e+00 -3.009254461420749927e+00 4.926622878549952733e-01
4.543099584271478086e+00 -3.820109638802782648e+00 7.725733249164470351e-01
5.253770235371134412e+00 -4.259388163213068346e+00 9.836683755713350186e-01
5.390272240263899839e+00 -4.341217951424845900e+00 1.102109422878269740e+00
4.947989490006905022e+00 -4.080318417022566813e+00 1.104426858954496327e+00
3.922869127342595963e+00 -3.491693250059204612e+00 9.679283433022110028e-01
2.311477830726131444e+00 -2.590292569716222904e+00 6.710892395070160443e-01
1.110337022961776360e-01 -1.390647307175808978e+00 1.939247438003449120e-01
-2.680585149032747694e+00 9.352007705405314397e-02 -4.816557843599477695e-01
-5.412328204819018218e+00 1.518881801064104309e+00 -1.204205989970589252e+00
-7.429456969090230345e+00 2.563396014714741877e+00 -1.793599957299137682e+00
-8.728653675863290218e+00 3.245602371721175938e+00 -2.224715406499998327e+00
-9.307332170719032405e+00 3.582948883416519514e+00 -2.474639316486511031e+00
-9.163596764150815588e+00 3.591293381774761428e+00 -2.523038887948088504e+00
-8.296191286509239760e+00 3.284298173970652268e+00 -2.352633741544043477e+00
-6.704436602490316588e+00 2.672773259368580234e+00 -1.949719629595053849e+00
-4.388093459800343155e+00 1.764987608259196650e+00 -1.303621891601894456e+00
-1.347257218670050438e+00 5.668580612823984621e-01 -4.063357794290167746e-01
2.417721671066774825e+00 -9.179460211040130213e-01 7.476915678826746570e-01
6.160908821962615356e+00 -2.384724701906090871e+00 1.927085222810440701e+00
9.136495759705606901e+00 -3.537898996036545451e+00 2.888479011123285645e+00
1.134438583014499713e+01 -4.387207086546025536e+00 3.619758545492069324e+00
1.278474124182960203e+01 -4.939982515918672767e+00 4.111363666996853183e+00
1.345792233441525809e+01 -5.201291561725701840e+00 4.356089051748541330e+00
1.336443909637482186e+01 -5.174085276525131505e+00 4.348896928507087978e+00
1.250491343776223374e+01 -4.859363224304968476e+00 4.086739452097709169e+00
1.088005081705870758e+01 -4.256345913694111083e+00 3.568388699766865013e+00
8.490619858815541932e+00 -3.362653810882553884e+00 2.794271774790669571e+00
5.337438709718830054e+00 -2.174490744765728234e+00 1.766308932181103186e+00
2.093171657999772783e+00 -9.422916710733653112e-01 7.065537826565809754e-01
-5.704427641827601869e-01 8.077650544061006077e-02 -1.633772009150713245e-01
-2.653917136555496992e+00 8.944276181758012978e-01 -8.421148544295520288e-01
-4.157800288900465269e+00 1.497268505313911202e+00 -1.329444858780438166e+00
-5.082672729395104838e+00 1.886938415128166735e+00 -1.626188205586568625e+00
-5.429144770380426976e+00 2.060247937629329673e+00 -1.734080213713900198e+00
-5.197856677681312654e+00 2.013316472311477590e+00 -1.655647137595989804e+00
-4.389480187459276372e+00 1.741706804958143007e+00 -1.394080404969352482e+00
-3.004720884676160164e+00 1.240556499844868599e+00 -9.531072538006493122e-01
-1.044320958023097878e+00 5.047055707690096815e-01 -3.368572299519768665e-01
9.339071719555603890e-01 -2.570339235580319515e-01 2.780566383662776420e-01
2.373068735403289775e+00 -8.294461654550695506e-01 7.198770169659619578e-01
3.273788969506060020e+00 -1.208021199611927443e+00 9.918246987312061558e-01
3.636722325791644117e+00 -1.388055140995139825e+00 1.097402415677644738e+00
3.462555065975426061e+00 -1.364759261861161921e+00 1.040266726632507632e+00
2.752007817184221050e+00 -1.133367747501914824e+00 8.240895981792764058e-01
1.505836191768833654e+00 -6.892370863113724822e-01 4.524237694357435280e-01
-2.751797729510714330e-01 -2.790444818258688495e-02 -7.135016151677339713e-02
-2.590246245905923228e+00 8.548505649725242073e-01 -7.440858103578219529e-01
-5.438566370995616239e+00 1.962941521391311284e+00 -1.562941938723586111e+00
-8.184427434478596552e+00 3.050271307026758638e+00 -2.342963957979868450e+00
-1.019330683535604898e+01 3.863977154359445443e+00 -2.904128876988324226e+00
-1.146626326418819986e+01 4.397836163493395567e+00 -3.251037691266865259e+00
-1.200435813404182106e+01 4.646041005475117558e+00 -3.387889930088780144e+00
-1.180863933561799506e+01 4.603287082993673174e+00 -3.318385931505194453e+00
-1.088012380481305108e+01 4.264859411581019444e+00 -3.045628910659744282e+00
-9.219779091783111724e+00 3.626719682228173092e+00 -2.572027255452821404e+00
-6.828504169328885709e+00 2.685594079252596522e+00 -1.899197378357869281e+00
-3.707109739564194761e+00 1.439062324826597239e+00 -1.027867749199632863e+00
1.437016428838751303e-01 -1.143514760352381254e-01 4.221538777272732662e-02
4.004532801253191998e+00 -1.681906038870289555e+00 1.112965700041755213e+00
7.157058607262036354e+00 -2.967333108451218671e+00 1.987586748976249762e+00
9.602239631366584760e+00 -3.966644654867510056e+00 2.668452559496921506e+00
1.134094291432812973e+01 -4.676699172341916899e+00 3.157047935205254063e+00
1.237392294782967106e+01 -5.095291987034952008e+00 3.453879828088304293e+00
1.270180349564109079e+01 -5.221248957109414945e+00 3.558391806844916072e+00
1.232506072418861898e+01 -5.054524231842631110e+00 3.468882276222908789e+00
1.124400829901617982e+01 -4.596302563694980137e+00 3.182426908797090004e+00
9.458784888085743248e+00 -3.849107019411677655e+00 2.694806228789782487e+00
6.969344683511979888e+00 -2.816912765065978430e+00 2.000439150995087623e+00
4.266282796957328927e+00 -1.706998376472791623e+00 1.234703400757139802e+00
1.840098189842896081e+00 -7.240441563529782520e-01 5.371800052138961945e-01
-3.094699274610918649e-01 1.310430697087829610e-01 -9.208521104520943357e-02
-2.182601032302112554e+00 8.578408155393087986e-01 -6.525219118863044843e-01
-3.779388617603669953e+00 1.456456402126309779e+00 -1.143007912959227879e+00
-5.099835961274538754e+00 1.927613992509940699e+00 -1.561801432008887103e+00
-6.143851430188805196e+00 2.272887719337331802e+00 -1.906323950000699430e+00
-6.911258373240731778e+00 2.494702886435212541e+00 -2.173227551569144822e+00
-7.401808664523183090e+00 2.596256368128677217e+00 -2.358554134095455002e+00
-7.615195247521616473e+00 2.581450203413832689e+00 -2.457874852874266214e+00
-7.609819774815670179e+00 2.485605156098058099e+00 -2.487134981351378116e+00
-7.444230516664774200e+00 2.343133654761417439e+00 -2.463697983253284374e+00
-7.118307579362734394e+00 2.157260798826555970e+00 -2.384990086401483911e+00
-6.631931255145706139e+00 1.931432314912012504e+00 -2.248482517303556971e+00
-5.984982239837941975e+00 1.669261061803932300e+00 -2.051751106134766189e+00
-5.177340297781911183e+00 1.374470337579162038e+00 -1.792532304211039706e+00
-4.208881298762269907e+00 1.050834152307090763e+00 -1.468775360080542214e+00
-3.079472642982816311e+00 7.021146377795082216e-01 -1.078690430744316586e+00
-1.788967004211109435e+00 3.319970811839290104e-01 -6.207927106662576300e-01
-3.371944599943392795e-01 -5.597700927533184878e-02 -9.394263665749283398e-02
1.065867146416636269e+00 -4.092796148891096331e-01 4.255259323332726829e-01
2.209988004147068086e+00 -6.814617428649076825e-01 8.580355217460131634e-01
3.094969123473281680e+00 -8.783040126484065180e-01 1.199819894270472975e+00
3.720585901280066388e+00 -1.005576071880834199e+00 1.447493754837561708e+00
4.086576407268702305e+00 -1.068929327398082885e+00 1.598122773919408823e+00
4.192627500590042189e+00 -1.073787691607843264e+00 1.649288298498494898e+00
4.038359109383846679e+00 -1.025237243222576033e+00 1.599147528378523919e+00
3.623306620310262183e+00 -9.279170284627878962e-01 1.446490533278406598e+00
2.946902242604241273e+00 -7.859110121577540520e-01 1.190795023370820438e+00
2.008455875324894890e+00 -6.026423121912269920e-01 8.322802776890435572e-01
1.081042012754102055e+00 -4.267733570403119958e-01 4.760815677058514162e-01
4.385847338657387073e-01 -3.018766428087755749e-01 2.274263718394075595e-01
8.164375285739766674e-02 -2.237148463819854105e-01 8.667985314085523141e-02
1.093138341821028869e-02 -1.888497151891684322e-01 5.339809778957439051e-02
2.273317780756463624e-01 -1.947423495036995911e-01 1.262666697726494702e-01
7.319160235536157355e-01 -2.398362834568175395e-01 3.030444464356334411e-01
1.525932930016438149e+00 -3.235408861924892188e-01 5.805933469350257337e-01
2.610773613015135108e+00 -4.461201530036316698e-01 9.549736907967899535e-01
3.987932871472890106e+00 -6.085685515958134673e-01 1.421553664074918899e+00
5.658969719834058054e+00 -8.124854006951541807e-01 1.975119861454271986e+00
7.208616827724000586e+00 -1.006656364470579712e+00 2.468326326081777822e+00
8.218858187559062500e+00 -1.138487511959497711e+00 2.762218522615089711e+00
8.687040387216683257e+00 -1.206941630078502747e+00 2.864683537482052511e+00
8.610401098588432944e+00 -1.209901780199750920e+00 2.784621286561795195e+00
7.986140591138704892e+00 -1.144394415868101644e+00 2.531741637630529507e+00
6.811489836641027473e+00 -1.006802279827306190e+00 2.116356091240384263e+00
5.083774110541394720e+00 -7.930646304136361735e-01 1.549161932886096382e+00
2.800471355959439634e+00 -4.988618326509199896e-01 8.410173783321931440e-01
-4.073555620122534110e-02 -1.197842770150667896e-01 2.706839335915095165e-03
-3.441913053407338552e+00 3.485156444303751933e-01 -9.553040590867349913e-01
-6.725586389659896192e+00 8.165497741639624607e-01 -1.836653819808243160e+00
-9.210409082467474917e+00 1.188147689462754730e+00 -2.462214182945918317e+00
-1.089261480818685968e+01 1.457350108122207777e+00 -2.847750643632771528e+00
-1.176876206364195809e+01 1.618162181411428202e+00 -3.008732608083384275e+00
-1.183578850710528840e+01 1.664741181736396181e+00 -2.959959322164264606e+00
-1.109105676291042464e+01 1.591559827962027551e+00 -2.715173358806050263e+00
-9.532392900557329796e+00 1.393546809191394065e+00 -2.286663194575217606e+00
-7.158120044702394047e+00 1.066203908154258695e+00 -1.684855253427484323e+00
-3.967088340713364136e+00 6.057066100514958418e-01 -9.178990786342149377e-01
4.129608298075779227e-02 8.992360521671308171e-03 8.752302197385786534e-03
4.048131093862443741e+00 -6.025874333018210738e-01 9.087970007546427587e-01
7.232908301277078067e+00 -1.102492067169354995e+00 1.606988906997703470e+00
9.593693411966265572e+00 -1.485859355070497045e+00 2.115039764550045831e+00
1.112909143864804307e+01 -1.748546918095823743e+00 2.442085263334240253e+00
1.183828142473027967e+01 -1.887214830580915992e+00 2.594262335876285519e+00
1.172108704328021744e+01 -1.899473437693013800e+00 2.574125103948233129e+00
1.077809862356354742e+01 -1.784124505839638219e+00 2.379837497728212625e+00
9.010595570391387810e+00 -1.540932950457504669e+00 2.005733580168090224e+00
6.420505309340565070e+00 -1.170484222505749905e+00 1.442755495464589366e+00
3.010397448864265524e+00 -6.741229528374376168e-01 6.787467193637864993e-01
-4.520276645575860286e-01 -1.645743701013321625e-01 -1.215940913590177058e-01
-3.201548597911624050e+00 2.461797354571834684e-01 -7.820146662771549906e-01
-5.239252524407767453e+00 5.578938488366181891e-01 -1.297375816064855414e+00
-6.566786608150505522e+00 7.709922397500802438e-01 -1.659926954814093580e+00
-7.186359668511571819e+00 8.865376538882482338e-01 -1.859561797541589234e+00
-7.100744605158156197e+00 9.062069763048650195e-01 -1.884077601587644368e+00
-6.313279439400900195e+00 8.322702809511448585e-01 -1.719436879559557596e+00
-4.827864956051018730e+00 6.675700658963130696e-01 -1.350030771227848536e+00
-2.648957259404199682e+00 4.154976766386513365e-01 -7.589428478199570227e-01
2.184462703311175480e-01 7.996431832734150758e-02 7.178774370365581525e-02
3.094027690002873143e+00 -2.551491818844462967e-01 9.541547850345758475e-01
5.303344774508075510e+00 -5.104732532460281025e-01 1.678207529377848450e+00
6.850269774147712987e+00 -6.888888171880943601e-01 2.228814147016530800e+00
7.739179955519325027e+00 -7.937644032399162608e-01 2.589942379566594788e+00
7.974928894782253863e+00 -8.289125180142589144e-01 2.744897004997863821e+00
7.562808629153502160e+00 -7.985354820947410115e-01 2.676553142806143093e+00
6.508502211804536586e+00 -7.071598311547137028e-01 2.367584449382408085e+00
4.818025970301661687e+00 -5.595588901858955522e-01 1.800686445922023760e+00
2.497661826358509973e+00 -3.606630196349985829e-01 9.587929353137563115e-01
-4.461202059872035885e-01 -1.154575374098231466e-01 -1.747151313786411697e-01
-3.384983393885599323e+00 1.195162515650100288e-01 -1.364160112315649043e+00
-5.698745669506190659e+00 2.941166945370483066e-01 -2.351829679003122564e+00
-7.393288964468090363e+00 4.131010260759531150e-01 -3.121023872792453968e+00
-8.474686226198357986e+00 4.812950899055479792e-01 -3.655439273326598570e+00
-8.949113338962940034e+00 5.034777148322544527e-01 -3.939353546919415638e+00
-8.822739651521946058e+00 4.842357038015827064e-01 -3.957834471074296534e+00
-8.101591598616739276e+00 4.277813131099569288e-01 -3.696984083554568201e+00
-6.791522661165959818e+00 3.379258480477064785e-01 -3.143907186009847088e+00
-4.898172529846476664e+00 2.180405768110288689e-01 -2.286708954136895677e+00
-2.426913507619958832e+00 7.100179954969695895e-02 -1.114523180072580555e+00
1.071020136791686062e-01 -7.082562301448264153e-02 1.268060384853920142e-01
2.195269416612956270e+00 -1.789475736633591441e-01 1.177773478529285489e+00
3.842138256778551586e+00 -2.564506005016695123e-01 2.028507891853605027e+00
5.052068858195974954e+00 -3.060622889527020440e-01 2.669887098762493416e+00
5.829192443244502364e+00 -3.301130934660240768e-01 3.093558179929984497e+00
6.177371576092321348e+00 -3.304998768241812490e-01 3.291958048250527291e+00
6.100161132812109699e+00 -3.086512011814748768e-01 3.258334665307971445e+00
5.600770111328504441e+00 -2.654944464506308610e-01 2.986768997979123430e+00
4.682024441268890058e+00 -2.014247869757212761e-01 2.472198123321913243e+00
3.346331033029726676e+00 -1.162760672739841378e-01 1.710439755886263846e+00
1.819820670080152247e+00 -3.342732763121603057e-02 8.391194226610212414e-01
3.264006895951696574e-01 2.405864145862729453e-02 -5.270453718401180154e-04
-1.135151286935864423e+00 5.721828625415548847e-02 -8.066292534291432670e-01
-2.566023936629900692e+00 6.703220456766806334e-02 -1.577383299497170599e+00
-3.967366277590858914e+00 5.442134815206876169e-02 -2.311050286086017369e+00
-5.340281713970844280e+00 2.024343985286863531e-02 -3.005954981347834565e+00
-6.685822079922538741e+00 -3.471029214897379533e-02 -3.660484705227859070e+00
-8.004981773089070884e+00 -1.097184127579452217e-01 -4.273088349959361487e+00
-9.298691950819277352e+00 -2.041324673051671257e-01 -4.842275622527982826e+00
-1.056781479333094431e+01 -3.173800008694261932e-01 -5.366616569489066180e+00
-1.155786396006947925e+01 -4.202104416454304214e-01 -5.740615313120665419e+00
-1.201376056107939228e+01 -4.859571042828861875e-01 -5.859409659983213281e+00
-1.193493944624557557e+01 -5.185630668829550594e-01 -5.723541464604325668e+00
-1.132018005005033068e+01 -5.227573868241631727e-01 -5.334903051706979760e+00
-1.016759736401456315e+01 -5.040666173296154406e-01 -4.696801971736409342e+00
-8.474612747593443629e+00 -4.688614301893091474e-01 -3.814083652825715376e+00
-6.237938483656927602e+00 -4.243912687169617004e-01 -2.693250245722166980e+00
-3.453812139997297859e+00 -3.784559717726282968e-01 -1.342080329095554525e+00
-1.181374152146569823e-01 -3.392095991387779619e-01 2.305786874620311955e-01
3.773413613500995023e+00 -3.150179824005019391e-01 2.014950506228497584e+00
7.509397311027541377e+00 -3.127981736646793798e-01 3.685163347213766816e+00
1.037242665611549519e+01 -3.264790236948654778e-01 4.928401812519807912e+00
1.235757655318963621e+01 -3.444401800502697175e-01 5.755362553338509102e+00
1.345936883874960976e+01 -3.544780257832265691e-01 6.178512947178355752e+00
1.367193066743920227e+01 -3.440366203163058301e-01 6.211845143149127502e+00
1.298914441530674502e+01 -3.004337373432823810e-01 5.870620493779467708e+00
1.140478768784045194e+01 -2.110810167312051622e-01 5.171103691160897853e+00
8.912662205256379977e+00 -6.369747206421855212e-02 4.130286450255300501e+00
5.506710844706950603e+00 1.534845132581994231e-01 2.765600407931736449e+00
1.181122289624978672e+00 4.515212930146067505e-01 1.094619453614742000e+00
-3.122222995654296618e+00 7.692092991396243251e-01 -5.184247914418904646e-01
-6.453542665726048178e+00 1.029442880669993565e+00 -1.733523337778979823e+00
-8.806707031944755570e+00 1.219225368448801250e+00 -2.569841190136407327e+00
-1.017582756770510422e+01 1.326316099658052083e+00 -3.046695618856549714e+00
-1.055533768345205381e+01 1.339423702490059265e+00 -3.183208972436781359e+00
-9.940060468917728542e+00 1.248389610212517375e+00 -2.997953038091797140e+00
-8.325264397178482767e+00 1.044362168837415616e+00 -2.508586153594497770e+00
-5.706708203843993132e+00 7.199623672899353455e-01 -1.731484762446215520e+00
-2.080676873125213433e+00 2.694416290250611357e-01 -6.813704441313125360e-01
2.555989139054462900e+00 -3.111671892082017443e-01 6.290660479354648338e-01
7.219740591748734282e+00 -9.035443388850123991e-01 1.909898883298304817e+00
1.092240371571511126e+01 -1.381969868698434301e+00 2.890676845013321561e+00
1.366009770814616786e+01 -1.739055537691001296e+00 3.588438232018329899e+00
1.542942981281764503e+01 -1.969084690203014798e+00 4.018295628972925471e+00
1.622751057879305137e+01 -2.068145366162951415e+00 4.193069746071515169e+00
1.605199682802352967e+01 -2.034353775706501999e+00 4.122779884467713707e+00
1.490117711379268783e+01 -1.868208173616498602e+00 3.813930865477555443e+00
1.277386321761785126e+01 -1.572207134827616093e+00 3.269982368365552006e+00
9.669325215626857428e+00 -1.150575640066102467e+00 2.491676964233100033e+00
5.587263447284553486e+00 -6.090883540915343897e-01 1.477235976490362201e+00
1.341373716414455020e+00 -5.675920788175611159e-02 4.262155295333630578e-01
-2.253865660820462136e+00 4.019820328374279494e-01 -4.627892387843362543e-01
-5.197431564622406519e+00 7.680710601514076918e-01 -1.193339717998853633e+00
-7.488596849279913314e+00 1.043554511230277981e+00 -1.767221449031151526e+00
-9.126918561206451841e+00 1.231477377274978746e+00 -2.184579736478857726e+00
-1.011222985869546243e+01 1.335774213443920777e+00 -2.444058216475383460e+00
-1.044463429037851654e+01 1.361163510071536242e+00 -2.542939739220925865e+00
-1.012450121767027689e+01 1.313044582568327012e+00 -2.477288922745084498e+00
-9.152461255739178014e+00 1.197396404439776241e+00 -2.242095854613544326e+00
-7.529400730226618599e+00 1.020677844991878969e+00 -1.831420416531816864e+00
-5.679320500258339344e+00 8.281494441286285646e-01 -1.353810212395922363e+00
-4.025486384473669688e+00 6.596580117234307483e-01 -9.225722953355208755e-01
-2.567803915258028091e+00 5.136863570620187058e-01 -5.385598206704591551e-01
-1.306093175401743522e+00 3.885333674946563898e-01 -2.029449079796836197e-01
-2.400922708862850419e-01 2.823439543251368700e-01 8.282437819046428729e-02
6.305383106586448516e-01 1.931388962710794688e-01 3.170668624971953453e-01
1.306210287844076667e+00 1.188446902204309125e-01 4.979107807409234310e-01
1.787400994524929398e+00 5.732351974877601675e-02 6.233358475532623233e-01
2.074645520176197522e+00 6.403445736862798006e-03 6.912147359649690737e-01
2.168527516256271159e+00 -3.609110464570197685e-02 6.993538792676555760e-01
2.181647153111634818e+00 -7.582390907532576829e-02 6.826130483005938832e-01
2.226120466824237365e+00 -1.168238815833340105e-01 6.775579000694709197e-01
2.301820540840576967e+00 -1.588085537246539392e-01 6.845169720545609682e-01
2.408615826596582465e+00 -2.015135695353482415e-01 7.038032750491554079e-01
2.546372777929486908e+00 -2.446981684979779859e-01 7.357083621371656168e-01
2.714957028630861302e+00 -2.881411357359430214e-01 7.805057140000022375e-01
2.914231286616877803e+00 -3.316116825574575988e-01 8.384775868161955525e-01
3.144061607374286638e+00 -3.748907995330560960e-01 9.098936885947499498e-01
3.404319414770059726e+00 -4.177789865472325559e-01 9.950037487660687852e-01
3.694881767782380422e+00 -4.600955567612560193e-01 1.094038307853977265e+00
3.887338878665711484e+00 -4.855486268088672897e-01 1.167359477630665721e+00
3.853724542212916493e+00 -4.789235575814747015e-01 1.173479990422043429e+00
3.594598027919685634e+00 -4.415533657863538464e-01 1.109931636030090374e+00
3.110526932994198024e+00 -3.746224509968558158e-01 9.743625147289396438e-01
2.402083222391784290e+00 -2.791744298923750645e-01 7.645355310218289180e-01
1.469839612040105825e+00 -1.561196184848250845e-01 4.783268439792631721e-01
3.143662603272332490e-01 -6.242169043924519940e-03 1.137243156336498195e-01
-1.063772265587768828e+00 1.697931426100754149e-01 -3.311740014542160493e-01
-2.664019778702706898e+00 3.714343901609653553e-01 -8.581613373952854396e-01
-4.485831045439759635e+00 5.982362229597131265e-01 -1.468923606076256938e+00
-6.252615750914063852e+00 8.185801249122008905e-01 -2.073241333785732721e+00
-7.688699586469136982e+00 1.002083482278109505e+00 -2.577727072757752147e+00
-8.794906395292921175e+00 1.150094180429884316e+00 -2.979350308300786843e+00
-9.572048501281255284e+00 1.263786537584993042e+00 -3.275235051800800434e+00
-1.002092369332697430e+01 1.344170749787147345e+00 -3.462656742118094932e+00
-1.014231245974703199e+01 1.392102063795931821e+00 -3.539039305102403166e+00
-9.936975440958489614e+00 1.408289722182604509e+00 -3.501952382376787742e+00
-9.405651033803531291e+00 1.393305551062415937e+00 -3.349108910453782784e+00
-8.549053151060414635e+00 1.347592383013311856e+00 -3.078362909124186864e+00
-7.367869107524601446e+00 1.271472337918959861e+00 -2.687707501885927108e+00
-6.068220772926989248e+00 1.179309717430961468e+00 -2.249176093819966304e+00
-4.855641269980746522e+00 1.085083700060130996e+00 -1.836501781895564456e+00
-3.729934984411312549e+00 9.884878221334522097e-01 -1.450318879731175237e+00
-2.690910855815047853e+00 8.892583751750255949e-01 -1.091239610920037517e+00
-1.738381857047838874e+00 7.871720303991477374e-01 -7.598563076776474468e-01
-8.721636029070354290e-01 6.820433150951823453e-01 -4.567454231876085791e-01
-9.207143172916844309e-02 5.737193803102299539e-01 -1.824756257443387875e-01
6.020767266178919108e-01 4.620749983620159873e-01 6.239684724026953178e-02
1.210458766198868163e+00 3.470116545319938961e-01 2.773314389723290363e-01
1.733247617201581381e+00 2.284570738251969491e-01 4.618049645938339109e-01
2.210929405991335805e+00 1.070658430566978625e-01 6.344157231441107658e-01
2.683891078993203116e+00 -1.649788733536410035e-02 8.139785861081385576e-01
3.152155550415662422e+00 -1.422785563013422294e-01 1.000307926244307977e+00
3.615749735251993169e+00 -2.703278421957227007e-01 1.193216446432744604e+00
4.074704610843157937e+00 -4.007039346223357779e-01 1.392515375214224749e+00
4.529055275517109180e+00 -5.334708136569698000e-01 1.598014653407319852e+00
4.978841004643993706e+00 -6.686975320278633061e-01 1.809523114730212656e+00
5.424105302759800296e+00 -8.064575236098154853e-01 2.026848657675624388e+00
5.864895951233673799e+00 -9.468279220292604714e-01 2.249798414535638003e+00
6.301265051692167773e+00 -1.089888889779328185e+00 2.478178919052941076e+00
6.645647011765301038e+00 -1.212810646719652663e+00 2.668249226981429967e+00
6.810570866441732818e+00 -1.292522716256669923e+00 2.776201055506817283e+00
6.796207487663168401e+00 -1.328712305404913252e+00 2.801838403659278942e+00
6.602681273517512217e+00 -1.321022366436311435e+00 2.745092699151401749e+00
6.230068704119926970e+00 -1.269056013042881847e+00 2.606023631921833950e+00
5.678396965940783581e+00 -1.172381109687234080e+00 2.384820008262134028e+00
4.947642652232535632e+00 -1.030535018294124416e+00 2.081800615675075239e+00
4.037730548280789478e+00 -8.430294729408442933e-01 1.697415093503529260e+00
2.948532507349765908e+00 -6.093555824925447340e-01 1.232244797326623731e+00
1.679866425091191662e+00 -3.289889423480850672e-01 6.870036501295058162e-01
3.692656862650520178e-01 -3.217623962666010806e-02 1.196709085072568401e-01
-8.456806149312372511e-01 2.504025199704959515e-01 -4.121380043420472261e-01
-1.965101687361094474e+00 5.186188241187431602e-01 -9.082032653789485765e-01
-2.989107170325183471e+00 7.723291466820072504e-01 -1.368368014044966108e+00
-3.917786547079606052e+00 1.011376802821524201e+00 -1.792539320993554952e+00
-4.751205211637631542e+00 1.235589224618939719e+00 -2.180699177179088011e+00
-5.489389390549952452e+00 1.444760154367029426e+00 -2.532948246859843433e+00
-6.132329673451477170e+00 1.638657584589295002e+00 -2.849494033813595895e+00
-6.679986076409452522e+00 1.817033631061239385e+00 -3.130634450198317431e+00
-7.132291000666199032e+00 1.979631357865806018e+00 -3.376747591838681117e+00
-7.443483174840263672e+00 2.097142681259205332e+00 -3.551283904485297072e+00
-7.567543241181402536e+00 2.139901638914780690e+00 -3.618333249977292887e+00
-7.503961680224894515e+00 2.107151429955468114e+00 -3.579329577404115614e+00
-7.252190028568351821e+00 1.998204387570170715e+00 -3.435742458078034467e+00
-6.811649656716495471e+00 1.812460360005956561e+00 -3.189048271750310359e+00
-6.181740382979146631e+00 1.549424550145279245e+00 -2.840701085922133551e+00
-5.361848917274721238e+00 1.208724836108664658e+00 -2.392103269145644973e+00
-4.351357131752813245e+00 7.901286203452377865e-01 -1.844575891523533961e+00
-3.149650171899547768e+00 2.935592464513226418e-01 -1.199328967314861938e+00
-1.756124421336973773e+00 -2.808879478523551576e-01 -4.574316104266263339e-01
-3.229379006710180189e-01 -8.549888842495751984e-01 2.906597475427565302e-01
9.970249542320668290e-01 -1.350170709060848129e+00 9.560360862951300387e-01
2.203237597654369662e+00 -1.765727774487353852e+00 1.540038124205355130e+00
3.295159277641819706e+00 -2.101041670573519315e+00 2.043950960071144518e+00
4.272241013797906994e+00 -2.355593354971412978e+00 2.468979730784203852e+00
5.133931478939626203e+00 -2.528975078069097382e+00 2.816225216077629767e+00
5.879682820930560716e+00 -2.620902179596304560e+00 3.086659448339846623e+00
6.508956405187696248e+00 -2.631224921408155559e+00 3.281101443393274142e+00
7.021228560983260536e+00 -2.559940431041479503e+00 3.400193106068514215e+00
7.415996379861910626e+00 -2.407204873357573494e+00 3.444375393919329564e+00
7.696732244690875469e+00 -2.205000133010335706e+00 3.429793808379862252e+00
7.867119822916167848e+00 -1.985404616928535315e+00 3.372476785944957367e+00
7.927013626955626613e+00 -1.748937613324884177e+00 3.272436412915791237e+00
7.876299749156245866e+00 -1.496246902740026474e+00 3.129558503466870256e+00
7.714899810169728589e+00 -1.228117081035938529e+00 2.943592600391025993e+00
7.442782292746658257e+00 -9.455105667313388196e-01 2.714111661069498638e+00
7.059984652192907717e+00 -6.496513140492563565e-01 2.440440131873087726e+00
6.566586350413239792e+00 -3.418852681671742944e-01 2.121802652345008422e+00
5.962698366601846267e+00 -2.362320840715355363e-02 1.757380135489747364e+00
5.248460283194329890e+00 3.036804736261221604e-01 1.346328409299192730e+00
4.420532535568471033e+00 5.800115994047896351e-01 9.273040814258286524e-01
3.475797621221581757e+00 7.460899005281975693e-01 5.400806364446286700e-01
2.414721580724474848e+00 8.016563368898164121e-01 1.856007623253798089e-01
1.237730946831953283e+00 7.465969768996829625e-01 -1.350499667489604705e-01
-5.479236052937605517e-02 5.809418623306066287e-01 -4.206694900076699550e-01
-1.462515985027146082e+00 3.048632193586670591e-01 -6.699658981622587106e-01
-2.985161878097856381e+00 -8.132706861544257426e-02 -8.815842259800673597e-01
-4.622510804980131560e+00 -5.771808136689738911e-01 -1.054133282169048558e+00
-6.374406564893962290e+00 -1.182117761030007763e+00 -1.186212392068162647e+00
-8.240759895933191359e+00 -1.895430717607208493e+00 -1.276437966873456009e+00
-9.897903907289411052e+00 -2.588725009858357851e+00 -1.312300437032547062e+00
-1.102270523036697192e+01 -3.132182003699985451e+00 -1.282836178954846584e+00
-1.161588916780533864e+01 -3.523079885866447380e+00 -1.189029458528946037e+00
-1.167810270621652080e+01 -3.759022916328418340e+00 -1.031888550491358636e+00
-1.120989557529983571e+01 -3.837999728979665015e+00 -8.124411709706200746e-01
-1.021170142309684259e+01 -3.758441203804698816e+00 -5.317286542716459508e-01
-8.683819224358739319e+00 -3.519277935188538819e+00 -1.907992610991495752e-01
-6.626394982138739564e+00 -3.119997496943863524e+00 2.092988881930120115e-01
-4.039403921415765097e+00 -2.560701356414622154e+00 6.675247914096837931e-01
-9.226333124598482538e-01 -1.842161519852513640e+00 1.182850884337843134e+00
2.212812487582461518e+00 -1.079702108487597290e+00 1.667586349753428898e+00
4.855918658894040618e+00 -3.895211203317267001e-01 2.034701871258879802e+00
7.007155218647444173e+00 2.262498504499771135e-01 2.284302399293189900e+00
8.666862553885600562e+00 7.661731918154393028e-01 2.416661823168154477e+00
9.835234326075696032e+00 1.229580728500232478e+00 2.432240348523823315e+00
1.051228783183729476e+01 1.616709733412958983e+00 2.331724072610111165e+00
1.069780613310712525e+01 1.928946729572257990e+00 2.116084941237004191e+00
1.039138082796247353e+01 2.168614758936253661e+00 1.786482758195707454e+00
9.592451110481583498e+00 2.338815296018649459e+00 1.344215915201665279e+00
8.300331686601550629e+00 2.443325822174638784e+00 7.906969448275695811e-01
6.812035313301459283e+00 2.478161746786188502e+00 2.364126951491205553e-01
5.424896970579833777e+00 2.436506468195341668e+00 -2.093856001855665117e-01
4.138639803404291939e+00 2.318007280140449211e+00 -5.472963949188289767e-01
2.953008246717706786e+00 2.121913850137361557e+00 -7.781883767067859781e-01
1.867763325194141233e+00 1.847128262154351885e+00 -9.031672347678769697e-01
8.826782720275236915e-01 1.492254994562972392e+00 -9.235425861318486973e-01
-2.465356079524139155e-03 1.055650598306193677e+00 -8.407947206092514225e-01
-7.878809103315627116e-01 5.354728638065899826e-01 -6.565408783675112936e-01
-1.473779126838648867e+00 -7.027067986479010320e-02 -3.725008067675675827e-01
-2.060369758039751087e+00 -7.636750960075986416e-01 9.538601764044640774e-03
-2.508467979303262485e+00 -1.411591120734083216e+00 3.918202439663756032e-01
-2.778158484131576955e+00 -1.879497357352947207e+00 6.788529995548062690e-01
-2.868550933126905456e+00 -2.167428679357263466e+00 8.723329356484152974e-01
-2.778759506633960985e+00 -2.275358439248002185e+00 9.740772502014712897e-01
-2.507915847255598685e+00 -2.203205216335346162e+00 9.859880814952107775e-01
-2.055182438157626468e+00 -1.950838290496368366e+00 9.100163616545080547e-01
-1.419766415466964027e+00 -1.518081813506138023e+00 7.481256886179730170e-01
-6.009338245670374778e-01 -9.047176486778294446e-01 5.022562228977380805e-01
4.019757421872644509e-01 -1.104869933733962223e-01 1.742885272869694746e-01
1.589534162935505979e+00 8.649091323976410006e-01 -2.339926831630945170e-01
2.703847711021882816e+00 1.795016409008656000e+00 -6.218452411931865154e-01
3.485876480687730705e+00 2.453399383379209819e+00 -8.914866630604048048e-01
3.934477176357638939e+00 2.840325785626933719e+00 -1.045601813191060714e+00
4.048651304574677035e+00 2.955950893912230981e+00 -1.086760992071285514e+00
3.827569070968146470e+00 2.800304291247317501e+00 -1.017373181768320256e+00
3.270598759611515138e+00 2.373271765801573174e+00 -8.396299786788461450e-01
2.377335697431641748e+00 1.674573110538946974e+00 -5.554549212618228315e-01
1.147576639611197269e+00 7.037731015602679552e-01 -1.665572668932311373e-01
-4.186953119270306889e-01 -5.397151863735774047e-01 3.255323087808475457e-01
-2.321319685689136492e+00 -2.056630332792672267e+00 9.194378126953151042e-01
-4.168106583428672351e+00 -3.531927655556192036e+00 1.489451798616338252e+00
-5.566730105448423060e+00 -4.649806726280102609e+00 1.912369382356425396e+00
-6.516838164415291068e+00 -5.409795263368788021e+00 2.190482282112034440e+00
-7.018315612900213551e+00 -5.811216017896904340e+00 2.325875149822407728e+00
-7.071272311218265827e+00 -5.853188640316394853e+00 2.320455988649312129e+00
-6.676030983438321798e+00 -5.534632534862730324e+00 2.175986563649618510e+00
-5.833114882365289411e+00 -4.854270524037501922e+00 1.894112984710781156e+00
-4.543235288048651732e+00 -3.810633188308009789e+00 1.476396543800467587e+00
-2.807278813466349554e+00 -2.402063746354766494e+00 9.243450688703185314e-01
-6.262944983681870692e-01 -6.267233872964282915e-01 2.394449442330938982e-01
1.569445517097590281e+00 1.166202201406592698e+00 -4.413359603923168728e-01
3.350699799581020599e+00 2.625427288624503586e+00 -9.830016772373517675e-01
4.718028208570207660e+00 3.749680180443450084e+00 -1.386992496858687085e+00
5.672152161930034353e+00 4.537512899046987513e+00 -1.654715793099422516e+00
6.213943600327969108e+00 4.987303944912370390e+00 -1.787577634280488770e+00
6.344413636761665032e+00 5.097261432762367761e+00 -1.787015347432711287e+00
6.064700811461765539e+00 4.865426646747013528e+00 -1.654531137939464713e+00
5.376058864496284784e+00 4.289678009397790426e+00 -1.391727070066217653e+00
4.279843905250118929e+00 3.367735651978580158e+00 -1.000341319778118576e+00
2.777500847241378246e+00 2.097166733286638607e+00 -4.822857763561103628e-01
1.178531744374139878e+00 7.345946936723007914e-01 5.614741775669618296e-02
-2.089169220416859929e-01 -4.609927564354426299e-01 5.104121599865478753e-01
-1.385453477021194146e+00 -1.488522765660346359e+00 8.810999250663076321e-01
-2.351763509871724445e+00 -2.346807489043672312e+00 1.168859613377261297e+00
-3.108605612340710422e+00 -3.034542676311082765e+00 1.374417042172888292e+00
-3.656808120173625554e+00 -3.550299099579428130e+00 1.498609954979931880e+00
-3.997263982852412134e+00 -3.892502222689683933e+00 1.542464418014205751e+00
-4.130909155981632885e+00 -4.059471180332504758e+00 1.507180012425831439e+00
-4.058706794453255995e+00 -4.049449387834695102e+00 1.394111174050002067e+00
-3.781633829221187959e+00 -3.860627661380951370e+00 1.204757593524959480e+00
-3.445841968505618969e+00 -3.637255898044022828e+00 1.037131629224995910e+00
-3.195995566629253215e+00 -3.526440301757466589e+00 9.872295608639904962e-01
-3.030787140202055419e+00 -3.530741142972906310e+00 1.053524517017812689e+00
-2.948856449734402307e+00 -3.652830502740461061e+00 1.234361841754199940e+00
-2.948817034281163263e+00 -3.895448151950443805e+00 1.527976362553625789e+00
-3.029282066140815743e+00 -4.261358332332450871e+00 1.932512187462698705e+00
-3.188889414067047845e+00 -4.753307547060206417e+00 2.446045191957373355e+00
-3.426325785274658919e+00 -5.373983545184501054e+00 3.066608156772023364e+00
-3.740349907038087451e+00 -6.125975544336623280e+00 3.792218648930745672e+00
-4.129814691205485389e+00 -7.011735773357772317e+00 4.620909568160111114e+00
-4.432241297157966109e+00 -7.765423865195662856e+00 5.341212427626533810e+00
-4.488397156190891302e+00 -8.114523584645732868e+00 5.747696839698765991e+00
-4.301932054145300555e+00 -8.051526611228696950e+00 5.847509275572061682e+00
-3.876256658999881033e+00 -7.569263781014729631e+00 5.647757033007790639e+00
-3.214490990177828689e+00 -6.661002171118123982e+00 5.155391762281041679e+00
-2.319416249567106458e+00 -5.320537357053670036e+00 4.377087386480161157e+00
-1.193429694684502218e+00 -3.542281158557995191e+00 3.319113253900493721e+00
1.614979948209830374e-01 -1.321345334164922170e+00 1.987203527373640588e+00
1.743863149353839459e+00 1.346378240777749813e+00 3.864237847081656296e-01
3.552668014805139940e+00 4.464140141175438004e+00 -1.478964008943242314e+00
5.260589172237311928e+00 7.449499552055817375e+00 -3.226966697269139317e+00
6.543479029418351800e+00 9.711980682131112985e+00 -4.485440475769865820e+00
7.404897112112768909e+00 1.124296885595151707e+01 -5.264794204823673773e+00
7.847590855451320735e+00 1.203520639087790656e+01 -5.574268420647442213e+00
7.873432696535210162e+00 1.208291661301197628e+01 -5.421715738967641585e+00
7.483322252300267152e+00 1.138197461715668268e+01 -4.813327051243154742e+00
6.677083420900739696e+00 9.930086479399617971e+00 -3.753318050723499333e+00
5.453699125020326832e+00 7.726504152968558969e+00 -2.244147622767961092e+00
3.811478036745416187e+00 4.771833618725667137e+00 -2.866605530099624044e-01
1.748176269232034619e+00 1.067905343748456026e+00 2.119823626912089587e+00
-3.142097179547469477e-01 -2.601796182136275171e+00 4.457884062160385241e+00
-1.951447118925711433e+00 -5.453946990558166341e+00 6.211648516827938060e+00
-3.162141794591303512e+00 -7.487520299070251184e+00 7.383919157733171978e+00
-3.944120486530693803e+00 -8.703118702014268848e+00 7.975788828490156135e+00
-4.294580271214729628e+00 -9.102819710412124010e+00 7.986755545932509470e+00
-4.210235600132143929e+00 -8.690026055518025316e+00 7.414840103900777635e+00
-3.687463996712560199e+00 -7.469319617855527227e+00 6.256704872288826103e+00
-2.722451424851231039e+00 -5.446317940320486883e+00 4.507772080032448336e+00
-1.311338171516845730e+00 -2.627532365910016932e+00 2.162340155696022226e+00
5.496339691875057332e-01 9.797730524890322368e-01 -7.863031080125656436e-01
2.452258790492184204e+00 4.598022775610641766e+00 -3.740405068770931152e+00
3.983098945491996723e+00 7.458143801472892243e+00 -6.094850718444072335e+00
5.137850157221708791e+00 9.565919449006230479e+00 -7.845256416611092298e+00
5.912233801982051062e+00 1.092798680728711069e+01 -8.986288847761478848e+00
6.302154272230771070e+00 1.155168773330674625e+01 -9.511771746668534533e+00
6.303859342660778964e+00 1.144491864463051911e+01 -9.414786882375345556e+00
5.914103916748982392e+00 1.061597872028756839e+01 -8.687768967166704215e+00
5.130317487847720237e+00 9.073416577195496657e+00 -7.322593930526543282e+00
3.950775563299134152e+00 6.825874858823559599e+00 -5.310661108925752494e+00
2.374775244704787625e+00 3.881932590769925362e+00 -2.642969721633838365e+00
7.401470052288857682e-01 8.662485043134781071e-01 1.249052837532499405e-01
-6.133764134401828994e-01 -1.606581098975327970e+00 2.427445820437688084e+00
-1.683229531309758498e+00 -3.543286202908413340e+00 4.258733602678889341e+00
-2.467566554961818426e+00 -4.950595819235210193e+00 5.612545216620892674e+00
-2.965399177059808267e+00 -5.835115493863249903e+00 6.482403282618956375e+00
-3.176795965541995059e+00 -6.203169413294741474e+00 6.861628650809436181e+00
-3.103192830786385414e+00 -6.060579035772213352e+00 6.743397173598149941e+00
-2.747233079553689894e+00 -5.412715012596080122e+00 6.120772019797113828e+00
-2.112608437657119698e+00 -4.264547544191757744e+00 4.986743889457243561e+00
-1.203947183983938185e+00 -2.620667732111027881e+00 3.334277543479512662e+00
-2.462491651418116101e-01 -8.719614035638728611e-01 1.531819511664537670e+00
5.395355878427636753e-01 5.953364427987131169e-01 -4.495419295023261874e-02
1.154596960628275548e+00 1.783723671459502391e+00 -1.392154037685258139e+00
1.600602336154033578e+00 2.695524793447774403e+00 -2.505847250781056523e+00
1.879641322528445180e+00 3.332902483259541970e+00 -3.382086977715267118e+00
1.994169824508566169e+00 3.697868193512714008e+00 -4.016941904038325184e+00
1.946953361575168628e+00 3.792291874745915337e+00 -4.406526061506565561e+00
1.741009603219957125e+00 3.617910774899561144e+00 -4.547028580984923352e+00
1.379550022286363031e+00 3.176337379585671528e+00 -4.434743158793309270e+00
8.659206177695720763e-01 2.469066548969867103e+00 -4.066097031473505652e+00
3.335517786544111019e-01 1.662563147581489265e+00 -3.488623498724057193e+00
-8.559486868124710490e-02 9.233251052985164131e-01 -2.753276878569936414e+00
-3.902573088455855155e-01 2.526860310414012489e-01 -1.861781742841876586e+00
-5.791370961879898083e-01 -3.482216742873999182e-01 -8.159038844191117690e-01
-6.509191083283749624e-01 -8.784759728404687440e-01 3.825697646520433981e-01
-6.042908838475258282e-01 -1.337374373462443256e+00 1.731851441887667375e+00
-4.379615346546282817e-01 -1.724443174877226426e+00 3.230173078114392915e+00
-1.506802946038452440e-01 -2.039446753371952248e+00 4.875807028709307822e+00
2.587452153615292794e-01 -2.282396868599232409e+00 6.667087005768542518e+00
7.914309714356151382e-01 -2.453562001423329697e+00 8.602429176572471192e+00
1.335473390154056528e+00 -2.523594089998101531e+00 1.027815974317313952e+01
1.773538215000848517e+00 -2.464851409196063603e+00 1.129209367117841367e+01
2.098765052709449908e+00 -2.279833898465422948e+00 1.164511965115082148e+01
2.304688066589980266e+00 -1.970321074440860354e+00 1.133826330124979620e+01
2.385354677712212546e+00 -1.537354580719012764e+00 1.037265938524658182e+01
2.335479535887786007e+00 -9.812273175843173600e-01 8.749513055873880063e+00
2.150587599679630202e+00 -3.014647183583897272e-01 6.470053329770892425e+00
1.826814665405410043e+00 5.032599565665046848e-01 3.535574345967359644e+00
1.360818447337283521e+00 1.435183216971247289e+00 -5.254068604020634137e-02
7.497380068179172463e-01 2.497498382557898022e+00 -4.292804428188919275e+00
1.156810585339518305e-01 3.513621419686996816e+00 -8.409424142026750815e+00
-4.131964063637449946e-01 4.304612714395357642e+00 -1.162814362518749967e+01
-8.309648271034735245e-01 4.870044058872047721e+00 -1.394989205603990889e+01
-1.132463849121292832e+00 5.208307399772868607e+00 -1.537582397186257666e+01
-1.313244888506284624e+00 5.316547545656007401e+00 -1.590734424844100303e+01
-1.369515493988830990e+00 5.190596223337751169e+00 -1.554613661849911210e+01
-1.298085462081987274e+00 4.824907430300525490e+00 -1.429419595340507421e+01
-1.096314545429819098e+00 4.212494098928225128e+00 -1.215386455445415059e+01
-7.620618038997943877e-01 3.344866036289059874e+00 -9.127872730536708445e+00
-2.936365142780270610e-01 2.211969183113680071e+00 -5.219383955047124601e+00
2.310502709784870157e-01 1.023531530012233182e+00 -1.167704660149917029e+00
7.317388824192424535e-01 -1.763929141221975971e-03 2.290757648190675511e+00
1.206560227530170781e+00 -8.610495713422670061e-01 5.157039817502480972e+00
1.653980652946071661e+00 -1.550492337696461664e+00 7.432475945946009688e+00
2.072768615868568087e+00 -2.065250825482786823e+00 9.118727813987412389e+00
2.461962280883748466e+00 -2.399433457865401298e+00 1.021781880986622859e+01
2.820838006360302241e+00 -2.546057846889249632e+00 1.073217159335021442e+01
3.148879453454925592e+00 -2.497011619007452499e+00 1.066464977586828233e+01
3.445747390664564591e+00 -2.243014780333648872e+00 1.001860388888434983e+01
3.711250126914611869e+00 -1.773583819733799860e+00 8.797921929610183156e+00
3.887954428600608026e+00 -1.219899254766182217e+00 7.301918549923866131e+00
3.918127290089200798e+00 -7.187763881112376740e-01 5.827100221687272708e+00
3.801194491840127476e+00 -2.672392335355676662e-01 4.373544094905154722e+00
3.536555867297983546e+00 1.377192291974726757e-01 2.941265745434946233e+00
3.123590565605355085e+00 4.991266260304226821e-01 1.530227887932024133e+00
2.561662856413198242e+00 8.200182194628244936e-01 1.403481427686782412e-01
1.850152250429357714e+00 1.103350016171109615e+00 -1.228521807301230284e+00
9.884915165588473718e-01 1.351884706000244574e+00 -2.576630588895017393e+00
-2.383211434505283499e-02 1.568186031867695451e+00 -3.904324492411094472e+00
-1.187280841288569366e+00 1.754628826020752319e+00 -5.212040401528756917e+00
-2.321587304354740589e+00 1.923589662362148012e+00 -6.369088133731869661e+00
-3.245452048861188210e+00 2.079220079651517672e+00 -7.245685882940287925e+00
-3.957800308509427989e+00 2.211092044294315606e+00 -7.843879831210805342e+00
-4.457664115774880642e+00 2.308413641730151511e+00 -8.165977014150982427e+00
-4.744202281795415921e+00 2.360125307678266005e+00 -8.214537183313186830e+00
-4.816719163186697905e+00 2.354995103438507265e+00 -7.992358433299632026e+00
-4.674682189326311743e+00 2.281712743115989817e+00 -7.502456382759719489e+00
-4.317738063393028014e+00 2.128982261809638565e+00 -6.748036782216055407e+00
-3.745727697144361379e+00 1.885612910960877464e+00 -5.732461519200624522e+00
-2.958699856911862547e+00 1.540608049109290389e+00 -4.459208088970843420e+00
-2.096848999225311871e+00 1.140448416359945982e+00 -3.120930993821114718e+00
-1.300569948726608249e+00 7.420022289289549544e-01 -1.907243017926938400e+00
-5.703100542347275814e-01 3.500878754878858357e-01 -8.169996226833102781e-01
9.355462480783131862e-02 -3.045232301555952578e-02 1.510629140031604645e-01
6.907256366368852429e-01 -3.947918440647120164e-01 9.983126294611585072e-01
1.220987872635058036e+00 -7.381587311734549850e-01 1.726204293262177059e+00
1.684214713110999684e+00 -1.055873361848764347e+00 2.336259233184493134e+00
2.080372622013644257e+00 -1.343385100725740244e+00 2.830042743389782345e+00
2.409525197759867510e+00 -1.596307842792950238e+00 3.209139271382920544e+00
2.671836683966466452e+00 -1.810454501680635930e+00 3.475125603386254092e+00
2.893303851800165916e+00 -1.997395010356124878e+00 3.668024761312255855e+00
3.099805249570079191e+00 -2.170520930645981394e+00 3.827309138191566262e+00
3.291427333972102964e+00 -2.328603565099007788e+00 3.953698072898299110e+00
3.468288561024085670e+00 -2.470497842630019036e+00 4.047894110709033377e+00
3.630539777282877800e+00 -2.595150996872011007e+00 4.110572739986149138e+00
3.778381187913840478e+00 -2.701651118206354063e+00 4.142330549076026713e+00
3.912113081233996148e+00 -2.789353999577957488e+00 4.143540278009501421e+00
4.032083359479910811e+00 -2.857759271654661593e+00 4.114453882494867543e+00
4.138664298713184309e+00 -2.906460153060682394e+00 4.055246503293482796e+00
4.232245692654559299e+00 -2.935133142340347945e+00 3.966022972112260181e+00
4.302697294775009063e+00 -2.944990143891175194e+00 3.849658784254469612e+00
4.339860898141914447e+00 -2.937145944915047213e+00 3.708935478660283280e+00
4.344092356962006463e+00 -2.911219833189580886e+00 3.543736802205303071e+00
4.315741832512951071e+00 -2.866869348952459262e+00 3.353911875973965451e+00
4.255148517825585230e+00 -2.803784674935669852e+00 3.139284705440374523e+00
4.162635385471837424e+00 -2.721682962240899784e+00 2.899663865142663166e+00
4.038503963817193565e+00 -2.620302545756980628e+00 2.634852328131900290e+00
3.883029068459024735e+00 -2.499397205319493498e+00 2.344657349241507038e+00
3.696453567060322243e+00 -2.358730245800415126e+00 2.028900469260446204e+00
3.478983175179285681e+00 -2.198068425122697622e+00 1.687427613850491337e+00
3.220437260363191001e+00 -2.008711879451342774e+00 1.328614964102305507e+00
2.910709227461899751e+00 -1.781811816968792428e+00 9.608904693560589294e-01
2.550044462647153232e+00 -1.516909755733424570e+00 5.842560094981047447e-01
2.138631388832268332e+00 -1.213547954899303560e+00 1.987997582253970552e-01
1.676596641210139627e+00 -8.712707849953662542e-01 -1.952848437955287120e-01
1.164000297830632746e+00 -4.896262065165498112e-01 -5.976799167448411110e-01
6.008312431373918905e-01 -6.816743840095540463e-02 -1.007923763218201874e+00
-1.299726081164404023e-02 3.935451340917948126e-01 -1.425391288667756662e+00
-6.776518089975559489e-01 8.959415497015170704e-01 -1.849274153395434883e+00
-1.393382791574637958e+00 1.439439230903361899e+00 -2.278560658722097898e+00
-2.038954849478874287e+00 1.932631526075692108e+00 -2.641923158894027956e+00
-2.493589537465124906e+00 2.282523394960640939e+00 -2.869245562755369683e+00
-2.758033527562633758e+00 2.487132484382880371e+00 -2.961504738073259979e+00
-2.832690494459438657e+00 2.544461752652364073e+00 -2.920197946105271392e+00
-2.717593831273533933e+00 2.452475157424397256e+00 -2.747421313117893948e+00
-2.412362232369042125e+00 2.209057554497217524e+00 -2.445985908261161246e+00
-1.916146357356795171e+00 1.811965181399554314e+00 -2.019553498914700818e+00
-1.227738352488950246e+00 1.258934896306272311e+00 -1.472448477327303662e+00
-3.456364478480360991e-01 5.477427388695632615e-01 -8.095442266318011448e-01
7.319129438271969601e-01 -3.237607754542390359e-01 -3.618981491104959758e-02
1.827028066127332373e+00 -1.210438860284750229e+00 7.205453459271005112e-01
2.760171992048622513e+00 -1.964327695598626189e+00 1.339234928263289159e+00
3.530558275060301288e+00 -2.583250808385010089e+00 1.823117362890838367e+00
4.137110376848797344e+00 -3.065026764849157814e+00 2.175940769036867728e+00
4.578501328139380711e+00 -3.407504672663793421e+00 2.401897364648934108e+00
4.853192557086494219e+00 -3.608598083032836357e+00 2.505556263439729037e+00
4.959471718298198439e+00 -3.666316800672760667e+00 2.491794541323782752e+00
4.895489322152269729e+00 -3.578796287512796770e+00 2.365726452916361300e+00
4.659294081380190633e+00 -3.344324220973040163e+00 2.132630822954721062e+00
4.248866868221866433e+00 -2.961363929299718034e+00 1.797876647970715780e+00
3.799046677609897671e+00 -2.541608669788339991e+00 1.446608712251522988e+00
3.446660869795481030e+00 -2.198303753800410654e+00 1.158553703657036804e+00
3.192668795781123947e+00 -1.932313103487135697e+00 9.309276788373559430e-01
3.038062891046133362e+00 -1.744406609286767829e+00 7.609229991712977981e-01
2.983852453093806201e+00 -1.635252797191296903e+00 6.457514558221759682e-01
3.031048285823554345e+00 -1.605413322186667990e+00 5.826880580393882791e-01
3.180648204993709260e+00 -1.655339200130348409e+00 5.691153914681497117e-01
3.433623277067452850e+00 -1.785368861479436964e+00 6.025684193155929069e-01
3.790904827274035771e+00 -1.995727698609161216e+00 6.807796384143071089e-01
4.253372105972767159e+00 -2.286528958556788282e+00 8.017244736290662921e-01
4.720622587354934119e+00 -2.567404900298825954e+00 9.161377127110787999e-01
5.090928788938579252e+00 -2.747751545660433337e+00 9.780215801976339662e-01
5.363184550232245051e+00 -2.827350475593112922e+00 9.902655063809280289e-01
5.536358576508579432e+00 -2.806122231022301072e+00 9.554557590882474249e-01
5.609507367987230708e+00 -2.684123225462723639e+00 8.758243498693024653e-01
5.581794066714182101e+00 -2.461543207567642444e+00 7.531495017368949885e-01
5.452510640594750768e+00 -2.138694036178532265e+00 5.885870201111869093e-01
5.221048788744680813e+00 -1.715977824612574532e+00 3.828525610271200641e-01
4.886888160737091091e+00 -1.193866472446821092e+00 1.363067653999522899e-01
4.449592789321794584e+00 -5.728855546491138373e-01 -1.510106371899748723e-01
3.965649031627365151e+00 7.281742571549609799e-02 -4.495023916293391375e-01
3.492151625756124034e+00 6.693260127378223290e-01 -7.302145158516095691e-01
3.029610598498205576e+00 1.216472890963970377e+00 -9.941530757537374585e-01
2.578495346333133487e+00 1.714148636831498873e+00 -1.242150189399964022e+00
2.139235730761099852e+00 2.162296055392095795e+00 -1.474875877726217643e+00
1.712222897991787285e+00 2.560905047170860094e+00 -1.692850150979264612e+00
1.297809873881890397e+00 2.910007910799602637e+00 -1.896455286227197057e+00
8.963119828625654151e-01 3.209674992928951198e+00 -2.085948257942123796e+00
5.080071335230889051e-01 3.460010602023951165e+00 -2.261473294875909534e+00
1.331360116287877426e-01 3.661149115312845481e+00 -2.423074529357640117e+00
-2.506965863903285463e-01 3.821977702013199529e+00 -2.562545128496648950e+00
-6.659728559757572830e-01 3.951367564889026962e+00 -2.671707187380874871e+00
-1.112639121519015450e+00 4.049486198870505760e+00 -2.750555907766353947e+00
-1.590674433261806575e+00 4.116543908547203756e+00 -2.799057454567649650e+00
-2.100087929426162958e+00 4.152787701410628252e+00 -2.817152529148993167e+00
-2.640916146949260579e+00 4.158495195636912278e+00 -2.804759889600255462e+00
-3.213220272928652754e+00 4.133968538595284237e+00 -2.761779797901977140e+00
-3.817083384041490390e+00 4.079528301114876854e+00 -2.688097367495703605e+00
-4.452607625835706351e+00 3.995507353592202548e+00 -2.583585800728799065e+00
-5.119911339566695752e+00 3.882244720312880482e+00 -2.448109508569000337e+00
-5.706508484203037135e+00 3.725796382154225928e+00 -2.304226613927328415e+00
-6.099841070191644121e+00 3.512068415283655654e+00 -2.174037483321089592e+00
-6.299972203511361002e+00 3.241083691179365456e+00 -2.056775552559181097e+00
-6.307006574999125981e+00 2.912737240544089889e+00 -1.951786841479152379e+00
-6.121093423785247900e+00 2.526792813472227728e+00 -1.858565717906287773e+00
-5.742427275169315060e+00 2.082853952298541866e+00 -1.776828079198979227e+00
-5.171237676740003231e+00 1.580298311915567133e+00 -1.706612172164752472e+00
-4.407783088817574857e+00 1.018385149323569827e+00 -1.648089444244780433e+00
-3.452345157610659854e+00 3.963006310646327024e-01 -1.601485540773649019e+00
-2.305221873702350877e+00 -2.868249600531658228e-01 -1.567046749651022530e+00
-1.156954546080428026e+00 -9.577903333283332987e-01 -1.538129259133345084e+00
-1.977632994715724513e-01 -1.542557327307628734e+00 -1.508127489069901905e+00
5.725807269728213633e-01 -2.040692456302286573e+00 -1.477222925092700478e+00
1.154355895127277210e+00 -2.451665847204846926e+00 -1.445471311410060578e+00
1.547881405694014223e+00 -2.774870309793901590e+00 -1.412841943380528154e+00
1.753508585048674906e+00 -3.009640284920440223e+00 -1.379257075652632336e+00
1.771612098283764647e+00 -3.155270614706717325e+00 -1.344631476185459196e+00
1.602581074812013062e+00 -3.211035114051052020e+00 -1.308912139327756519e+00
1.246810164492946793e+00 -3.176204932767265454e+00 -1.272118177442287168e+00
7.046905539717374101e-01 -3.050066731270978160e+00 -1.234380895395950972e+00
7.495084493290081473e-02 -2.857517152824799567e+00 -1.191296753153240129e+00
-5.438470760578054675e-01 -2.624004597333907451e+00 -1.138344228683256576e+00
-1.151590241441710072e+00 -2.349674055675951667e+00 -1.075636785484648472e+00
-1.748196451362141746e+00 -2.034678799701259866e+00 -1.003361564951546603e+00
-2.333619024124778729e+00 -1.679177084733228797e+00 -9.217867182501420231e-01
-2.907851392660141254e+00 -1.283328970230705579e+00 -8.312687418100644932e-01
-3.470931517977573488e+00 -8.472932995469879547e-01 -7.322598412691688763e-01
-4.022946081597431167e+00 -3.712249497062643511e-01 -6.253153116267829992e-01
-4.564034454677946329e+00 1.447276132123915815e-01 -5.111009802544003167e-01
-5.094392407059839201e+00 7.004244066879853348e-01 -3.904007389715348220e-01
-5.614275521954642301e+00 1.295735551449545664e+00 -2.641241886267623462e-01
-6.124002282497482241e+00 1.930542355479770711e+00 -1.333144233173992887e-01
-6.623956793715763958e+00 2.604737773789215893e+00 8.440186328610432831e-04
-7.114591100394027201e+00 3.318226149582355955e+00 1.370170107201689191e-01
-7.596427057789560067e+00 4.070922136535037872e+00 2.737124770332861612e-01
-8.070025788080400275e+00 4.862790375586897973e+00 4.094059537913783409e-01
-8.535845564347756209e+00 5.693973629055014030e+00 5.430574746286396248e-01
-8.994250477721831061e+00 6.564674266531512536e+00 6.739292611144441780e-01
-9.445520945627698950e+00 7.475109979102358082e+00 8.015019039585125071e-01
-9.889844253954242603e+00 8.425510794261285241e+00 9.254958575484686367e-01
-1.032730569644932039e+01 9.416117141356984632e+00 1.045893447415312760e+00
-1.075788016709975281e+01 1.044717870732849896e+01 1.162961347911324772e+00
-1.118142404070062312e+01 1.151895377738548909e+01 1.277273472488098083e+00
-1.159766715472897580e+01 1.263170870945166691e+01 1.389734207008895384e+00
