-5.191837324934421360e+01 -4.675264415448276090e+00 4.707054756555005604e+00
-4.585486030133708368e+01 -4.121545136094455053e+00 4.150352280034754315e+00
-4.013257890955984664e+01 -3.598360692709896558e+00 3.624884465792631794e+00
-3.475152907401248115e+01 -3.105711085294599272e+00 3.130651313828634041e+00
-2.971171079469499432e+01 -2.643596313848563195e+00 2.667652824142763279e+00
-2.501312407160740037e+01 -2.212016378371790992e+00 2.235888996735019951e+00
-2.065576890474967087e+01 -1.810971278864278666e+00 1.835359831605402503e+00
-1.663964529412182003e+01 -1.440461015326027994e+00 1.466065328753911379e+00
-1.296475323972384786e+01 -1.100485587757039196e+00 1.128005488180547244e+00
-9.631092741555763226e+00 -7.910449961573131628e-01 8.211803098853098781e-01
-6.638663799617553707e+00 -5.121392405268483383e-01 5.455897938681988357e-01
-3.987466413909233065e+00 -2.637683208656460554e-01 3.012339401292156715e-01
-1.677500584430779984e+00 -4.593223717370459314e-02 8.811274866835788755e-02
2.912336888177931016e-01 1.413690105489750770e-01 -9.377378051437329498e-02
1.918736405836483527e+00 2.981354223023927053e-01 -2.444256474189774320e-01
3.205007566625288629e+00 4.243669980865480973e-01 -3.638428520454544679e-01
4.150047171184223060e+00 5.200637379014423356e-01 -4.520253943938055685e-01
4.753855219513272168e+00 5.852256417470743655e-01 -5.089732744640296236e-01
5.016431711612445277e+00 6.198527096234448530e-01 -5.346864922561275213e-01
4.937776647481737058e+00 6.239449415305532431e-01 -5.291650477700982069e-01
4.517890027121151064e+00 5.975023374684005351e-01 -4.924089410059425687e-01
3.756771850530684631e+00 5.405248974369853965e-01 -4.244181719636600514e-01
2.654422117710339535e+00 4.530126214363088266e-01 -3.251927406432515433e-01
1.210840828660112223e+00 3.349655094663700483e-01 -1.947326470447154900e-01
-5.739720166199884233e-01 1.863835615271700608e-01 -3.303789116805333492e-02
-2.700016418129975726e+00 7.266777618707864761e-03 1.598915269867355882e-01
-4.889179965185370236e+00 -1.826608744624207969e-01 3.602898462677209812e-01
-6.863349418261363688e+00 -3.636753681375614056e-01 5.443912346954190573e-01
-8.622524777357796211e+00 -5.357767034067026923e-01 7.121956922698164938e-01
-1.016670604247466159e+01 -6.989648802698439356e-01 8.637032189909125135e-01
-1.149589321361198202e+01 -8.532398987269873558e-01 9.989138148587090038e-01
-1.261008629076973797e+01 -9.986017587781309546e-01 1.117827479873204632e+00
-1.350928527394794187e+01 -1.135050460423276064e+00 1.220444214034399844e+00
-1.419349016314658307e+01 -1.262586003662421241e+00 1.306764017342294304e+00
-1.466270095836566867e+01 -1.381208388495567707e+00 1.376786889796888236e+00
-1.491691765960519334e+01 -1.490917614922714574e+00 1.430512831398181417e+00
-1.489648334608717839e+01 -1.576275779178722747e+00 1.459771646143625645e+00
-1.454174088368362661e+01 -1.621844922288143032e+00 1.456393108811741222e+00
-1.385269027239449180e+01 -1.627625044250963660e+00 1.420377219402522373e+00
-1.282933151221977042e+01 -1.593616145067184409e+00 1.351723977915968211e+00
-1.147166460315946779e+01 -1.519818224736805945e+00 1.250433384352079624e+00
-9.779689545213589241e+00 -1.406231283259827602e+00 1.116505438710856390e+00
-7.753406338382120566e+00 -1.252855320636249159e+00 9.499401409922981765e-01
-5.392814982665065315e+00 -1.059690336866070837e+00 7.507374911964044273e-01
-2.697915478062427930e+00 -8.267363319492930795e-01 5.188974893231764751e-01
3.312921754257942553e-01 -5.539933058859149995e-01 2.544201353726132098e-01
3.235944915345380313e+00 -2.838036615491292269e-01 -1.707366944356956441e-03
5.557179132234497665e+00 -5.850985228822472295e-02 -2.084977650562326590e-01
7.294994826093129880e+00 1.218881218967970692e-01 -3.659510589630125543e-01
8.449391996921267634e+00 2.573902610059349838e-01 -4.740672486646954065e-01
9.020370644718905595e+00 3.479965650391890764e-01 -5.328463341612814652e-01
9.007930769486042877e+00 3.937070339965589305e-01 -5.422883154527700089e-01
8.412072371222684808e+00 3.945216678780447683e-01 -5.023931925391617037e-01
7.232795449928829612e+00 3.504404666836467563e-01 -4.131609654204564386e-01
5.470100005604473736e+00 2.614634304133647280e-01 -2.745916340966539915e-01
3.123986038249621622e+00 1.275905590671986833e-01 -8.668519856775458443e-02
7.565686247799635611e-01 -1.546323336956700358e-02 9.967872456787933710e-02
-1.070034477511255133e+00 -1.319828626094130264e-01 2.336202760986058058e-01
-2.355823268623273403e+00 -2.219683286522911858e-01 3.151394560243552245e-01
-3.100797748556066047e+00 -2.854196314981999882e-01 3.442362643451259419e-01
-3.304957917309637061e+00 -3.223367711471394892e-01 3.209107010609179578e-01
-2.968303774883985113e+00 -3.327197475991096609e-01 2.451627661717313278e-01
-2.090835321279108427e+00 -3.165685608541105589e-01 1.169924596775659964e-01
-6.725525564950087798e-01 -2.738832109121420721e-01 -6.360021842157814742e-02
1.286544519468315606e+00 -2.046636977732042562e-01 -2.966152681257010482e-01
3.786455906610862954e+00 -1.089100214372971664e-01 -5.820526894348025948e-01
6.231798600309821801e+00 -1.020195843447558801e-02 -8.578983280370163778e-01
8.027188176437627831e+00 6.788065848659570467e-02 -1.062137881767100556e+00
9.172624634994065218e+00 1.253378293259082288e-01 -1.194771350625032813e+00
9.668107975979138402e+00 1.621695540834618143e-01 -1.255798734610813039e+00
9.513638199392856265e+00 1.783758327592572801e-01 -1.245220033724443232e+00
8.709215305235206372e+00 1.739566653532940710e-01 -1.163035247965921393e+00
7.254839293506195830e+00 1.489120518655722147e-01 -1.009244377335248188e+00
5.150510164205816643e+00 1.032419922960916836e-01 -7.838474218324232856e-01
2.396227917334074142e+00 3.694648664485247758e-02 -4.868443814574470174e-01
-1.008007447109035226e+00 -4.997446508814543109e-02 -1.182352562103187177e-01
-4.312770905344893713e+00 -1.378315031324957585e-01 2.286497872896817996e-01
-6.768637433594881792e+00 -2.069352677177921374e-01 4.604805824232747202e-01
-8.375607031859006568e+00 -2.572857588440346510e-01 5.772571291904607937e-01
-9.133679700137255608e+00 -2.888829765112231329e-01 5.789794275912388821e-01
-9.042855438429644011e+00 -3.017269207193578606e-01 4.656474776256104287e-01
-8.103134246736164670e+00 -2.958175914684386676e-01 2.372612792935744341e-01
-6.314516125056840679e+00 -2.711549887584659979e-01 -1.061791674048646605e-01
-3.677001073391636510e+00 -2.277391125894392410e-01 -5.646738624697136277e-01
-1.905890917405628215e-01 -1.655699629613585910e-01 -1.138222805900970247e+00
4.144719819896050872e+00 -8.464753987423090376e-02 -1.826825997698589665e+00
8.404207618008831204e+00 -4.439182625671040869e-03 -2.504480578247754607e+00
1.166315846378440924e+01 5.558781590038390508e-02 -3.045183988347384130e+00
1.392157235722278230e+01 9.543345570393385602e-02 -3.448936227997478898e+00
1.517944929832395218e+01 1.150977367849788102e-01 -3.715737297198037581e+00
1.543678928708792064e+01 1.145806591435187954e-01 -3.845587195949060177e+00
1.469359232351468592e+01 9.388222277955382555e-02 -3.838485924250548020e+00
1.294985840760424622e+01 5.300242769308388668e-02 -3.694433482102499333e+00
1.020558753935659979e+01 -8.058726115891090558e-03 -3.413429869504915448e+00
6.460779718771803459e+00 -8.930123864736994044e-02 -2.995475086457802583e+00
1.715434945851006532e+00 -1.907251099013231310e-01 -2.440569132961267762e+00
-3.152847123811288732e+00 -2.901627685855673877e-01 -1.833221920980642405e+00
-7.266471019328160530e+00 -3.654467491107905031e-01 -1.257942959507908354e+00
-1.062543674069960886e+01 -4.165770514769923660e-01 -7.147322485430659400e-01
-1.322974428792563906e+01 -4.435536756841732542e-01 -2.035897880861145537e-01
-1.507939366100623957e+01 -4.463766217323328345e-01 2.754844218629449726e-01
-1.617438485994141928e+01 -4.250458896214712734e-01 7.224903813041131384e-01
-1.651471788473116931e+01 -3.795614793515885710e-01 1.137428090237389888e+00
-1.610039273537549676e+01 -3.099233909226846162e-01 1.520297548662775444e+00
-1.493140941187440696e+01 -2.161316243347596588e-01 1.871098756580269029e+00
-1.300776791422789103e+01 -9.818617958781350463e-02 2.189831713989871087e+00
-1.074777397898420084e+01 1.282303205908990815e-02 2.382214468429921794e+00
-8.569735337331746194e+00 8.580595109841666901e-02 2.353964617866709297e+00
-6.473651989271116847e+00 1.207625775301225807e-01 2.105082162300098592e+00
-4.459523934802313683e+00 1.176929113542078964e-01 1.635567101730091677e+00
-2.527351173925336703e+00 7.659695257067225538e-02 9.454194361566869986e-01
-6.771337066401881266e-01 -2.525298820484078721e-03 3.463916557988522271e-02
1.091128467053135154e+00 -1.196738428192611337e-01 -1.096773710000314317e+00
2.777435347154594503e+00 -2.748486794256553289e-01 -2.448819190583878758e+00
4.381786933664265860e+00 -4.680498086396731594e-01 -4.021497276170867607e+00
5.904183226582110144e+00 -6.992772304613115164e-01 -5.814807966761252445e+00
7.140283506587691953e+00 -9.202927052663728569e-01 -7.468131319922375333e+00
7.885744131230067566e+00 -1.082857303374018754e+00 -8.620842234488838685e+00
8.140565100506616858e+00 -1.186971024783632700e+00 -9.272940710456033742e+00
7.904746414417346934e+00 -1.232633869495214585e+00 -9.424426747823959616e+00
7.178288072962254240e+00 -1.219845837508764852e+00 -9.075300346592619860e+00
5.961190076141341443e+00 -1.148606928824282614e+00 -8.225561506762007369e+00
4.253452423954604100e+00 -1.018917143441768536e+00 -6.875210228332127471e+00
2.055075116402047541e+00 -8.307764813612225074e-01 -5.024246511302980167e+00
-6.339418465163344507e-01 -5.841849425826443065e-01 -2.672670355674560128e+00
-3.813598464800537435e+00 -2.791425271060340441e-01 1.795182385531264302e-01
-6.914459457532863951e+00 1.896954201354792563e-02 2.986591500247907760e+00
-9.367089543795616535e+00 2.447700417210414703e-01 5.202821658277605010e+00
-1.117148872358878897e+01 3.982589720164461666e-01 6.828208712642219069e+00
-1.232765699691239014e+01 4.794363328997627294e-01 7.862752663341752601e+00
-1.283559436376641472e+01 4.883021243709904646e-01 8.306453510376204719e+00
-1.269530082415086447e+01 4.248563464301296499e-01 8.159311253745570980e+00
-1.190677637806573763e+01 2.890989990771801743e-01 7.421325893449858491e+00
-1.047002102551104130e+01 8.103008231214248180e-02 6.092497429489063698e+00
-8.385034766486764823e+00 -1.993504038649839272e-01 4.172825861863185715e+00
-5.651817601000059810e+00 -5.520424594532860052e-01 1.662311190578984466e+00
-2.829137361717489529e+00 -9.056752768026016254e-01 -9.104380342447362384e-01
-4.757538881462450853e-01 -1.188879069220323714e+00 -3.016820824220794783e+00
1.408332819713638218e+00 -1.401653836706448164e+00 -4.656837179349162525e+00
2.823122761862242314e+00 -1.543999579260984634e+00 -5.830487099629905856e+00
3.768615938299521240e+00 -1.615916296883926684e+00 -6.537770585062986584e+00
4.244812349025473885e+00 -1.617403989575275647e+00 -6.778687635648407372e+00
4.251711994040099363e+00 -1.548462657335029746e+00 -6.553238251386162894e+00
3.789314873343401668e+00 -1.409092300163191203e+00 -5.861422432276256700e+00
2.857620986935377694e+00 -1.199292918059758684e+00 -4.703240178318688791e+00
1.456630334816537475e+00 -9.190645110248508720e-01 -3.078691489514052471e+00
-5.501440357265531544e-02 -6.519798280768147603e-01 -1.406741693607747701e+00
-1.318672258927688912e+00 -4.816112197293831443e-01 -1.063541205693621927e-01
-2.334343231248561690e+00 -4.079586859825557466e-01 8.224712296011029711e-01
-3.102027320535274857e+00 -4.310222268363327336e-01 1.379734356903646875e+00
-3.621724526787827525e+00 -5.508018422907143830e-01 1.565435261338270934e+00
-3.893434850006219250e+00 -7.672975323457001950e-01 1.379573942904973372e+00
-3.917158290190451808e+00 -1.080509297001290614e+00 8.221504016037557427e-01
-3.692894847340523867e+00 -1.490437136257485307e+00 -1.068353625653832850e-01
-3.220644521456434983e+00 -1.997081050114284162e+00 -1.407383349602441935e+00
-2.500407312538186932e+00 -2.600441038571688068e+00 -3.079493559507421097e+00
-1.726087319492929151e+00 -3.220825600208618411e+00 -4.826881073498873853e+00
-1.091589565835984432e+00 -3.778542853604742735e+00 -6.353259559996665473e+00
-5.969140515676273351e-01 -4.273592798759946909e+00 -7.658629019000375848e+00
-2.420607766878574152e-01 -4.705975435674233154e+00 -8.742989450510005867e+00
-2.702974119667600483e-02 -5.075690764347598360e+00 -9.606340854525548423e+00
4.817905490591767315e-02 -5.382738784780046082e+00 -1.024868323104701417e+01
-1.643438838007638125e-02 -5.627119496971571877e+00 -1.067001658007439424e+01
-2.208700710546522838e-01 -5.808832900922175746e+00 -1.087034090160769040e+01
-5.651279931178192495e-01 -5.927878996631864794e+00 -1.084965619564691508e+01
-1.049208154569573281e+00 -5.984257784100634581e+00 -1.060796246219205585e+01
-1.613911061186790841e+00 -6.004469141251143505e+00 -1.015406961813048170e+01
-2.200036371887000186e+00 -6.015013325091534746e+00 -9.496787706377000760e+00
-2.807584086669443924e+00 -6.015890335622152918e+00 -8.636116726931723164e+00
-3.436554205534123163e+00 -6.007100172842992691e+00 -7.572056679794650691e+00
-4.086946728481038349e+00 -5.988642836754058507e+00 -6.304607564965785116e+00
-4.758761655510186372e+00 -5.960518327355346813e+00 -4.833769382445121110e+00
-5.451998986621571675e+00 -5.922726644646861160e+00 -3.159542132232663558e+00
-6.166658721815191591e+00 -5.875267788628599774e+00 -1.281925814328410240e+00
-6.902740861091046121e+00 -5.818141759300560878e+00 7.990795712676401763e-01
-7.660245404449135265e+00 -5.751348556662746248e+00 3.083474024555484583e+00
-8.323456348916812075e+00 -5.595032767686380026e+00 5.317111633047652219e+00
-8.776657691521426941e+00 -5.269338979342686358e+00 7.245846484256670550e+00
-9.019849432262978084e+00 -4.774267191631663465e+00 8.869678578182535134e+00
-9.053031571141469058e+00 -4.109817404553313125e+00 1.018860791482525485e+01
-8.876204108156901640e+00 -3.275989618107635337e+00 1.120263449418482260e+01
-8.489367043309268723e+00 -2.272783832294627882e+00 1.191175831626123838e+01
-7.892520376598577414e+00 -1.100200047114293422e+00 1.231597938105450929e+01
-7.085664108024823271e+00 2.417617374333684843e-01 1.241529768856462645e+01
-6.068798237588008071e+00 1.753101521348359615e+00 1.220971323879159698e+01
-4.841922765290821218e+00 3.433819304627452773e+00 1.169922603173723985e+01
-3.615325752109610491e+00 5.031725891602658152e+00 1.102665865123011457e+01
-2.599292250855458786e+00 6.294635694165894968e+00 1.033483163802540439e+01
-1.793822261528382533e+00 7.222548712317147235e+00 9.623744992123128839e+00
-1.198915784128345319e+00 7.815464946056458473e+00 8.893398713523255950e+00
-8.145728186553682360e-01 8.073384395383801149e+00 8.143792802225799932e+00
-6.407933651094501748e-01 7.996307060299177039e+00 7.374927258230761673e+00
-6.775774234905918014e-01 7.584232940802583478e+00 6.586802081538140285e+00
-9.249249937987931158e-01 6.837162036894024020e+00 5.779417272147936657e+00
-1.382836076034053674e+00 5.755094348573497776e+00 4.952772830060151676e+00
-2.051310670196084374e+00 4.338029875841429295e+00 4.106868755274884819e+00
-2.726219207991601667e+00 2.886199449978854137e+00 3.313782673834011483e+00
-3.203433094489760879e+00 1.699832470659340178e+00 2.645591868087625365e+00
-3.482952329690562454e+00 7.789289378828875288e-01 2.102296338035726908e+00
-3.564776913594005947e+00 1.234888516494949684e-01 1.683896083678316113e+00
-3.448906846200092247e+00 -2.664877880408353938e-01 1.390391105015393425e+00
-3.135342127508829790e+00 -3.910009811881052233e-01 1.221781402046960396e+00
-2.624082757520190157e+00 -2.500507277923138538e-01 1.178066974773010367e+00
-1.915128736234221751e+00 1.563629721465265021e-01 1.259247823193547333e+00
-1.008480063650858849e+00 8.282401186284515937e-01 1.465323947308578401e+00
9.586326022477381636e-02 1.765580711647977585e+00 1.796295347115625995e+00
1.176069926408981559e+00 2.729789545109823301e+00 2.143992944023863867e+00
2.010312856958837102e+00 3.482275963701273014e+00 2.400249722576795808e+00
2.598592051874414999e+00 4.023039967422390006e+00 2.565065682774443800e+00
2.940907511155663290e+00 4.352081556273130758e+00 2.638440824616793634e+00
3.037259234802611729e+00 4.469400730253521026e+00 2.620375148103851526e+00
2.887647222815252768e+00 4.374997489363552816e+00 2.510868653235620140e+00
2.492071475193571306e+00 4.068871833603215471e+00 2.309921340012088820e+00
1.850531991937603316e+00 3.551023762972536524e+00 2.017533208433274883e+00
9.630287730472932850e-01 2.821453277471472454e+00 1.633704258499153905e+00
-1.704381814765303649e-01 1.880160377101058877e+00 1.158434490210172196e+00
-1.417623371520244868e+00 8.983836986366641186e-01 6.644515575888609860e-01
-2.646282558153127518e+00 4.736024580562322311e-02 2.244824210774215290e-01
-3.856415741375284423e+00 -6.729099813921369799e-01 -1.614729193241839500e-01
-5.048022921186611001e+00 -1.262426982956553756e+00 -4.934144636159216168e-01
-6.221104097587210724e+00 -1.721190758887679806e+00 -7.713422117978211423e-01
-7.375659270576980120e+00 -2.049201309185473718e+00 -9.952561638698573798e-01
-8.511688440156023105e+00 -2.246458633849964137e+00 -1.165156319832050702e+00
-9.629191606324237540e+00 -2.312962732881135519e+00 -1.281042679684385677e+00
-1.072816876908172290e+01 -2.248713606278991417e+00 -1.342915243426872962e+00
-1.180861992842838148e+01 -2.053711254043538936e+00 -1.350774011059506563e+00
-1.259404579992235362e+01 -1.767526743476750983e+00 -1.306967931140463168e+00
-1.280794709912173523e+01 -1.429731141880584033e+00 -1.213845952227909253e+00
-1.245032382602649790e+01 -1.040324449255068284e+00 -1.071408074321853698e+00
-1.152117598063662207e+01 -5.993066656001693193e-01 -8.796542974222832934e-01
-1.002050356295217881e+01 -1.066777909159262183e-01 -6.385846215292156902e-01
-7.948306572973039330e+00 4.375621747977049836e-01 -3.481990466426286845e-01
-5.304585010699390146e+00 1.033413231540675659e+00 -8.497572762548921688e-03
-2.089338876130995004e+00 1.680875379313038875e+00 3.805198001110542405e-01
1.697431830731865432e+00 2.379948618114737346e+00 8.188530719781463851e-01
6.055727109889518900e+00 3.130632947945832800e+00 1.306502242838766037e+00
1.018108273241634798e+01 3.810692028961648159e+00 1.757911498509126869e+00
1.326902679739584023e+01 4.297888355577573982e+00 2.087524208879262932e+00
1.531955930482314088e+01 4.592221927792871305e+00 2.295340373948658197e+00
1.633268025469844531e+01 4.693692745607568995e+00 2.381359993717332202e+00
1.630838964702165228e+01 4.602300809021656391e+00 2.345583068185277398e+00
1.524668748179276534e+01 4.318046118035124614e+00 2.188009597352488900e+00
1.314757375901187508e+01 3.840928672648000308e+00 1.908639581218982473e+00
1.001104847867879499e+01 3.170948472860239509e+00 1.507473019784732138e+00
5.837111640793812839e+00 2.308105518671904388e+00 9.845099130497743101e-01
6.257632453565431518e-01 1.252399810082915455e+00 3.397502610140619161e-01
-4.594527093981341181e+00 1.944746480244307352e-01 -3.050954778759573105e-01
-8.795270146951065016e+00 -6.750230303185092984e-01 -8.283145237173468178e-01
-1.197646591352886603e+01 -1.356093224941492759e+00 -1.229906876507292468e+00
-1.413811439371502487e+01 -1.848735935844580736e+00 -1.509872536245830954e+00
-1.528021558750934261e+01 -2.152951163027728487e+00 -1.668211502932935630e+00
-1.540276949491195424e+01 -2.268738906490962659e+00 -1.704923776568623150e+00
-1.450577611592278515e+01 -2.196099166234275035e+00 -1.620009357152885965e+00
-1.258923545054191351e+01 -1.935031942257673165e+00 -1.413468244685732511e+00
-9.653147498769179435e+00 -1.485537234561133735e+00 -1.085300439167144360e+00
-5.697512260626661273e+00 -8.476150431478491898e-01 -6.355059405995231447e-01
-1.682107463943853354e+00 -1.599166494242000580e-01 -1.684516441703566292e-01
1.433307469516379662e+00 4.389093097319580750e-01 2.114975455472342114e-01
3.648732539754312665e+00 9.488628343206786386e-01 5.043416285532824617e-01
4.964167746769749812e+00 1.369943924341917141e+00 7.100806048477625865e-01
5.379613090562806121e+00 1.702152579795709997e+00 8.287144744306925714e-01
4.895068571133446511e+00 1.945488800682027897e+00 8.602432373020620915e-01
3.510534188481624795e+00 2.099952587000892379e+00 8.046668934618735891e-01
1.226009942607472425e+00 2.165543938752290565e+00 6.619854429101327264e-01
-1.958504166489223763e+00 2.142262855936227783e+00 4.321988856468264029e-01
-6.043008138802829166e+00 2.030109338553129916e+00 1.153072216724580212e-01
-1.008656918193864804e+01 1.903719976034632388e+00 -2.036368041701161757e-01
-1.314826347687686869e+01 1.837730646027070813e+00 -4.395812581588537937e-01
-1.522809102361775224e+01 1.832141348530438751e+00 -5.925261402937755939e-01
-1.632605182216112283e+01 1.886952083544737091e+00 -6.624714505748682258e-01
-1.644214587250707638e+01 2.002162851069970717e+00 -6.494171890021378513e-01
-1.557637317465560223e+01 2.177773651106129194e+00 -5.533633555755853584e-01
-1.372873372860662222e+01 2.413784483653228286e+00 -3.743099502952025315e-01
-1.089922753436030334e+01 2.710195348711246677e+00 -1.122569731610054689e-01
-7.087854591916391556e+00 3.067006246280211457e+00 2.327955758270298103e-01
-2.294614901275220831e+00 3.484217176360089763e+00 6.608476966688721088e-01
2.545427742205728983e+00 3.893083438839796795e+00 1.087525594911019411e+00
6.497209543169000234e+00 4.224860333608242868e+00 1.428455476099970145e+00
9.560730501614235877e+00 4.479547860665399561e+00 1.683637340235692559e+00
1.173599061754171835e+01 4.657146020011289522e+00 1.853071187318211077e+00
1.302298989095124426e+01 4.757654811645896764e+00 1.936757017347509491e+00
1.342172832184293085e+01 4.781074235569228392e+00 1.934694830323595571e+00
1.293220591021674615e+01 4.727404291781286183e+00 1.846884626246469319e+00
1.155442265607264574e+01 4.596644980282063919e+00 1.673326405116123849e+00
9.288378559410745083e+00 4.388796301071570483e+00 1.414020166932572931e+00
6.134073620230853230e+00 4.103858254149791662e+00 1.068965911695795024e+00
2.858758741080671406e+00 3.768824011006926877e+00 7.083209733863189417e-01
2.296921416039915398e-01 3.410687000560838289e+00 4.022433550590850393e-01
-1.753126178194590601e+00 3.029447222811710194e+00 1.507330567145190869e-01
-3.089696218315257870e+00 2.625104677759509730e+00 -4.620992164740127944e-02
-3.780017978757886699e+00 2.197659365404272425e+00 -1.885855800266584836e-01
-3.824091459522537928e+00 1.747111285745959197e+00 -2.763939184232651058e-01
-3.221916660609210226e+00 1.273460438784611792e+00 -3.096349368372134925e-01
-1.973493582017848524e+00 7.767068245201871335e-01 -2.883086352685064746e-01
-7.882222374856429070e-02 2.568504429527294075e-01 -2.124150137171459951e-01
2.462097414198811229e+00 -2.861087059178069048e-01 -8.195407218312533715e-02
5.124208731240743830e+00 -8.057870769725643534e-01 6.529537380495384347e-02
7.382445112074564442e+00 -1.255800240391590883e+00 1.915537881404972276e-01
9.236806556688133441e+00 -1.636148196173791813e+00 2.968211708226346501e-01
1.068729306508162225e+01 -1.946830944319201118e+00 3.810975218513755758e-01
1.173390463725488964e+01 -2.187848484827791040e+00 4.443828412267123440e-01
1.237664127320802265e+01 -2.359200817699576902e+00 4.866771289486491181e-01
1.261550297294100886e+01 -2.460887942934561590e+00 5.079803850171864532e-01
1.245048973645384116e+01 -2.492909860532736221e+00 5.082926094323226840e-01
1.188160156374649645e+01 -2.455266570494103906e+00 4.876138021940575884e-01
1.090883845482400893e+01 -2.347958072819313458e+00 4.459439633026561212e-01
9.751389200654832834e+00 -2.199399888796053304e+00 3.948574388574728200e-01
8.628438411568017941e+00 -2.038006997736084180e+00 3.459283541976327925e-01
7.539986087563463890e+00 -1.863779399639392098e+00 2.991567093231317642e-01
6.486032228641264830e+00 -1.676717094505991268e+00 2.545425042339738431e-01
5.466576834801330165e+00 -1.476820082335866369e+00 2.120857389301550044e-01
4.481619906043749602e+00 -1.264088363129034054e+00 1.717864134116790509e-01
3.531161442368434766e+00 -1.038521936885476116e+00 1.336445276785424574e-01
2.615201443775472256e+00 -8.001208036052126493e-01 9.766008173074858245e-02
1.733739910264778583e+00 -5.488849632882224494e-01 6.383307556829423413e-02
8.867768418372242722e-01 -2.848144159348248716e-01 3.216350919121106766e-02
2.136718096494313601e-01 -6.029030985322844649e-02 7.700014256171823154e-03
-1.462169441695788663e-01 7.230670619060218518e-02 -4.508825727333989203e-03
-1.928894196198369659e-01 1.129766321966782783e-01 -4.463010759307349529e-03
7.365438329866114131e-02 6.171946816499646049e-02 7.837459160251691870e-03
6.534144645859381040e-01 -8.146478590444772294e-02 3.239258403134419317e-02
1.546390824241943296e+00 -3.165761300116416432e-01 6.920236385396801027e-02
2.752583462266756875e+00 -6.436145641566063391e-01 1.182667986281264461e-01
4.271992378660269374e+00 -1.062580088339312390e+00 1.795858883538150319e-01
6.104617573422618904e+00 -1.573472702559797654e+00 2.531596330310393883e-01
8.250459046553638487e+00 -2.176292406818016278e+00 3.389880326597928262e-01
1.021776656574254361e+01 -2.732358914051795207e+00 4.174464843915698387e-01
1.151478989867851332e+01 -3.102991937198953387e+00 4.689103853778636144e-01
1.214152904536143218e+01 -3.288191476259456181e+00 4.933797356186693239e-01
1.209798400579135880e+01 -3.287957531233323127e+00 4.908545351139895208e-01
1.138415477996829317e+01 -3.102290102120552451e+00 4.613347838638243714e-01
1.000004136789217313e+01 -2.731189188921126387e+00 4.048204818681707673e-01
7.945643769563122127e+00 -2.174654791635081796e+00 3.213116291270344260e-01
5.220961984980957205e+00 -1.432686910262365387e+00 2.108082256404076316e-01
1.825996014145916391e+00 -5.052855448030437735e-01 7.331027140829993183e-02
-2.239254142942289860e+00 6.075493047429629812e-01 -9.118223356930044154e-02
-6.184983898823122495e+00 1.688550892738262421e+00 -2.506803800046783492e-01
-9.221381133850741207e+00 2.520450401522312589e+00 -3.731949535392238282e-01
-1.134844584802038980e+01 3.103247831093804976e+00 -4.587259541727441992e-01
-1.256617804133225924e+01 3.436943181452792206e+00 -5.072733819052474002e-01
-1.287457771378624116e+01 3.521536452599244971e+00 -5.188372367367288795e-01
-1.227364486538235511e+01 3.357027644533169486e+00 -4.934175186671896363e-01
-1.076337949612066502e+01 2.943416757254580851e+00 -4.310142276966320019e-01
-8.343781606001030582e+00 2.280703790763443983e+00 -3.316273638250503697e-01
-5.014851195023670272e+00 1.368888745059814394e+00 -1.952569270524535106e-01
-7.765882631882838893e-01 2.079716201436134781e-01 -2.190291737882965606e-02
3.466052448932615437e+00 -9.538101122914472985e-01 1.512054810099545954e-01
6.808098940022503598e+00 -1.868214245769614479e+00 2.868383738334940869e-01
9.249551210060506179e+00 -2.535240780285160866e+00 3.849957610909301997e-01
1.079040925904684478e+01 -2.954889715838149300e+00 4.456776427822720099e-01
1.143067308698137552e+01 -3.127161052428539367e+00 4.688840189075135778e-01
1.117034269386419254e+01 -3.052054790056356381e+00 4.546148894666589557e-01
1.000941807969521591e+01 -2.729570928721578582e+00 4.028702544597044799e-01
7.947899244474560199e+00 -2.159709468424238832e+00 3.136501138866552019e-01
4.985786188202034452e+00 -1.342470409164282508e+00 1.869544677475031280e-01
1.123078910895263016e+00 -2.778537509465736077e-01 2.278331604302520283e-02
-2.876818673213471733e+00 8.235020607127130354e-01 -1.451753136629554686e-01
-6.250517210474384910e+00 1.750962597854040403e+00 -2.832340363462948485e-01
-8.998016700887783159e+00 2.504527860477491874e+00 -3.913928520070052430e-01
-1.111931714445341868e+01 3.084197848583000834e+00 -4.696517606450770210e-01
-1.261441854117147443e+01 3.489972562170617465e+00 -5.180107622605170103e-01
-1.348332089104182430e+01 3.721852001240305796e+00 -5.364698568533210477e-01
-1.372602419406454466e+01 3.779836165792087144e+00 -5.250290444234906317e-01
-1.334252845023961243e+01 3.663925055825957067e+00 -4.836883249710270949e-01
-1.233283365956699562e+01 3.374118671341903131e+00 -4.124476984959264403e-01
-1.069693982204866778e+01 2.910417012340491993e+00 -3.113071649983156775e-01
-8.767070976682404648e+00 2.367588853143204553e+00 -2.015018471330285443e-01
-6.875447994151719477e+00 1.840402064292072648e+00 -1.042666650423327845e-01
-5.022070874456439071e+00 1.328856645787049207e+00 -1.960161872621991874e-02
-3.206939617596730852e+00 8.329525976281804134e-01 5.249329181530253824e-02
-1.430054223572434058e+00 3.526899198154217485e-01 1.120180665822410743e-01
3.085853076162941022e-01 -1.119313876511842665e-01 1.589727055745903395e-01
2.008978975969609060e+00 -5.609113247716788209e-01 1.933572087923545180e-01
3.671126781487357160e+00 -9.942498915460218356e-01 2.151715762355305983e-01
5.295028724169689838e+00 -1.411947087974252169e+00 2.244158079041204401e-01
6.880684804016459211e+00 -1.814002914056332072e+00 2.210899037981232662e-01
8.279256942535818453e+00 -2.169684674869288621e+00 2.154608237426154094e-01
9.341907061235891874e+00 -2.448259675490139120e+00 2.177955275626728970e-01
1.006863516011657822e+01 -2.649727915918858479e+00 2.280940152582953684e-01
1.045944123917794855e+01 -2.774089396155466680e+00 2.463562868294839614e-01
1.051432529841996377e+01 -2.821344116199949958e+00 2.725823422762368442e-01
1.023328733784262923e+01 -2.791492076052313198e+00 3.067721815985564038e-01
9.616327357445971558e+00 -2.684533275712560396e+00 3.489258047964396425e-01
8.663445357229935695e+00 -2.500467715180681783e+00 3.990432118698903907e-01
7.374641337194604240e+00 -2.239295394456692012e+00 4.571244028189039854e-01
5.749915297339867060e+00 -1.901016313540569769e+00 5.231693776434858112e-01
4.107167382010549872e+00 -1.554129283608100653e+00 5.825214837022268943e-01
2.764300767292279026e+00 -1.267133769092531503e+00 6.205239285765806745e-01
1.721315453186979205e+00 -1.040029769994276654e+00 6.371767122664599992e-01
9.782114396945570389e-01 -8.728172863133158987e-01 6.324798347718667557e-01
5.349887268150788078e-01 -7.654963180496643371e-01 6.064332960928013883e-01
3.916473145485059870e-01 -7.180668652033121990e-01 5.590370962292612322e-01
5.481872028948509001e-01 -7.305289277742637033e-01 4.902912351812509506e-01
1.004608391854127758e+00 -8.028825057625201822e-01 4.001957129487639930e-01
1.760910881426295482e+00 -9.351275991680750854e-01 2.887505295318086862e-01
2.817094671611421575e+00 -1.127264207990940070e+00 1.559556849303749826e-01
3.892387778872047566e+00 -1.315877280334546207e+00 2.178893014483362228e-02
4.706012864338386059e+00 -1.437550554749021492e+00 -9.377160277683598000e-02
5.257969928003985771e+00 -1.492284031232913311e+00 -1.907259138341694804e-01
5.548258969868893331e+00 -1.480077709786227214e+00 -2.690740030271756011e-01
5.576879989933084758e+00 -1.400931590408963423e+00 -3.288158703558470841e-01
5.343832988196575151e+00 -1.254845673101123271e+00 -3.699515158201879816e-01
4.849117964659365398e+00 -1.041819957862706314e+00 -3.924809394201982382e-01
4.092734919321379117e+00 -7.618544446936857950e-01 -3.964041411558774652e-01
3.074683852182750421e+00 -4.149491335941106751e-01 -3.817211210272249966e-01
1.794964763248630524e+00 -1.104024565662002589e-03 -3.484318790344629324e-01
4.827054663870744000e-01 4.047739287490078053e-01 -3.062588533097681531e-01
-6.329705947428593271e-01 7.277792014252874031e-01 -2.649242965469557620e-01
-1.552063420140973315e+00 9.679117934631196185e-01 -2.244282087460328923e-01
-2.274573009807375090e+00 1.125171704862536481e+00 -1.847705899069959357e-01
-2.800499363742064318e+00 1.199558935623538769e+00 -1.459514400298448367e-01
-3.129842481945061206e+00 1.191073485746121596e+00 -1.079707591145763063e-01
-3.262602364416307577e+00 1.099715355230286074e+00 -7.082854716119701965e-02
-3.198779011155842955e+00 9.254845440760356423e-01 -3.452480416970367394e-02
-2.938372422163664677e+00 6.683810522833705248e-01 9.404698599038141538e-04
-2.481382597448709593e+00 3.284048798637032585e-01 3.556727492702267679e-02
-1.871719217471422114e+00 -3.850216126421254076e-02 6.639509925498224274e-02
-1.153289450258893289e+00 -3.764014600719539083e-01 9.046360046230038365e-02
-3.260932958111231184e-01 -6.852930165595206846e-01 1.077727785489771273e-01
6.098692458719761067e-01 -9.651768307269366076e-01 1.183226335150131120e-01
1.654598174790237852e+00 -1.216052902574151773e+00 1.221131653604064782e-01
2.808093490943741166e+00 -1.437921232101192492e+00 1.191443740851584054e-01
4.070355194332485382e+00 -1.630781819308058544e+00 1.094162596892689493e-01
5.441383284956598843e+00 -1.794634664194763474e+00 9.292882217273631951e-02
6.921177762815834633e+00 -1.929479766761277748e+00 6.968206153556349980e-02
8.509738627910312658e+00 -2.035317127007618243e+00 3.967597777774922729e-02
9.911630231138596869e+00 -2.091358879996845666e+00 8.177826792063179820e-03
1.083141692339925299e+01 -2.076817160792023831e+00 -1.954513552872500989e-02
1.126909870469230412e+01 -1.991691969393140971e+00 -4.349290918461734545e-02
1.122467557501766500e+01 -1.835983305800212850e+00 -6.366549417560952995e-02
1.069814753437540134e+01 -1.609691170013234363e+00 -8.006289050170389832e-02
9.689514582765507811e+00 -1.312815562032206174e+00 -9.268509816290039505e-02
8.198776720187836986e+00 -9.453564818570920902e-01 -1.015321171591996863e-01
6.225933946642648209e+00 -5.073139294879580596e-01 -1.066039474906001761e-01
3.770986262129833122e+00 1.312095075226338281e-03 -1.079005891571028497e-01
8.339336666493917249e-01 5.805215918324604374e-01 -1.054220421587076656e-01
-2.008556095723522894e+00 1.135401724958135850e+00 -1.007407960282825227e-01
-4.179782283129901188e+00 1.571034227573343101e+00 -9.542943027887855478e-02
-5.679744895452010667e+00 1.887419099658713240e+00 -8.948794491081714375e-02
-6.508443932689861100e+00 2.084556341214247155e+00 -8.291633992409837284e-02
-6.665879394843429395e+00 2.162445952239946401e+00 -7.571461531872150652e-02
-6.152051281912687131e+00 2.121087932735796322e+00 -6.788277109468782156e-02
-4.966959593897684933e+00 1.960482282701809797e+00 -5.942080725199674202e-02
-3.110604330798413919e+00 1.680629002137986383e+00 -5.032872379064824014e-02
-5.829854926146271765e-01 1.281528091044285667e+00 -4.060652071064144858e-02
2.615896920653231206e+00 7.631795494207784802e-01 -3.025419801197808123e-02
5.743993849299938503e+00 2.377692121687265125e-01 -2.027435605332092092e-02
8.059242080073179437e+00 -1.825149460228437381e-01 -1.166961431653173141e-02
9.561641612956172764e+00 -4.976729251514048769e-01 -4.439972801632741453e-03
1.025119244794865736e+01 -7.077047252169010871e-01 1.414568491374771980e-03
1.012789458505080198e+01 -8.126103462193647875e-01 5.894009562491518174e-03
9.191748024262604844e+00 -8.123897881587963665e-01 8.998350411717485203e-03
7.442752765584064178e+00 -7.070430510351953801e-01 1.072759103905268109e-02
4.880908809014922412e+00 -4.965701348485387356e-01 1.108173144449707374e-02
1.506216154555627185e+00 -1.809710395988635145e-01 1.006077162805060071e-02
-2.681325197775071167e+00 2.397542347116806971e-01 7.664711589733668416e-03
-6.848929488111861197e+00 6.704541926882989777e-01 4.786937507487014007e-03
-1.016382684050914520e+01 1.015979153783164612e+00 2.320818519485635164e-03
-1.262601725496632987e+01 1.276329117996216844e+00 2.663546257299680619e-04
-1.423550073148374828e+01 1.451504085327489868e+00 -1.376454173780222246e-03
-1.499227727006140221e+01 1.541504055776984128e+00 -2.607607879044938903e-03
-1.489634687069924901e+01 1.546329029344695405e+00 -3.427106490064233627e-03
-1.394770953339729580e+01 1.465979006030623477e+00 -3.834950006837962218e-03
-1.214636525815558699e+01 1.300453985834772563e+00 -3.831138429366216184e-03
-9.492314044974104803e+00 1.049753968757142442e+00 -3.415671757648995090e-03
-5.985555894005554656e+00 7.138789548123022355e-01 -2.588549991742381678e-03
-2.373996878355120632e+00 3.641917272949026230e-01 -1.624298056589712665e-03
5.944997227183261845e-01 7.205098624891421999e-02 -7.974251693098054769e-04
2.919933909214780687e+00 -1.625432683256626543e-01 -1.079313299026598443e-04
4.602305681134372328e+00 -3.395910364288415306e-01 4.441834616317678181e-04
5.641615038476793131e+00 -4.590923180605906984e-01 8.589192052933785227e-04
6.037861981242228282e+00 -5.210471132209284484e-01 1.136275901082227455e-03
5.791046509430673339e+00 -5.254554219098548362e-01 1.276253548998315321e-03
4.901168623042025274e+00 -4.723172441273625899e-01 1.278852149041635831e-03
3.368228322076437742e+00 -3.616325798734612018e-01 1.144071701212188551e-03
1.192225606533860116e+00 -1.934014291481484515e-01 8.719122055099797711e-04
-1.007620302776079058e+00 -1.629590987802570154e-02 5.537002023847962737e-04
-2.612090185043754342e+00 1.210118600103055747e-01 2.807622322864250053e-04
-3.621184040269230131e+00 2.185218805168525902e-01 5.309829521484710083e-05
-4.034901868452327456e+00 2.762341516415977027e-01 -1.292916088298963484e-04
-3.853243669593162668e+00 2.941486733845515289e-01 -2.664074798478280022e-04
-3.076209443691735324e+00 2.722654457457138744e-01 -3.582493178389474270e-04
-1.703799190747893100e+00 2.105844687250775782e-01 -4.048171228032571164e-04
2.639870892381130929e-01 1.091057423226536871e-01 -4.061108947407486677e-04
2.827149396266384507e+00 -3.217073346156157365e-02 -3.621306336514282069e-04
5.985687730336918477e+00 -2.132449586275683151e-01 -2.728763395352957338e-04
9.034673046728359580e+00 -3.913700237465456144e-01 -1.683511145035602942e-04
1.126913596363371006e+01 -5.237965733481051434e-01 -7.855977748943542699e-05
1.268907648090900508e+01 -6.105246074235168852e-01 -3.502328499050960523e-06
1.329449459855426241e+01 -6.515541259727809509e-01 5.682123246759307808e-05
1.308539031656941276e+01 -6.468851289958948980e-01 1.024109054105000634e-04
1.206176363495450232e+01 -5.965176164928592817e-01 1.332666903296618368e-04
1.022361455370954531e+01 -5.004515884636761003e-01 1.493885872250832840e-04
7.570943072834539933e+00 -3.586870449083450763e-01 1.507765960967641611e-04
4.103749192329146922e+00 -1.712239858268476134e-01 1.374307169447028416e-04
-1.779670878060226613e-01 6.193758878078292618e-02 1.093509497689015619e-04
-4.473947125511415379e+00 2.959402672439478410e-01 7.564544197126444865e-05
-7.983917014914018395e+00 4.859257822997091192e-01 4.542251467885590323e-05
-1.070787675599583899e+01 6.318941339470576235e-01 1.868216789188081615e-05
-1.264582634875639933e+01 7.338453221859675413e-01 -4.575598389656100553e-06
-1.379776579319597296e+01 7.917793470164536940e-01 -2.435078416575736171e-05
-1.416369508931455812e+01 8.056962084385161926e-01 -4.064338943642295971e-05
-1.374361423711215657e+01 7.755959064521551483e-01 -5.345341420165290725e-05
-1.253752323658862977e+01 7.014784410573617901e-01 -6.278085846144786162e-05
-1.054542208774418377e+01 5.833438122541493298e-01 -6.862572221580617621e-05
-7.767310790591224645e+00 4.211920200432788808e-01 -7.098800546472562839e-05
-4.751594937041541122e+00 2.486974027917447094e-01 -6.972716571601846806e-05
-2.046669659137351438e+00 9.953365658792102943e-02 -6.470266315809638060e-05
3.474650431208697876e-01 -2.629921856816570466e-02 -5.591449779096032145e-05
2.430809169733375796e+00 -1.288012226765296586e-01 -4.336266961460996536e-05
4.203362720700164701e+00 -2.079723557371709330e-01 -2.704717862904533943e-05
5.665125696021352297e+00 -2.638126177500934033e-01 -6.968024834264498863e-06
6.816098095696681014e+00 -2.963220087152870774e-01 1.687479176972903267e-05
7.656279919726292960e+00 -3.055005286327582281e-01 4.448127118293682049e-05
8.185671168110189910e+00 -2.913481775025064668e-01 7.585141340535889848e-05
8.404271840862353571e+00 -2.538649553271278281e-01 1.109852184353313687e-04
8.380399409927830945e+00 -2.057574364413009838e-01 1.417354045748769474e-04
8.182367438248396851e+00 -1.597314681322797580e-01 1.599551562988882022e-04
7.810175925824053955e+00 -1.157870504000641093e-01 1.656444736073650246e-04
7.263824872654745413e+00 -7.392418324465042934e-02 1.588033565003064116e-04
6.543314278740568923e+00 -3.414286666604617743e-02 1.394318049777134205e-04
5.648644144081483631e+00 3.556899335752504443e-03 1.075298190395860919e-04
4.579814468677487760e+00 3.917511476074558852e-02 6.309739868592441217e-05
3.336825252528464958e+00 7.271177960893598913e-02 6.134543916722729959e-06
1.919676495634635049e+00 1.041668938803176764e-01 -6.335874526800872259e-05
3.283681979958963382e-01 1.335404575748938005e-01 -1.453824688682746075e-04
-1.207886261846339515e+00 1.602049451158791826e-01 -2.237532460872654848e-04
-2.459873505350659073e+00 1.835328309264886715e-01 -2.822876961281720228e-04
-3.427593532517137387e+00 2.035241150067238769e-01 -3.209858189909969048e-04
-4.111046343345600818e+00 2.201787973565813017e-01 -3.398476146757330564e-04
-4.510231937836149285e+00 2.334968779760628332e-01 -3.388730831823849772e-04
-4.625150315988781458e+00 2.434783568651684438e-01 -3.180622245109525044e-04
-4.455801477803470689e+00 2.501232340238985774e-01 -2.774150386614311929e-04
-4.002185423280247178e+00 2.534315094522521794e-01 -2.169315256338283880e-04
-3.264302152419108261e+00 2.534031831502298049e-01 -1.366116854281412168e-04
-2.242151665220052603e+00 2.500382551178316204e-01 -3.645551804436973327e-05
-1.232349406336400444e+00 2.423962189741302176e-01 6.676471104849788585e-05
-5.315277931971501557e-01 2.295365145210314095e-01 1.562757766475545806e-04
-1.396868258628984893e-01 2.114591417583422950e-01 2.320776787493776874e-04
-5.682650433364377918e-02 1.881641006860628740e-01 2.941704173539673689e-04
-2.829468286094223295e-01 1.596513913041903709e-01 3.425539924613272571e-04
-8.180477986901921739e-01 1.259210136127298374e-01 3.772284040714486242e-04
-1.662129414575959530e+00 8.697296761167901125e-02 3.981936521843365117e-04
-2.815191676266725729e+00 4.280725330103783699e-02 4.054497367999909739e-04
-4.277234583762632880e+00 -6.576129319198237289e-03 3.989966579184107097e-04
-6.048258137063423412e+00 -6.117718024902049634e-02 3.788344155395968033e-04
-7.684927299403896406e+00 -1.097303019064039542e-01 3.475965929342470949e-04
-8.743898578023603818e+00 -1.409696818338180835e-01 3.079168236049727799e-04
-9.225171972912480811e+00 -1.548953200310071998e-01 2.597951075518290442e-04
-9.128747484070446561e+00 -1.515072164979688607e-01 2.032314447748245615e-04
-8.454625111497566792e+00 -1.308053712347050368e-01 1.382258352739553745e-04
-7.202804855193841505e+00 -9.278978424121575586e-02 6.477827904922140172e-05
-5.373286715159268923e+00 -3.746045551750096236e-02 -1.711122389937724830e-05
-2.966070691393615455e+00 3.518261493644647686e-02 -1.074426735718489782e-04
1.884321610269878988e-02 1.251394271206137110e-01 -2.062160699681778501e-04
3.581455007313709249e+00 2.324099810344894823e-01 -3.134314130881522007e-04
7.011550190198779120e+00 3.342556307205961641e-01 -4.194483394111959799e-04
9.598927818806181733e+00 4.079381639210257759e-01 -5.146266692896711180e-04
1.134358789313546367e+01 4.534575806357652450e-01 -5.989664027235608095e-04
1.224553041318688429e+01 4.708138808648222873e-01 -6.724675397128737284e-04
1.230475537896045424e+01 4.600070646081971248e-01 -7.351300802576101997e-04
1.152126279045605273e+01 4.210371318658848172e-01 -7.869540243577741265e-04
9.895052647673830748e+00 3.539040826378921922e-01 -8.279393720133562933e-04
7.426124950613754550e+00 2.586079169242173625e-01 -8.580861232243620126e-04
4.114479699275817026e+00 1.351486347248601616e-01 -8.773942779907910675e-04
-3.988310616690355498e-02 -1.647376395371523070e-02 -8.858638363102478049e-04
-4.189187972983651420e+00 -1.645974588092457558e-01 -8.717869658493443419e-04
-7.485707916639403159e+00 -2.775624411721341334e-01 -8.234565041758834135e-04
-9.929442937134158598e+00 -3.553687110423802142e-01 -7.408724512898646943e-04
-1.152039303446802698e+01 -3.980162684199864409e-01 -6.240348071912766919e-04
-1.225855820864071610e+01 -4.055051133049450973e-01 -4.729435718801401687e-04
-1.214393845965241248e+01 -3.778352456972614570e-01 -2.875987453564458006e-04
-1.117653378750311433e+01 -3.150066655969357976e-01 -6.800032762019391289e-05
-9.356344192192622700e+00 -2.170193730039575719e-01 1.858516813286397807e-04
-6.683369673721261783e+00 -8.387336791834437699e-02 4.739572814900095809e-04
-3.157610232088902791e+00 8.443134965991105911e-02 7.963164728639372802e-04
4.287835282366966316e-01 2.496844083957993898e-01 1.112649985616013561e-03
3.283661002787781502e+00 3.736754369543113796e-01 1.382678549911829429e-03
5.407022191564510472e+00 4.564044353354527184e-01 1.606402165751402884e-03
6.798867094566505287e+00 4.978714035392085013e-01 1.783820833134694460e-03
7.459195711793986661e+00 4.980763415655878878e-01 1.914934552061725841e-03
7.388008043246952816e+00 4.570192494145910445e-01 1.999743322532496811e-03
6.585304088925302501e+00 3.747001270862086453e-01 2.038247144547008886e-03
5.051083848829179601e+00 2.511189745804556783e-01 2.030446018105255563e-03
2.785347322958541483e+00 8.627579189732625942e-02 1.976339943207241611e-03
-2.119054886866091891e-01 -1.198294209631795004e-01 1.875928919852967464e-03
-3.231966252148985141e+00 -3.207973850456550813e-01 1.728595703784872916e-03
-5.566086080129117875e+00 -4.702261663591219554e-01 1.533723015425807407e-03
-7.214264972482270721e+00 -5.681157648941048688e-01 1.291310854775633895e-03
-8.176502929208449899e+00 -6.144661806506040991e-01 1.001359221834352163e-03
-8.452799950307650079e+00 -6.092774136286169817e-01 6.638681166019307685e-04
-8.043156035779812640e+00 -5.525494638281438498e-01 2.788375390784285845e-04
-6.947571185625004198e+00 -4.442823312491873677e-01 -1.537325107361816028e-04
-5.166045399843216757e+00 -2.844760158917467585e-01 -6.338420328418996851e-04
-2.698578678434203404e+00 -7.313051775580148295e-02 -1.161491027238774777e-03
4.548289786015971004e-01 1.897541631586111555e-01 -1.736679493926713419e-03
3.623567133850708277e+00 4.506525915102541635e-01 -1.729608199082856203e-03
6.137012558944262786e+00 6.560383110351334368e-01 -5.104658963456685725e-04
7.995165253867147825e+00 8.059113217320428291e-01 1.920747414299438932e-03
9.198025218619029886e+00 9.002716236009560280e-01 5.564031732852036533e-03
9.745592453200110583e+00 9.391192166418882437e-01 1.041938705931228469e-02
9.637866957610384588e+00 9.224541008548399201e-01 1.648681339368018514e-02
8.874848731849853678e+00 8.502762762398106133e-01 2.376631073595573268e-02
7.456537775918362421e+00 7.225857427967872226e-01 3.225787908613973742e-02
5.382934089816163059e+00 5.393825005257919525e-01 4.196151844423069710e-02
2.654037673556102206e+00 3.006665494278981665e-01 5.287722881015238102e-02
-1.607774428717128889e-01 5.403949858846032739e-02 6.162165254049944974e-02
-2.492148089282698376e+00 -1.528979508239152185e-01 6.481149652344592171e-02
-4.340074265676440390e+00 -3.201457988091919171e-01 6.244676075899126266e-02
-5.704555972053166890e+00 -4.477040453673894471e-01 5.452744524713594443e-02
-6.585593208412877431e+00 -5.355726904985084191e-01 4.105354998788002946e-02
-6.983185974755587111e+00 -5.837517342025507761e-01 2.202507498122154017e-02
-6.897334271081222212e+00 -5.922411764795081357e-01 -2.557979772836144194e-03
-6.328038097389844907e+00 -5.610410173293869374e-01 -3.269561427429444611e-02
-5.275297453681451643e+00 -4.901512567521865149e-01 -6.838782852315339333e-02
-3.739112340010189772e+00 -3.795718947497271345e-01 -1.096346225166943272e-01
-1.984876588019267585e+00 -2.382528395867277715e-01 -1.431313303660592395e-01
-2.779688439919812959e-01 -7.514348743016525944e-02 -1.555740474515438232e-01
1.381610892071668761e+00 1.097561617199603323e-01 -1.469627737731481198e-01
2.993862620171825029e+00 3.164461078636685576e-01 -1.172975093308686184e-01
4.558786340308198959e+00 5.449263510009224598e-01 -6.657825412471055082e-02
6.076382052480937546e+00 7.951968911317396360e-01 5.194991845327873170e-03
7.546649756690039013e+00 1.067257728256119753e+00 9.802222857924652866e-02
8.969589452935631257e+00 1.361108862374090345e+00 2.119034560770565734e-01
1.034520114121745493e+01 1.676750293485598675e+00 3.468386743387374960e-01
1.167348482153564682e+01 2.014182021590670502e+00 5.028278833642989554e-01
1.268822979071718926e+01 2.303247390392441751e+00 6.475620005710029936e-01
1.312322534558906817e+01 2.473789743594048129e+00 7.487319433761123744e-01
1.297847148615125334e+01 2.525809081195489636e+00 8.063377117796300952e-01
1.225396821240376077e+01 2.459305403196757389e+00 8.203793057815457201e-01
1.094971552434661000e+01 2.274278709597860271e+00 7.908567253818667986e-01
9.065713421979801012e+00 1.970729000398798725e+00 7.177699705805928865e-01
6.601961905303082467e+00 1.548656275599529231e+00 6.011190413777118824e-01
3.558460974316901115e+00 1.008060535200128838e+00 4.409039377732447140e-01
-6.478937097894110764e-02 3.489417792005635732e-01 2.371246597671825551e-01
-4.267789130584443313e+00 -4.286999923991663408e-01 -1.021879264047442781e-02
-8.282709516470509570e+00 -1.185280651783984007e+00 -2.472901337271830591e-01
-1.134167780430558814e+01 -1.781208083927915631e+00 -4.202499971782677757e-01
-1.344469399393294395e+01 -2.216482288802469558e+00 -5.290983829827350382e-01
-1.459175808535258589e+01 -2.491103266407649119e+00 -5.738352911405857348e-01
-1.478287007856448554e+01 -2.605071016743454315e+00 -5.544607216518143700e-01
-1.401802997356860558e+01 -2.558385539809864717e+00 -4.709746745164247184e-01
-1.229723777036500820e+01 -2.351046835606899865e+00 -3.233771497344182233e-01
-9.620493468953686289e+00 -1.983054904134557983e+00 -1.116681473057943297e-01
-5.987797069334288125e+00 -1.454409745392786002e+00 1.641523327694739409e-01
-1.399148571507449645e+00 -7.651113593816771807e-01 5.040842904913375166e-01
3.148764499562763053e+00 -6.816692905161596261e-02 8.302764846325972892e-01
6.659235608492886094e+00 4.834134442491778705e-01 1.064876189062601508e+00
9.132264755260429467e+00 8.896297605172536205e-01 1.207883403779588694e+00
1.056785193986495131e+01 1.150482019752540275e+00 1.259298128783533421e+00
1.096599716230672428e+01 1.265970221955080133e+00 1.219120364074452345e+00
1.032670042258573950e+01 1.236094367124872750e+00 1.087350109652345687e+00
8.649961720702005863e+00 1.060854455261918794e+00 8.639873655172134459e-01
5.935781056655230259e+00 7.402504863661829582e-01 5.490321316690233155e-01
2.184158430445897636e+00 2.742824604377216424e-01 1.424844081078315838e-01
-2.604906157903035702e+00 -3.370496225203918894e-01 -3.556558051641497964e-01
-7.413108940310161543e+00 -9.576584734676819588e-01 -8.470338931759137102e-01
-1.122216557104260737e+01 -1.451459398988710348e+00 -1.233297116897281054e+00
-1.403207605009970038e+01 -1.818452399083390736e+00 -1.514445476328184270e+00
-1.584284037748181184e+01 -2.058637473751771196e+00 -1.690478971468660330e+00
-1.665445855318895241e+01 -2.172014622993852395e+00 -1.761397602318711675e+00
-1.646693057722105635e+01 -2.158583846809627449e+00 -1.727201368878328758e+00
-1.528025644957816276e+01 -2.018345145199099022e+00 -1.587890271147517574e+00
-1.309443617026030005e+01 -1.751298518162271556e+00 -1.343464309126281453e+00
-9.909469739267454003e+00 -1.357443965699144162e+00 -9.939234828146186196e-01
-5.725357156769774747e+00 -8.367814878314092653e-01 -5.392677922305488813e-01
-1.375576092881345636e+00 -2.955702151991194127e-01 -6.777457460386331067e-02
2.306443472383691962e+00 1.599368015148685818e-01 3.322838839068272265e-01
5.320701539025334270e+00 5.297395623105547457e-01 6.609075833015218837e-01
7.667198107043766697e+00 8.138380671879607009e-01 9.180965235802410751e-01
9.345933176438565582e+00 1.012232316147035238e+00 1.103850704742938671e+00
1.035690674720997428e+01 1.124922309187808445e+00 1.218170126789640539e+00
1.070011881935798748e+01 1.151908046310279543e+00 1.261054789720347236e+00
1.037556939288255542e+01 1.093189527514439652e+00 1.232504693535052986e+00
9.383258467783726076e+00 9.487667528002992068e-01 1.132519838233762455e+00
7.723186044061504774e+00 7.186397221678573199e-01 9.611002238164763067e-01
5.829055502386991883e+00 4.617763707702334242e-01 7.630134147856681981e-01
4.134570223431289548e+00 2.371446337605479515e-01 5.830269756438116735e-01
2.639730207194271649e+00 4.474451113878477604e-02 4.211409063908927441e-01
1.344535453676205972e+00 -1.154239970950213523e-01 2.773552070269405534e-01
2.489859628769491851e-01 -2.433608909408893073e-01 1.516698775519397246e-01
-6.469182652034981551e-01 -3.390661703988189779e-01 4.408491796589035505e-02
-1.343177230565188562e+00 -4.025398354688144997e-01 -4.539967173121475102e-02
-1.839790933207999135e+00 -4.337818861508647705e-01 -1.167838915393596966e-01
-2.136759373132000484e+00 -4.327923224449767847e-01 -1.700677414585532454e-01
-2.234082550337191719e+00 -3.995711443511504313e-01 -2.052512214887953490e-01
-2.247843465402168395e+00 -3.528216103029638284e-01 -2.324022502683380231e-01
-2.294131761346885234e+00 -3.112480489621788915e-01 -2.615893225366542341e-01
-2.372947438195097902e+00 -2.748504603326187290e-01 -2.928124382958067207e-01
-2.484290495946805954e+00 -2.436288444142834242e-01 -3.260715975457954552e-01
-2.628160934602024934e+00 -2.175832012071708399e-01 -3.613668002866236018e-01
-2.804558754160727307e+00 -1.967135307112855558e-01 -3.986980465182848876e-01
-3.013483954622925953e+00 -1.810198329266251294e-01 -4.380653362407825879e-01
-3.254936535988620427e+00 -1.705021078531895051e-01 -4.794686694541163696e-01
-3.528916498257835599e+00 -1.651603554909784055e-01 -5.229080461582904515e-01
-3.835423841430524838e+00 -1.649945758399928852e-01 -5.683834663532969511e-01
-4.040536973021152001e+00 -1.645894894423679811e-01 -5.973779760003600225e-01
-4.010331746177283385e+00 -1.585297135513655531e-01 -5.913742678757265558e-01
-3.744808160895837901e+00 -1.468152481668612563e-01 -5.503723419789704474e-01
-3.243966217176865285e+00 -1.294460932888571170e-01 -4.743721983100988027e-01
-2.507805915020349996e+00 -1.064222489173523717e-01 -3.633738368691095677e-01
-1.536327254426293809e+00 -7.774371505234702051e-02 -2.173772576560027980e-01
-3.295302353946949481e-01 -4.341049169384100792e-02 -3.638246067077843815e-02
1.112585142074582922e+00 -3.422578841830642427e-03 1.796105540865841066e-01
2.790018877981286227e+00 4.222002350367708157e-02 4.306017866160464780e-01
4.702770972318955245e+00 9.351731534243583333e-02 7.165912369166396179e-01
6.561689668822189070e+00 1.394920322254006029e-01 9.941717359769067786e-01
8.077628726285430716e+00 1.691671190754854281e-01 1.219936942700594606e+00
9.250588144708409288e+00 1.825425758926851605e-01 1.393886857087662801e+00
1.008056792409127667e+01 1.796184026770029363e-01 1.516021479138133454e+00
1.056756806443403640e+01 1.603945994284389776e-01 1.586340808852007012e+00
1.071158856573668139e+01 1.248711661469891765e-01 1.604844846229282807e+00
1.051262942799918676e+01 7.304810283266005566e-02 1.571533591269957064e+00
9.970690651221580936e+00 4.925409485449117053e-03 1.486407043974034448e+00
9.085772235403863917e+00 -7.949691389464366709e-02 1.349465204341514291e+00
7.857874180590089352e+00 -1.802188673043560729e-01 1.160708072378885181e+00
6.502890546108869074e+00 -2.812509741372726801e-01 9.519350264044735832e-01
5.236703038217258133e+00 -3.666046726762061669e-01 7.549436252331089836e-01
4.059311656915259192e+00 -4.362799629211562835e-01 5.697338688647912708e-01
2.970716402202776774e+00 -4.902768448721273598e-01 3.963057572995056232e-01
1.970917274080006498e+00 -5.285953185291097922e-01 2.346592905372830162e-01
1.059914272546846892e+00 -5.512353838921089100e-01 8.479446857810710170e-02
2.377073976032981761e-01 -5.581970409611247685e-01 -5.328870857802173178e-02
-4.957033507507009329e-01 -5.494802897361561467e-01 -1.795902409311144199e-01
-1.140317972515020095e+00 -5.250851302172041546e-01 -2.941101284811482586e-01
-1.696136467689728367e+00 -4.850115624042691254e-01 -3.968483712281353215e-01
-2.207246158923735102e+00 -4.356595595606891358e-01 -4.903268143584588179e-01
-2.717734368865948102e+00 -3.834290949498027623e-01 -5.770673030585022900e-01
-3.227601097516413997e+00 -3.283201685716047868e-01 -6.570698373282727323e-01
-3.736846344875041304e+00 -2.703327804261052569e-01 -7.303344171677558228e-01
-4.245470110941875319e+00 -2.094669305132991766e-01 -7.968610425769588890e-01
-4.753472395716915599e+00 -1.457226188331866013e-01 -8.566497135558819309e-01
-5.260853199200209218e+00 -7.909984538576150803e-02 -9.097004301045293895e-01
-5.767612521391663805e+00 -9.598610171035831806e-03 -9.560131922228920498e-01
-6.273750362291326432e+00 6.278108681099636712e-02 -9.955879999109746858e-01
-6.779266721899195325e+00 1.380392455603350332e-01 -1.028424853168777187e+00
-7.184419761198108212e+00 2.063338753812718751e-01 -1.047199519597312056e+00
-7.389461933794923887e+00 2.578224224047844793e-01 -1.044587347694151847e+00
-7.394393239669275530e+00 2.925048866288654237e-01 -1.020588337457801087e+00
-7.199213678821165807e+00 3.103812680535149582e-01 -9.752024888882593334e-01
-6.803923251250547644e+00 3.114515666787323056e-01 -9.084298019855201467e-01
-6.208521956957492094e+00 2.957157825045172439e-01 -8.202702767495946290e-01
-5.413009795941974289e+00 2.631739155308707723e-01 -7.107239131804785615e-01
-4.417386768203991565e+00 2.138259657577927519e-01 -5.797907112781712780e-01
-3.221652873743432011e+00 1.476719331852765493e-01 -4.274706710426589562e-01
-1.825808112560506125e+00 6.471181781333393279e-02 -2.537637924739681305e-01
-3.805071493275999917e-01 -2.608570994643486657e-02 -7.904067838422326742e-02
9.635924777560000987e-01 -1.157518086175932381e-01 7.632767987371058549e-02
2.206490768686973247e+00 -2.042864781999448875e-01 2.123412822993812066e-01
3.348187723465100518e+00 -2.916897186934742647e-01 3.290001288927646428e-01
4.388683342090495820e+00 -3.779615300981893355e-01 4.263042196538737727e-01
5.327977624563159154e+00 -4.631019124140898224e-01 5.042535545827084853e-01
6.166070570883089630e+00 -5.471108656411759474e-01 5.628481336792690026e-01
6.902962181050351198e+00 -6.299883897794550380e-01 6.020879569435577672e-01
7.538652455064809743e+00 -7.117344848289122172e-01 6.219730243755677845e-01
8.073141392925137438e+00 -7.923491507890786378e-01 6.225033359754975626e-01
8.444895843414860437e+00 -8.508776469772184603e-01 6.122156431310830094e-01
8.592383828953840563e+00 -8.663656323853136110e-01 5.996465344065834424e-01
8.515605349542047620e+00 -8.388131070133610923e-01 5.847960098020008601e-01
8.214560405179504698e+00 -7.682200708613639017e-01 5.676640693173343744e-01
7.689248995866213576e+00 -6.545865239293229276e-01 5.482507129525842071e-01
6.939671121602096093e+00 -4.979124662172213500e-01 5.265559407077481380e-01
5.965826782387285476e+00 -2.981978977250874241e-01 5.025797525828298307e-01
4.767715978221728435e+00 -5.544281845290954802e-02 4.763221485778279529e-01
3.345338709105418751e+00 2.303527715993131109e-01 4.477831286927420607e-01
1.698694975076412206e+00 5.591888724212872308e-01 4.169626929266948001e-01
1.449888072908658843e-02 8.806144529693753498e-01 3.795865334819044645e-01
-1.520546152789119310e+00 1.144181368917623898e+00 3.313805871288149629e-01
-2.906440125478206404e+00 1.349889620266032209e+00 2.723448538674260733e-01
-4.143183037338278751e+00 1.497739207014611829e+00 2.024793336977312452e-01
-5.230774888369115416e+00 1.587730129163336779e+00 1.217840266197429411e-01
-6.169215678570832750e+00 1.619862386712221269e+00 3.025893263345524886e-02
-6.958505407943432530e+00 1.594135979661266633e+00 -7.209594826113169264e-02
-7.598644076486962717e+00 1.510550908010462434e+00 -1.852806160640284860e-01
-8.089631684201311401e+00 1.369107171759823549e+00 -3.092950707752148976e-01
-8.431468231086542531e+00 1.169804770909345093e+00 -4.441393123947007249e-01
-8.639575196805612478e+00 9.426390759014042775e-01 -5.782476911892311389e-01
-8.729374061021488274e+00 7.176054571783790914e-01 -7.000545574255518932e-01
-8.700864823734155706e+00 4.947039147402492731e-01 -8.095599111036719808e-01
-8.554047484943625435e+00 2.739344485870547352e-01 -9.067637522235721947e-01
-8.288922044649895682e+00 5.529705871877549361e-02 -9.916660807852625270e-01
-7.905488502852966448e+00 -1.612082548645883684e-01 -1.064266896788742978e+00
-7.403746859552792436e+00 -3.755814921630559744e-01 -1.124566200234018432e+00
-6.783697114749460688e+00 -5.878226531765891050e-01 -1.172563991121078564e+00
-6.045339268442930347e+00 -7.979317379052067727e-01 -1.208260269449928703e+00
-5.188673320633202302e+00 -1.005908746348909366e+00 -1.231655035220569072e+00
-4.236132978558854845e+00 -1.154009493721671387e+00 -1.208657804864075702e+00
-3.210153233148705265e+00 -1.184486491029583588e+00 -1.105176144103532154e+00
-2.110734084407263289e+00 -1.097339738260848074e+00 -9.212100529319633413e-01
-9.378755323345284722e-01 -8.925692354154644015e-01 -6.567595313493689302e-01
3.084224230696119839e-01 -5.701749824933994848e-01 -3.118245793557153922e-01
1.628159781804938255e+00 -1.301569794947097236e-01 1.135948030489364324e-01
3.021336543871556923e+00 4.274847735806277527e-01 6.194986158646136332e-01
4.487952709269467988e+00 1.102750276732613388e+00 1.205886859091315877e+00
6.028008277998812225e+00 1.895639529961322234e+00 1.872759532729106446e+00
7.641503250059314745e+00 2.806152533266613958e+00 2.620116636777866326e+00
9.051374061847308639e+00 3.670625868719138651e+00 3.315307632188084330e+00
9.980551865159418057e+00 4.325392996738923301e+00 3.825679449786879349e+00
1.042903665998936802e+01 4.770453917322276638e+00 4.151232089571255557e+00
1.039682844633707681e+01 5.005808630469121390e+00 4.291965551541156110e+00
9.883927224202601280e+00 5.031457136179501966e+00 4.247879835696616091e+00
8.890332993585943200e+00 4.847399434453421918e+00 4.018974942037637277e+00
7.416045754487104347e+00 4.453635525290881247e+00 3.605250870564217891e+00
5.461065506906084721e+00 3.850165408691878621e+00 3.006707621276360598e+00
3.025392250842884323e+00 3.036989084656414484e+00 2.223345194174062733e+00
1.090259862969427118e-01 2.014106553184287662e+00 1.255163589257137335e+00
-2.807594727980356364e+00 9.453566524562903028e-01 2.585587461892426275e-01
-5.243994677812211513e+00 -5.409279137971644003e-03 -6.100614630187519705e-01
-7.200173863023837662e+00 -8.381912415388934612e-01 -1.350697038309947251e+00
-8.676132283615231700e+00 -1.552989234746474212e+00 -1.963347979684342937e+00
-9.671869939586390075e+00 -2.149803258760712765e+00 -2.448014287141938805e+00
-1.018738683093731723e+01 -2.628633313581610231e+00 -2.804695960682735301e+00
-1.022268295766801494e+01 -2.989479399209167276e+00 -3.033393000306731757e+00
-9.777758319778358853e+00 -3.232341515643415875e+00 -3.134105406013936612e+00
-8.852612917268507076e+00 -3.357219662884268985e+00 -3.106833177804312118e+00
-7.447246750138420524e+00 -3.364113840931780786e+00 -2.951576315677887585e+00
-5.874644760489693418e+00 -3.273111138589562596e+00 -2.715933380593143376e+00
-4.447803829994227520e+00 -3.104299410931983694e+00 -2.447504749271201430e+00
-3.166723958680488060e+00 -2.857678657960871504e+00 -2.146290421716390728e+00
-2.031405146548476814e+00 -2.533248879676225584e+00 -1.812290397928710606e+00
-1.041847393598193783e+00 -2.131010076078045934e+00 -1.445504677908161506e+00
-1.980506998295012422e-01 -1.650962247166241070e+00 -1.045933261654669488e+00
4.999849347573013247e-01 -1.093105392940980636e+00 -6.135761491683768831e-01
1.052259510162375955e+00 -4.574395134021866927e-01 -1.484333404492148567e-01
1.458773026385723037e+00 2.560353914501407591e-01 3.494951645028159248e-01
1.719525483427342571e+00 1.047319321616001497e+00 8.802093656877156835e-01
1.859763187036322263e+00 1.772907881437900679e+00 1.355213168098231336e+00
1.904732442961750483e+00 2.289296675258345903e+00 1.686010476727110685e+00
1.854433251203626565e+00 2.596485703077335394e+00 1.872601291574353288e+00
1.708865611761950731e+00 2.694474964894868041e+00 1.914985612639958923e+00
1.468029524636672578e+00 2.583264460710908317e+00 1.813163439923897613e+00
1.131924989827876260e+00 2.262854190525493969e+00 1.567134773426204442e+00
7.005520073355282484e-01 1.733244154338623888e+00 1.176899613146874524e+00
1.739105771596287653e-01 9.944343521502987393e-01 6.424579590859080813e-01
-4.479993006998221894e-01 4.642478396051874512e-02 -3.619018875669421931e-02
-1.165177626229306762e+00 -1.110784550206536103e+00 -8.590448303638670291e-01
-1.828979379318518950e+00 -2.211311549791243891e+00 -1.638445457374370529e+00
-2.290765210065942359e+00 -2.989284256565170494e+00 -2.186738719919481433e+00
-2.550535118471604967e+00 -3.444702670528370092e+00 -2.503924617999235824e+00
-2.608289104535415071e+00 -3.577566791680678371e+00 -2.590003151613520238e+00
-2.464027168257437506e+00 -3.387876620022209018e+00 -2.444974320762413278e+00
-2.117749309637670496e+00 -2.875632155552958036e+00 -2.068838125445914056e+00
-1.569455528676115152e+00 -2.040833398272927202e+00 -1.461594565664021239e+00
-8.191458253727725847e-01 -8.834803481821165150e-01 -6.232436414167379368e-01
1.331798002723596497e-01 5.964269947194740240e-01 4.462146472959385157e-01
1.287521348173412017e+00 2.398888630295600066e+00 1.746780300375800232e+00
2.407838574980623036e+00 4.149381906109901763e+00 3.008493860620060634e+00
3.258109244840471597e+00 5.473412742037104373e+00 3.961416466017011473e+00
3.838333357753183961e+00 6.370981138077554284e+00 4.605548116566906103e+00
4.148510913718757465e+00 6.842087094231254163e+00 4.940888812269742303e+00
4.188641912737194772e+00 6.886730610498204008e+00 4.967438553125522738e+00
3.958726354808493664e+00 6.504911686878400268e+00 4.685197339134245631e+00
3.458764239932656359e+00 5.696630323371847382e+00 4.094165170295912759e+00
2.688755568109679750e+00 4.461886519978545351e+00 3.194342046610521901e+00
1.648700339339566501e+00 2.800680276698488846e+00 1.985727968078073502e+00
3.385985536220585956e-01 7.130115935312737463e-01 4.683229346982709096e-01
-9.842739034365906026e-01 -1.389608056979622530e+00 -1.057430171041912503e+00
-2.062621517170538876e+00 -3.095635805709584520e+00 -2.291065544137012466e+00
-2.896444287486183544e+00 -4.405071652508893543e+00 -3.232583184477722416e+00
-3.485742214383528825e+00 -5.317915597377558257e+00 -3.881983092064046570e+00
-3.830515297862572055e+00 -5.834167640315572889e+00 -4.239265266895981377e+00
-3.930763537923311901e+00 -5.953827781322935664e+00 -4.304429708973526836e+00
-3.786486934565751916e+00 -5.676896020399653686e+00 -4.077476418296685168e+00
-3.397685487789797953e+00 -5.003372357545566196e+00 -3.558405394865336024e+00
-2.764359197595590345e+00 -3.933256792760913889e+00 -2.747216638679664147e+00
-1.886508063983079575e+00 -2.466549326045613277e+00 -1.643910149739603810e+00
-9.458047703652462390e-01 -9.008379412256463104e-01 -4.750403235436800875e-01
-1.239289305005445291e-01 4.662780256570308590e-01 5.328298019422569309e-01
5.791194555945028410e-01 1.634798574575353269e+00 1.379700226697602616e+00
1.163340387919895136e+00 2.604723705529322419e+00 2.065570950722357857e+00
1.628733866475632563e+00 3.376053418518936144e+00 2.590441974016520543e+00
1.975299891261765861e+00 3.948787713544279487e+00 2.954313296580141746e+00
2.203038462278172904e+00 4.322926590605150388e+00 3.157184918413094898e+00
2.311949579524924747e+00 4.498470049701666085e+00 3.199056839515454609e+00
2.302033243002020946e+00 4.475418090833827023e+00 3.079929059887223097e+00
2.173289452709463276e+00 4.253770714001634090e+00 2.799801579528400808e+00
1.987360978574385317e+00 3.990232235339032929e+00 2.511482113217357703e+00
1.805890590523921757e+00 3.841506970979970959e+00 2.367778375732467300e+00
1.628878288558072374e+00 3.807594920924448179e+00 2.368690367073728709e+00
1.456324072676837389e+00 3.888496085172463701e+00 2.514218087241141486e+00
1.288227942880188159e+00 4.084210463724064155e+00 2.804361536234770469e+00
1.124589899168183305e+00 4.394738056579178043e+00 3.239120714054512629e+00
9.654099415407927376e-01 4.820078863737831121e+00 3.818495620700407045e+00
8.106880699980169025e-01 5.360232885200023389e+00 4.542486256172452386e+00
6.604242845398554662e-01 6.015200120965753960e+00 5.411092620470650871e+00
5.146185851653767296e-01 6.784980571011975492e+00 6.424314713569675206e+00
3.630271179594192765e-01 7.416148159264109196e+00 7.303703082059446849e+00
1.954064197685869697e-01 7.655286476831599352e+00 7.770818894254960973e+00
1.175649059284586406e-02 7.502395523714386449e+00 7.825662150156191821e+00
-1.879226695677388703e-01 6.957475299912523781e+00 7.468232849763118963e+00
-4.036310607131983752e-01 6.020525805426022004e+00 6.698530993075792139e+00
-6.353686828435326506e-01 4.691547040254878453e+00 5.516556580094208684e+00
-8.831355359587418352e-01 2.970539004399093130e+00 3.922309610818369485e+00
-1.146931620058825763e+00 8.575016978586678107e-01 1.915790085248273655e+00
-1.426756935143784766e+00 -1.647564879366399282e+00 -5.030019966160779177e-01
-1.722611481200926553e+00 -4.544660727082256102e+00 -3.334066634573122467e+00
-1.999608159741066427e+00 -7.300907555210506494e+00 -6.023327332811277302e+00
-2.222862533809645935e+00 -9.383467726925966090e+00 -8.016749865982127687e+00
-2.392374603406719036e+00 -1.079234124222918112e+01 -9.314334234086206976e+00
-2.508144368532285284e+00 -1.152752810112015247e+01 -9.916080437123520497e+00
-2.570171829186345569e+00 -1.158902830359888725e+01 -9.821988475094070026e+00
-2.578456985368899446e+00 -1.097684184966537480e+01 -9.032058347997850234e+00
-2.532999837079947358e+00 -9.690968739319625769e+00 -7.546290055834865562e+00
-2.433800384319488863e+00 -7.731408972561633064e+00 -5.364683598605113346e+00
-2.280858627087523516e+00 -5.098162549391394904e+00 -2.487238976308592697e+00
-2.074174565384010460e+00 -1.791229469808268249e+00 1.086043811055388275e+00
-1.843173432650246912e+00 1.497567320374587174e+00 4.593561281839837918e+00
-1.617282707348090875e+00 4.076352092185474341e+00 7.273651847280058647e+00
-1.396502389488248452e+00 5.945124845372694367e+00 9.126315507098967217e+00
-1.180832479070719643e+00 7.103885579936255468e+00 1.015155226129656896e+01
-9.702729760955042249e-01 7.552634295876154980e+00 1.034936210987286032e+01
-7.648238805626023096e-01 7.291370993192387573e+00 9.719745052827841292e+00
-5.644851924720138969e-01 6.320095671884963018e+00 8.262701090161517214e+00
-3.692569118237045700e-01 4.638808331953510944e+00 5.978230221873400474e+00
-1.791390386177439398e-01 2.247508973398629095e+00 2.866332447964310859e+00
5.868427145903409858e-03 -8.538024037799143429e-01 -1.072992231566091803e+00
1.667419788469020336e-01 -3.992246137736302103e+00 -5.017986108718062610e+00
2.844573841670816616e-01 -6.494916897996756866e+00 -8.146860127549459207e+00
3.590146431047122055e-01 -8.361814684500080475e+00 -1.045961428798555026e+01
3.904137556597937486e-01 -9.592939497246275593e+00 -1.195624859002633222e+01
3.786547218323260133e-01 -1.018829133623533600e+01 -1.263676303367179976e+01
3.237375416222955660e-01 -1.014787020146719954e+01 -1.250115761892186228e+01
2.256622150297218909e-01 -9.471676092941887504e+00 -1.154943234577656774e+01
8.442874205459927062e-02 -8.159709010659442541e+00 -9.781587214235962335e+00
-9.996287730307285013e-02 -6.211968954619865535e+00 -7.197622224300044280e+00
-3.275126430432937497e-01 -3.628455924823157375e+00 -3.797537375968821571e+00
-5.557150315221772718e-01 -9.580224975612033900e-01 -2.952610512597378389e-01
-7.420645190958365944e-01 1.250478750874114642e+00 2.595278367809760844e+00
-8.865611057642720505e-01 2.997047820482793057e+00 4.874080881239670759e+00
-9.892047915274830849e-01 4.281684711264833965e+00 6.541146489029988409e+00
-1.049995576385477358e+00 5.104389423220342614e+00 7.596475191180854125e+00
-1.068933460338232777e+00 5.465161956349023242e+00 8.040066987691885103e+00
-1.046018443385763996e+00 5.364002310651066807e+00 7.871921878563330921e+00
-9.812505255280714600e-01 4.800910486126474197e+00 7.092039863795185362e+00
-8.746297067651546131e-01 3.775886482775243636e+00 5.700420943387451977e+00
-7.261559870987266407e-01 2.288930300629959724e+00 3.697065117381800103e+00
-5.546660312358886458e-01 6.983520581725919385e-01 1.540154652492220944e+00
-3.789957853408550403e-01 -6.375517942026747154e-01 -3.121456623752572601e-01
-1.991452494135934059e-01 -1.718781256496012100e+00 -1.859835827220880367e+00
-1.511442345416771915e-02 -2.545336328707034745e+00 -3.102915842044099204e+00
1.730966925374534671e-01 -3.117217010835958035e+00 -4.041385706845217918e+00
3.654880985612702915e-01 -3.434423302882780860e+00 -4.675245421624232733e+00
5.620597946172828374e-01 -3.496955204847504106e+00 -5.004494986381145871e+00
7.628117807054910493e-01 -3.304812716730128663e+00 -5.029134401115959108e+00
9.677440568258947051e-01 -2.857995838530652755e+00 -4.749163665828668002e+00
1.176856622950262610e+00 -2.156504570311248870e+00 -4.164582780558320430e+00
1.312543916863192495e+00 -1.371242117184013898e+00 -3.382719386374726245e+00
1.297206296873177900e+00 -6.730986460655999926e-01 -2.510892936328453562e+00
1.130843762980255685e+00 -6.207415695585986881e-02 -1.549103430419371374e+00
8.134563151844266260e-01 4.618313501452061542e-01 -4.973508686474803486e-01
3.450439534856903911e-01 8.986178752375982848e-01 6.443647489872206258e-01
-2.743933221159533531e-01 1.248285418321316786e+00 1.876043422484731327e+00
-1.044855511620503608e+00 1.510833979396361215e+00 3.197685151845050200e+00
-1.966342615027961704e+00 1.686263558462731904e+00 4.609289937068179022e+00
-3.038854632338327200e+00 1.774574155520428409e+00 6.110857778154117348e+00
-4.262391563551830131e+00 1.775765770569443625e+00 7.702388675103156501e+00
-5.377907085361328221e+00 1.697052409560795061e+00 9.054872307961730371e+00
-6.126335110323150701e+00 1.545648628843604211e+00 9.839273254683371661e+00
-6.507675638343053848e+00 1.321554428420495864e+00 1.005559151514837879e+01
-6.521928669421040325e+00 1.024769808291470241e+00 9.703827089356760638e+00
-6.169094203557108358e+00 6.552947684565272324e-01 8.783979977308510101e+00
-5.449172240751256169e+00 2.131293089156665044e-01 7.296050179003626290e+00
-4.362162781003487311e+00 -3.017265703311116098e-01 5.240037694442115423e+00
-2.908065824313508685e+00 -8.892728692839182436e-01 2.615942523623456140e+00
-1.086881370681836323e+00 -1.549509587942544897e+00 -5.762353334514180858e-01
1.101390579891753596e+00 -2.282436726307088382e+00 -4.336495876782924697e+00
3.248235765140283338e+00 -2.969507283571716894e+00 -7.981749363113777029e+00
4.945124339028661886e+00 -3.492169736667506630e+00 -1.082887999107039434e+01
6.192056301519737183e+00 -3.850424085583674216e+00 -1.287788776059064411e+01
6.989031652613508783e+00 -4.044270330320223650e+00 -1.412877267167453788e+01
7.336050392309976687e+00 -4.073708470877150489e+00 -1.458153472432206677e+01
7.233112520609082274e+00 -3.938738507254417875e+00 -1.423617391853309933e+01
6.680218037510861961e+00 -3.639360439452074658e+00 -1.309269025430776168e+01
5.677366943015337952e+00 -3.175574267470110179e+00 -1.115108373164606093e+01
4.224559237122509359e+00 -2.547379991308524438e+00 -8.411354350547991743e+00
2.321794919832378845e+00 -1.754777610967319434e+00 -4.873502111013566562e+00
3.183469084904026469e-01 -9.486749076809335435e-01 -1.209630670649278983e+00
-1.436511879557961224e+00 -2.799796626838076397e-01 1.908156312938372956e+00
-2.942781444312710715e+00 2.513081240240574998e-01 4.479858839749383925e+00
-4.200461785773845769e+00 6.451884524426620970e-01 6.505476909783755701e+00
-5.209552903941523816e+00 9.016613225720395697e-01 7.985010523041703223e+00
-5.970054798815387365e+00 1.020726734412098935e+00 8.918459679522699801e+00
-6.481967470395637143e+00 1.002384687962897702e+00 9.305824379227054521e+00
-6.745290918682273151e+00 8.466351832244359832e-01 9.147104622154774489e+00
-6.760025143675294501e+00 5.534782201967137771e-01 8.442300408305854376e+00
-6.526170145380612020e+00 1.229137988899964701e-01 7.191411737708128804e+00
-6.108703974259127811e+00 -3.321873914611050971e-01 5.700503980544301186e+00
-5.572602202120845227e+00 -6.989589671841415219e-01 4.275630831836003232e+00
-4.917864828965637258e+00 -9.774009282791550346e-01 2.916792291582998242e+00
-4.144491854793734831e+00 -1.167513274746045937e+00 1.623988359785768498e+00
-3.252483279605037580e+00 -1.269296006584872183e+00 3.972190364440684185e-01
-2.241839103399539734e+00 -1.282749123795633217e+00 -7.635156784421032183e-01
-1.112559326177243513e+00 -1.207872626378329706e+00 -1.858215784872746967e+00
1.353560520618501961e-01 -1.044666514332961427e+00 -2.886881282847861829e+00
1.501907031317742724e+00 -7.931307876595281581e-01 -3.849512172367448137e+00
2.987093611517275704e+00 -4.532654463844144055e-01 -4.746108453407752670e+00
4.389811835242033666e+00 -9.759884918260197662e-02 -5.511376867166581484e+00
5.508973087282423187e+00 2.013461784551261735e-01 -6.080029136060370654e+00
6.344577367638716048e+00 4.435696365288380738e-01 -6.452065260089272059e+00
6.896624676310913138e+00 6.290715250385336965e-01 -6.627485239253287475e+00
7.165115013299013569e+00 7.578518439842133469e-01 -6.606289073552416014e+00
7.150048378603020005e+00 8.299105933658766920e-01 -6.388476762986657675e+00
6.851424772222931558e+00 8.452477731835238428e-01 -5.974048307556014237e+00
6.269244194158746453e+00 8.038633834371550213e-01 -5.363003707260483921e+00
5.403506644410464688e+00 7.057574241267697834e-01 -4.555342962100064952e+00
4.254212122977858890e+00 5.509298952523359327e-01 -3.551066072074564595e+00
3.011953011413245562e+00 3.763068671306644131e-01 -2.494822795893994805e+00
1.867336232659729811e+00 2.188172273812371560e-01 -1.531273928431709841e+00
8.203617867866515034e-01 7.846097601748847072e-02 -6.604194697403361625e-01
-1.289703262059899158e-01 -4.476188696058177457e-02 1.177405801801272300e-01
-9.806601063181936695e-01 -1.508513615529734619e-01 8.032062213296791153e-01
-1.734707553549959869e+00 -2.398074477596866261e-01 1.395977453708320049e+00
-2.391112667901289512e+00 -3.116301455807213849e-01 1.896054277316050918e+00
-2.949875449372272307e+00 -3.663194550160858154e-01 2.303436692152934562e+00
-3.410995897962710188e+00 -4.038753760657605163e-01 2.618124698218827096e+00
-3.774474013672710626e+00 -4.242979087297567009e-01 2.840118295513808455e+00
-4.076858294917906633e+00 -4.356428218588317414e-01 3.000773472083319682e+00
-4.354698634345117725e+00 -4.459661916105994717e-01 3.131447412123073981e+00
-4.607995031957665688e+00 -4.552680179857925835e-01 3.232140115635923294e+00
-4.836747487755553188e+00 -4.635483009844109659e-01 3.302851582621868065e+00
-5.040956001738778447e+00 -4.708070406064546187e-01 3.343581813080908738e+00
-5.220620573907371664e+00 -4.770442368519246523e-01 3.354330807013042648e+00
-5.375741204261270667e+00 -4.822598897208189017e-01 3.335098564418268907e+00
-5.506317892800508318e+00 -4.864539992131383661e-01 3.285885085296589292e+00
-5.612350639525082840e+00 -4.896265653288832675e-01 3.206690369648005579e+00
-5.693839444434996899e+00 -4.917775880680534950e-01 3.097514417472516435e+00
-5.742523552826336974e+00 -4.894881650770041559e-01 2.964771204452761655e+00
-5.750142209995189546e+00 -4.793393940020906352e-01 2.814874706271378368e+00
-5.716695415941556391e+00 -4.613312748433129329e-01 2.647824922928366576e+00
-5.642183170665436620e+00 -4.354638076006708824e-01 2.463621854423726720e+00
-5.526605474166808918e+00 -4.017369922741579891e-01 2.262265500757421499e+00
-5.369962326445708811e+00 -3.601508288637861321e-01 2.043755861929522410e+00
-5.172253727502122977e+00 -3.107053173695499826e-01 1.808092937939994815e+00
-4.933479677336052305e+00 -2.534004577914497069e-01 1.555276728788839380e+00
-4.653640175947495017e+00 -1.882362501294851387e-01 1.285307234476055438e+00
-4.332735223335411057e+00 -1.152126943842969042e-01 9.981844550024083773e-01
-3.959342655956057389e+00 -4.137376655866764619e-02 7.023184673555666890e-01
-3.522040745975217657e+00 2.623682604393223761e-02 4.061190277126369153e-01
-3.020829493392797716e+00 8.761908342351307222e-02 1.095861360735664591e-01
-2.455708898208975643e+00 1.427730055800530140e-01 -1.872802075615394579e-01
-1.826678960423669285e+00 1.916985925135636093e-01 -4.844800031927332662e-01
-1.133739680036876640e+00 2.343958442240447471e-01 -7.820132508200149379e-01
-3.768910570485983769e-01 2.708647607114964551e-01 -1.079879950443384917e+00
4.438669085411646176e-01 3.011053419759189276e-01 -1.378080102062843038e+00
1.328534216732413453e+00 3.251175880173118315e-01 -1.676613705678388744e+00
2.277110867466716648e+00 3.429014988349645687e-01 -1.975480761272502717e+00
3.128978163333267393e+00 3.525030128697092535e-01 -2.226521221681264429e+00
3.723529660512167716e+00 3.519682176376198735e-01 -2.381578713867903652e+00
4.060765359003593034e+00 3.412971131386990375e-01 -2.440653237832472122e+00
4.140685258807543789e+00 3.204896993729466903e-01 -2.403744793574971617e+00
3.963289359924018651e+00 2.895459763403628317e-01 -2.270853381095400803e+00
3.528577662353018951e+00 2.484659440409474895e-01 -2.041979000393760124e+00
2.836550166094544245e+00 1.972496024747006915e-01 -1.717121651470050026e+00
1.887206871148594534e+00 1.358969516416223544e-01 -1.296281334324269618e+00
6.805477775151689279e-01 6.440799154171256147e-02 -7.794580489564189030e-01
-7.834271148060145684e-01 -1.721727782504411941e-02 -1.666517953663819718e-01
-2.261662782509106684e+00 -9.853170639074229631e-02 4.444686102420750129e-01
-3.511085658220308048e+00 -1.690873470142225665e-01 9.562268999485457055e-01
-4.531695741851188508e+00 -2.288841996916840815e-01 1.368623073717495808e+00
-5.323493033401753394e+00 -2.779222644231269523e-01 1.681657131548927264e+00
-5.886477532871998264e+00 -3.162015412085510402e-01 1.895329073442839407e+00
-6.220649240261923119e+00 -3.437220300479563728e-01 2.009638899399230905e+00
-6.326008155571532399e+00 -3.604837309413431168e-01 2.024586609418104199e+00
-6.202554278800779031e+00 -3.664866438887112166e-01 1.940172203499432646e+00
-5.850287609949710088e+00 -3.617307688900586182e-01 1.756395681643248663e+00
-5.269208149018320242e+00 -3.462161059453872092e-01 1.473257043849544257e+00
-4.638861914547035781e+00 -3.288849113152342851e-01 1.165333389308931045e+00
-4.138801774294962321e+00 -3.186797823842073552e-01 9.072046621364874275e-01
-3.769027728278430356e+00 -3.156007191531198242e-01 6.988708623389958685e-01
-3.529539776497439885e+00 -3.196477216219715811e-01 5.403319899164558127e-01
-3.420337918951989575e+00 -3.308207897907625705e-01 4.315880448688680371e-01
-3.441422155642095859e+00 -3.491199236594967337e-01 3.726390271962261025e-01
-3.592792486567751631e+00 -3.745451232281676868e-01 3.634849368985511031e-01
-3.874448911728948453e+00 -4.070963884967778723e-01 4.041257739758281065e-01
-4.286391431125686324e+00 -4.467737194653274568e-01 4.945615384280570570e-01
-4.828620044757964358e+00 -4.935771161338162738e-01 6.347922302552381213e-01
-5.368882549962256334e+00 -5.475211450212589259e-01 7.684234532085225666e-01
-5.774926744075035145e+00 -6.086203726466699049e-01 8.390608110390623819e-01
-6.046752627096298127e+00 -6.768747990100492107e-01 8.467043037468573452e-01
-6.184360199026047944e+00 -7.522844241113967323e-01 7.913539313319074564e-01
-6.187749459864272161e+00 -8.348492479507281239e-01 6.730096937941860702e-01
-6.056920409610969891e+00 -9.245692705280139645e-01 4.916715911337355971e-01
-5.791873048266152679e+00 -1.021444491843267688e+00 2.473396233505400499e-01
-5.392607375829823191e+00 -1.125474911896490182e+00 -5.998620955540001631e-02
-4.859123392301977873e+00 -1.236660530687680559e+00 -4.303059075840851566e-01
-4.191421097690237296e+00 -1.355001348215518098e+00 -8.636194707311464214e-01
-3.473270721311504161e+00 -1.465967079708023979e+00 -1.311891015789033554e+00
-2.788439296985850913e+00 -1.555027994665056701e+00 -1.727086491925657663e+00
-2.136926824713164308e+00 -1.622184093086626477e+00 -2.109205899141082696e+00
-1.518733304493676606e+00 -1.667435374972709106e+00 -2.458249237435174095e+00
-9.338587363272690123e-01 -1.690781840323319685e+00 -2.774216506808002691e+00
-3.823031202139411944e-01 -1.692223489138456438e+00 -3.057107707259567597e+00
1.359335438463071810e-01 -1.671760321418120476e+00 -3.306922838789868813e+00
6.208512558534751147e-01 -1.629392337162312243e+00 -3.523661901398907226e+00
1.072450015807563606e+00 -1.565119536371030629e+00 -3.707324895086681948e+00
1.490729823717425795e+00 -1.478941919044863385e+00 -3.857911819850410318e+00
1.900028669697097161e+00 -1.372474907020434065e+00 -3.967770602318649864e+00
2.324682687116502500e+00 -1.247333798893982326e+00 -4.029249752896149950e+00
2.764691875975713753e+00 -1.103518594665490848e+00 -4.042349271582936332e+00
3.220056236274730921e+00 -9.410292943349599648e-01 -4.007069158379007234e+00
3.690775768013554003e+00 -7.598658979023897864e-01 -3.923409413284363989e+00
4.176850471192182113e+00 -5.600284053677797580e-01 -3.791370036299005264e+00
4.678280345810616581e+00 -3.415168167311306013e-01 -3.610951027422931947e+00
5.195065391868856963e+00 -1.043311319924418168e-01 -3.382152386656143150e+00
5.727205609366903261e+00 1.515286488482865401e-01 -3.104974113998639318e+00
6.274700998304853172e+00 4.260625257911048180e-01 -2.779416209450359165e+00
6.730475794271720602e+00 6.969440862485173360e-01 -2.443403890733465644e+00
6.987446063429548992e+00 9.418452142224661428e-01 -2.134865269103416896e+00
7.045611805739381950e+00 1.160765909704828180e+00 -1.853800344574011438e+00
6.904973021201223915e+00 1.353706172695604781e+00 -1.600209117145248605e+00
6.565529709815070447e+00 1.520666003194794724e+00 -1.374091586817128618e+00
6.027281871580922434e+00 1.661645401202397787e+00 -1.175447753589651034e+00
5.290229506498781653e+00 1.776644366718415524e+00 -1.004277617462816297e+00
4.354372614568463362e+00 1.865662899742859926e+00 -8.605811784366013129e-01
3.219711195790297964e+00 1.928701000275699906e+00 -7.443584365110571532e-01
1.886245250164139353e+00 1.965758668316953450e+00 -6.556093916861553961e-01
5.569484287365278341e-01 1.994055926852999150e+00 -5.790485043809346921e-01
-5.651978745234065293e-01 2.030813455769789222e+00 -4.993896519104239484e-01
-1.480193659597203837e+00 2.076031255068889969e+00 -4.166328342732329437e-01
-2.188038926484861424e+00 2.129709324750301835e+00 -3.307780514693614560e-01
-2.688733675186381511e+00 2.191847664814023933e+00 -2.418253034988097072e-01
-2.982277905701798737e+00 2.262446275260070472e+00 -1.497745903615610441e-01
-3.068671618031005632e+00 2.341505156088416140e+00 -5.462591205764799618e-02
-2.947914812174074584e+00 2.429024307299072483e+00 4.362073141294531275e-02
-2.620007488131006035e+00 2.525003728892039501e+00 1.449653400502189660e-01
-2.084949645901798654e+00 2.629443420867316306e+00 2.494079138541729912e-01
-1.441347405167210383e+00 2.718625230138291826e+00 3.490048389217940139e-01
-7.878068856079967208e-01 2.768831003618351438e+00 4.358125013500687150e-01
-1.243280872241583623e-01 2.780060741307495142e+00 5.098309011389973167e-01
5.490889899843045541e-01 2.752314443205722938e+00 5.710600382885794302e-01
1.232444346017514292e+00 2.685592109313019726e+00 6.194999127988227716e-01
1.925737980875229294e+00 2.579893739629409044e+00 6.551505246697102436e-01
2.628969894557568132e+00 2.435219334154883342e+00 6.780118739012511719e-01
3.342140087064532139e+00 2.251568892889440399e+00 6.880839604934461118e-01
4.065248558396121759e+00 2.028942415833082435e+00 6.853667844462946190e-01
4.798295308552335214e+00 1.767339902985809230e+00 6.698603457597969157e-01
5.541280337533174283e+00 1.466761354347619895e+00 6.415646444339530019e-01
6.294203645338637187e+00 1.127206769918514428e+00 6.004796804687626555e-01
7.057065231968861596e+00 7.486761496984228881e-01 5.466054538642153293e-01
7.829865097423576614e+00 3.311694936874793882e-01 4.799419646203302858e-01
8.612603241702917245e+00 -1.253131981143806861e-01 4.004892127370986987e-01
9.405279664806879936e+00 -6.207719257071557806e-01 3.082471982145211786e-01
1.020789436673547002e+01 -1.155206689090846339e+00 2.032159210525972259e-01
1.102044734748868748e+01 -1.728617488265453472e+00 8.539538125132706270e-02
1.184293860706652524e+01 -2.341004323230976070e+00 -4.521442118928942211e-02
1.267536814546898860e+01 -2.992367193987413909e+00 -1.886134862692522285e-01
1.351773596269622857e+01 -3.682706100534894222e+00 -3.448018139885901667e-01
1.437004205874794316e+01 -4.412021042873170984e+00 -5.137794043472476702e-01
1.523228643362428159e+01 -5.180312021002363210e+00 -6.955462573452515507e-01
1.610446908732524918e+01 -5.987579034922471344e+00 -8.901023729826017528e-01
