-1.814241980225364259e-01 1.440173749923439883e-01 1.039783921611776435e-01
-1.813326206572711263e-01 1.429607307728876231e-01 1.026942113419680724e-01
-1.812731244316170554e-01 1.422777318159224869e-01 1.018627038962870712e-01
-1.812459744955026431e-01 1.419675893543862477e-01 1.014844996901572843e-01
-1.812514382537324664e-01 1.420295134635296552e-01 1.015602261772397957e-01
-1.812897853631633971e-01 1.424627130692446841e-01 1.020905083922277606e-01
-1.813612877693016878e-01 1.432663959632051454e-01 1.030759689358543424e-01
-1.814662197822546896e-01 1.444397688250150802e-01 1.045172279513605917e-01
-1.816048581919663674e-01 1.459820372515631126e-01 1.064149030922668659e-01
-1.817774824226613961e-01 1.478924057937923420e-01 1.087696094812854036e-01
-1.819843747264181244e-01 1.501700780011054892e-01 1.115819596602019431e-01
-1.821583059204998911e-01 1.520765053234826858e-01 1.139396547420659656e-01
-1.822313109519009544e-01 1.528752555730296392e-01 1.149287454207153364e-01
-1.822025650172626743e-01 1.525687092241518605e-01 1.145473730501100768e-01
-1.820712358985391299e-01 1.511592499855972938e-01 1.127936864620846524e-01
-1.818364842678079907e-01 1.486492648258188609e-01 1.096658419230956416e-01
-1.814974643457292758e-01 1.450411440635315241e-01 1.051620030120405391e-01
-1.810533249130183986e-01 1.403372815252211525e-01 9.928034041779336405e-02
-1.805032106743651721e-01 1.345400747711403278e-01 9.201903165528373119e-02
-1.798462639743386993e-01 1.276519253910027574e-01 8.337626069920521521e-02
-1.790816268649629006e-01 1.196752393701602524e-01 7.335021753477982687e-02
-1.782272755067369485e-01 1.108080907189624570e-01 6.218558297650694788e-02
-1.773013851765117554e-01 1.012479794092053798e-01 5.012747133738157390e-02
-1.763033989181230221e-01 9.099645592783923986e-02 3.717472921230751542e-02
-1.752327625688942236e-01 8.005507413541777806e-02 2.332620639167821974e-02
-1.740889264493830080e-01 6.842539157705940234e-02 8.580755484921018944e-03
-1.728713471988996275e-01 5.610896982056427784e-02 -7.062768488691213015e-03
-1.715794897573585387e-01 4.310737482009778521e-02 -2.360550854074557059e-02
-1.702128294941599451e-01 2.942217730346924701e-02 -4.104860618441202869e-02
-1.687708544849487458e-01 1.505495318059488566e-02 -5.939320193335728693e-02
-1.672530679372405404e-01 7.283970303662468289e-06 -7.864043582670711408e-02
-1.651058793438269501e-01 -1.473511756064332066e-02 -9.796406910542586333e-02
-1.617767659694045457e-01 -2.818768747524307353e-02 -1.165357624438206757e-01
-1.572669558796473133e-01 -4.035039089563501047e-02 -1.343536632326914060e-01
-1.515778180936924735e-01 -5.122295463876321703e-02 -1.514161213474060630e-01
-1.447108619032763943e-01 -6.080486793035373011e-02 -1.677216884663755569e-01
-1.366677366261488946e-01 -6.909538309775775655e-02 -1.832691175238254366e-01
-1.274502317418286790e-01 -7.609351625705831901e-02 -1.980573623498539382e-01
-1.170602773580620426e-01 -8.179804800998644043e-02 -2.120855775504692231e-01
-1.054999449566157432e-01 -8.620752416629710868e-02 -2.253531186801244202e-01
-9.277144836724847410e-02 -8.932025650733958766e-02 -2.378595427592085920e-01
-7.887835357190324526e-02 -9.112059408149164597e-02 -2.495863360452840185e-01
-6.382438210958452096e-02 -9.159265798134538783e-02 -2.605151531910248619e-01
-4.761220226132013844e-02 -9.073406577780049331e-02 -2.706461087041067137e-01
-3.024463485858631256e-02 -8.854219988517707252e-02 -2.799795229802796159e-01
-1.172465446690572864e-02 -8.501420919437727153e-02 -2.885159248119144593e-01
7.944609517627527692e-03 -8.014701083410143145e-02 -2.962560545697761061e-01
2.875987191357626954e-02 -7.393729207661987879e-02 -3.032008681119266469e-01
5.071769099649494489e-02 -6.638151240554690524e-02 -3.093515414734528401e-01
7.381446799461646724e-02 -5.747590576429079806e-02 -3.147094763903753312e-01
9.804644689526836876e-02 -4.721648300534348613e-02 -3.192763067105987007e-01
1.234099354200625109e-01 -3.560301031148687539e-02 -3.230600765499189730e-01
1.499011141825722648e-01 -2.263499925781662162e-02 -3.260689751974775730e-01
1.775157979956502596e-01 -8.307753172049861523e-03 -3.283052093193550292e-01
2.062496416627057072e-01 7.383634849124354194e-03 -3.297712286115105362e-01
2.360981415504275760e-01 2.444427801328244790e-02 -3.304697361010836554e-01
2.670566378275697761e-01 4.287949156770783088e-02 -3.304036996265120041e-01
2.991203174386548591e-01 6.269478816104748220e-02 -3.295763645393292585e-01
3.322842178848716688e-01 8.389587279073074111e-02 -3.279912676676264294e-01
3.665432318882138607e-01 1.064886372907470069e-01 -3.256522525777653110e-01
4.018921130190937774e-01 1.304791543089155459e-01 -3.225634861669529618e-01
4.360316558300742495e-01 1.541280941733668974e-01 -3.188804667677723192e-01
4.666702208808480301e-01 1.756857736046281426e-01 -3.147532601001056252e-01
4.938137338215369820e-01 1.951431355540252655e-01 -3.101781834899254853e-01
5.174679697100551534e-01 2.124914519344038577e-01 -3.051516041418227965e-01
5.376385472179002756e-01 2.277223272099572204e-01 -2.996699237652134529e-01
5.543309231714044216e-01 2.408277010028171405e-01 -2.937295665822125534e-01
5.675503874415624983e-01 2.517998497332514796e-01 -2.873269705431349963e-01
5.773020582012511337e-01 2.606313873024010408e-01 -2.804585815712076768e-01
5.835908775726188491e-01 2.673152648211681304e-01 -2.731208506545291237e-01
5.864216076897815766e-01 2.718447693859352698e-01 -2.653102336006062933e-01
5.857988408130277991e-01 2.742137745725464204e-01 -2.570225576285439795e-01
5.817269512379972252e-01 2.744163844020088838e-01 -2.482538381573377584e-01
5.742101008911393301e-01 2.724467254916837500e-01 -2.390008413892627248e-01
5.632522679839135904e-01 2.682992465784230229e-01 -2.292603666702974496e-01
5.488572446234312174e-01 2.619687153682416780e-01 -2.190292504184563060e-01
5.310286348875333795e-01 2.534502145896849745e-01 -2.083043716575041227e-01
5.097698533746650718e-01 2.427391372748466392e-01 -1.970826589767608050e-01
4.850841242345862447e-01 2.298311812979910163e-01 -1.853610987405124311e-01
4.569744806810591142e-01 2.147223432083623651e-01 -1.731367443741382850e-01
4.254437649823090695e-01 1.974089114008753254e-01 -1.604067265584107893e-01
3.904948464042886647e-01 1.778874649451211709e-01 -1.471679469089653414e-01
3.521303902110465844e-01 1.561548481286637591e-01 -1.334174539771024459e-01
3.103526464979998734e-01 1.322081755249207013e-01 -1.191527299023556613e-01
2.651636751320391450e-01 1.060448415914301140e-01 -1.043713523941936505e-01
2.165653469330802439e-01 7.766251378691894913e-02 -8.907100326710661042e-02
1.645593452174535787e-01 4.705912541226334178e-02 -7.324947696097208749e-02
1.091471676741840729e-01 1.423286824980465361e-02 -5.690468890697184673e-02
5.033012854173837813e-02 -2.081781492076783049e-02 -4.003468360503120715e-02
-1.189063895011343609e-02 -5.809423784880367314e-02 -2.263764228433503070e-02
-7.751417991094168569e-02 -9.759747829811069031e-02 -4.711890023828643748e-03
-1.424653089289085461e-01 -1.366963168626987579e-01 1.295767115458678134e-02
-2.026701359549663573e-01 -1.727583533152119988e-01 2.958364006296863163e-02
-2.581296272207893039e-01 -2.057828070545950350e-01 4.516390555187368289e-02
-3.088446237005072481e-01 -2.357690562465364348e-01 5.969647385356781355e-02
-3.548158436436389951e-01 -2.627166321262889292e-01 7.317947151793405269e-02
-3.960438846708578264e-01 -2.866252143857050960e-01 8.561114743860562259e-02
-4.325292254546321824e-01 -3.074946275621798231e-01 9.698987410506181017e-02
-4.642722270099234327e-01 -3.253248383448504311e-01 1.073141482093115245e-01
-4.912731336222384004e-01 -3.401159537121785648e-01 1.165825907303145725e-01
-5.135320734415179666e-01 -3.518682198147056739e-01 1.247939466153048793e-01
-5.310491984567128343e-01 -3.605817746232680143e-01 1.319470545335534317e-01
-5.438245276429979347e-01 -3.662569186708228286e-01 1.380408659068525778e-01
-5.518578134445840666e-01 -3.688943569911385389e-01 1.430744721736432468e-01
-5.551486895463815241e-01 -3.684949423035845384e-01 1.470470774882243759e-01
-5.536966710646236134e-01 -3.650596748954247905e-01 1.499579985851213493e-01
-5.475011545530246160e-01 -3.585897027613152988e-01 1.518066649688183667e-01
-5.365614178444363391e-01 -3.490863219262781980e-01 1.525926195509668404e-01
-5.208766197470841020e-01 -3.365509768795068024e-01 1.523155198583358572e-01
-5.004457996139101139e-01 -3.209852610468956202e-01 1.509751399361380364e-01
-4.752678768034115375e-01 -3.023909172300114911e-01 1.485713730728265292e-01
-4.453416974866566957e-01 -2.807695428974189555e-01 1.451051162326222055e-01
-4.106659700509991406e-01 -2.561229150488127937e-01 1.405773518430551428e-01
-3.712392265890616661e-01 -2.284532730508048448e-01 1.349882788580001047e-01
-3.270598786820144710e-01 -1.977630089269481473e-01 1.283382158775163429e-01
-2.781262171195298394e-01 -1.640546661374119586e-01 1.206276087101166433e-01
-2.244364116270495257e-01 -1.273309378672040915e-01 1.118570395518522081e-01
-1.659885106344697325e-01 -8.759466472619738264e-02 1.020272379093922488e-01
-1.027804411284162361e-01 -4.484883175256311472e-02 9.113909339175263469e-02
-3.481000864010673490e-02 9.034354027813041449e-04 7.919367049165164374e-02
3.792510256750369901e-02 4.965887524960142796e-02 6.619222547238090559e-02
1.104918359348197043e-01 9.825795850963639499e-02 5.325221894080529872e-02
1.779535134748924663e-01 1.435459867098648756e-01 4.148931247069128497e-02
2.403071459937044518e-01 1.855270853217312610e-01 3.090213292101923540e-02
2.975496053547253550e-01 2.242055733957974417e-01 2.148921943642828625e-02
3.496776253864947170e-01 2.595859576399135449e-01 1.324900478021512167e-02
3.966878029610534373e-01 2.916729268246969209e-01 6.179798054889763109e-03
4.385765992579161443e-01 3.204713465580054099e-01 2.797689918649657118e-04
4.753403412149121987e-01 3.459862544888414049e-01 -4.453066014024900481e-03
5.069752231543944720e-01 3.682228560187963406e-01 -8.020855955462280820e-03
5.334773085613797594e-01 3.871865206154748162e-01 -1.042592518540537416e-02
5.548426592591501061e-01 4.028824630336662604e-01 -1.167132546931590187e-02
5.710671971545833170e-01 4.153160849503698127e-01 -1.176019018517393371e-02
5.821465836676360528e-01 4.244932789053236788e-01 -1.069523617080225808e-02
5.880763548641323446e-01 4.304200978185148130e-01 -8.479363013134184890e-03
5.888519233921685192e-01 4.331027539203988752e-01 -5.115656340702970720e-03
5.844685803310444294e-01 4.325476189790716242e-01 -6.073881324490069955e-04
5.749214968884380772e-01 4.287612259728986186e-01 5.041986090051395197e-03
5.602057258804425954e-01 4.217502723583164137e-01 1.182883331739079981e-02
5.403162029305252911e-01 4.115216250803379050e-01 1.974935248392517551e-02
5.152477473276713127e-01 3.980823274675694967e-01 2.879958740727921879e-02
4.849952723299119084e-01 3.814402479736107576e-01 3.897592511768063067e-02
4.495535416469742529e-01 3.616034186640120773e-01 5.027462022623439136e-02
4.089169785231838161e-01 3.385793996811732876e-01 6.269129629431242912e-02
3.630798931294056398e-01 3.123759391087478354e-01 7.622144073054507030e-02
3.120364821243803988e-01 2.830009866512024908e-01 9.086042961796081396e-02
2.557808277055648172e-01 2.504627097984427619e-01 1.066035569653885351e-01
1.943068961673553308e-01 2.147695125141983463e-01 1.234460685710531552e-01
1.276085360120114698e-01 1.759300564503095132e-01 1.413832007086751053e-01
5.567947569020401111e-02 1.339532846466173766e-01 1.604102238721882845e-01
-2.148667891592589280e-02 8.884844762734664392e-02 1.805224918441498128e-01
-9.909873670278310231e-02 4.335882379934329067e-02 2.008820689932179493e-01
-1.723579066608499077e-01 2.160072742452673854e-04 2.206569234424606840e-01
-2.412591378995902203e-01 -4.058834778613787386e-02 2.398512717164969221e-01
-3.057971944018246790e-01 -7.906302576829717099e-02 2.584691813828272067e-01
-3.659666556695201356e-01 -1.152172673167228545e-01 2.765145319148006875e-01
-4.217619185429663520e-01 -1.490607850852531391e-01 2.939909770559200330e-01
-4.731772001886226375e-01 -1.806037775009653179e-01 3.109019089363924682e-01
-5.202065422305662823e-01 -2.098569405424058065e-01 3.272504242123718821e-01
-5.628438159805492225e-01 -2.368314775649240367e-01 3.430392925150794192e-01
-6.010827287022879606e-01 -2.615391072367236336e-01 3.582709275108293956e-01
-6.349171631068228905e-01 -2.839924202541536657e-01 3.729462849871741925e-01
-6.643407912339577281e-01 -3.042044683871241162e-01 3.870660782404325984e-01
-6.893467800447952154e-01 -3.221884279621771152e-01 4.006317966743832559e-01
-7.099281627130830108e-01 -3.379579802838893476e-01 4.136445403297016599e-01
-7.260778476353269006e-01 -3.515273156349931205e-01 4.261049994397041463e-01
-7.377886278264741415e-01 -3.629111362036246957e-01 4.380134384804269532e-01
-7.450531905551039946e-01 -3.721246581546390209e-01 4.493696850257669073e-01
-7.478641270616687153e-01 -3.791836130824513540e-01 4.601731237146988729e-01
-7.462139421953821738e-01 -3.841042490993918923e-01 4.704226956324215059e-01
-7.400950637999540449e-01 -3.869033318256480114e-01 4.801169034010941972e-01
-7.295009760743524918e-01 -3.876000028808505582e-01 4.892516758969810420e-01
-7.144249423968423995e-01 -3.862137703185106186e-01 4.978227505961518862e-01
-6.948589680407040170e-01 -3.827627198678302811e-01 5.058276843083134855e-01
-6.707950129132985717e-01 -3.772654485638110011e-01 5.132636003780501888e-01
-6.422249990073308767e-01 -3.697410685396555485e-01 5.201272127157812175e-01
-6.091408167384246841e-01 -3.602092120752468096e-01 5.264148571669174936e-01
-5.715343300201977117e-01 -3.486900381431761731e-01 5.321225304824500624e-01
-5.293973799424884774e-01 -3.352042406637809058e-01 5.372459371557770647e-01
-4.827217869361634106e-01 -3.197730586425019950e-01 5.417805443952578015e-01
-4.314993513290596439e-01 -3.024182883161987134e-01 5.457216455100220021e-01
-3.789046183461484696e-01 -2.840892709558645590e-01 5.484008963094438860e-01
-3.281210596969749149e-01 -2.657088855604957112e-01 5.491568225929360780e-01
-2.791535592672050869e-01 -2.472604144192492026e-01 5.479947726338800784e-01
-2.320064961757156707e-01 -2.287280992990752826e-01 5.449198674642546925e-01
-1.866837513600692333e-01 -2.100971313386635342e-01 5.399369590505959104e-01
-1.431887158287093731e-01 -1.913536425445734879e-01 5.330505930963237438e-01
-1.015243003263900379e-01 -1.724846988172815399e-01 5.242649762438261751e-01
-6.169294616576311702e-02 -1.534782944160064111e-01 5.135839474543031358e-01
-2.369663698350815001e-02 -1.343233477552263078e-01 5.010109533473782184e-01
1.246308881597220884e-02 -1.150096984124910765e-01 4.865490272858910559e-01
4.678638467163677428e-02 -9.552759229343849023e-02 4.702007495787932645e-01
7.927352092994992272e-02 -7.586826349742888109e-02 4.519680928570637413e-01
1.099237659735000233e-01 -5.602442743527871749e-02 4.318525622884589188e-01
1.387367884224234016e-01 -3.598973708643891239e-02 4.098552589609459895e-01
1.657126491666555679e-01 -1.575878212464987965e-02 3.859768703024724079e-01
1.908517940588079498e-01 4.672911640351796840e-03 3.602176630123842260e-01
2.141550474919381164e-01 2.530888265849812538e-02 3.325774783013465408e-01
2.356236070847050612e-01 4.615173402915407480e-02 3.030557292375510303e-01
2.552590396945829121e-01 6.720313404457319006e-02 2.716513999979695004e-01
2.730632789778973946e-01 8.846381704922692824e-02 2.383630468245050149e-01
2.890406708415265147e-01 1.099351792713235826e-01 2.031882994720967672e-01
3.031957195081383949e-01 1.316175850648600987e-01 1.661243010821392696e-01
3.155311439831873788e-01 1.535088122924757603e-01 1.271682614671226785e-01
3.260500339066989550e-01 1.756056963309108876e-01 8.631699826578333179e-02
3.347558594370626528e-01 1.979041345310900701e-01 4.356694214574790419e-02
3.416524839668199642e-01 2.203990920112802177e-01 -1.085857445434050723e-03
3.467441798706555334e-01 2.430846089767792484e-01 -4.764572616105598735e-02
3.500356474799568018e-01 2.659538097694553738e-01 -9.611735844262268846e-02
3.515320374713236107e-01 2.889989138620917553e-01 -1.465058111819881326e-01
3.512389768483192842e-01 3.122112490260752216e-01 -1.988164975187403927e-01
3.492175482544784826e-01 3.344127586074766567e-01 -2.500844673487660486e-01
3.455195005228453575e-01 3.544383689259454906e-01 -2.973396984925788522e-01
3.401370031029241070e-01 3.722974506504284631e-01 -3.405804611507045609e-01
3.330624285660743200e-01 3.879984200187648891e-01 -3.798055248888998481e-01
3.242883355790571187e-01 4.015487225087628342e-01 -4.150141620188375624e-01
3.138074566293261314e-01 4.129548189308583916e-01 -4.462061491522887891e-01
3.016126899263885108e-01 4.222221739661648487e-01 -4.733817671716205600e-01
2.876970948896861446e-01 4.293552471837567830e-01 -4.965417998585135440e-01
2.720538906225861697e-01 4.343574865754312730e-01 -5.156875314232922669e-01
2.546764567640016352e-01 4.372313246459555436e-01 -5.308207431790975539e-01
2.355579240982369482e-01 4.379775382321280386e-01 -5.419444256097526447e-01
2.146917133772798525e-01 4.365959327678038959e-01 -5.490618335049788357e-01
1.920719282838325992e-01 4.330859691557034097e-01 -5.521758684176877319e-01
1.676928957317519731e-01 4.274461074808301175e-01 -5.512899027259791085e-01
1.415491656413968569e-01 4.196738111688804174e-01 -5.464077797293613870e-01
1.136355095682304583e-01 4.097655536475096061e-01 -5.375338144393696505e-01
8.394691759127878572e-02 3.977168274841065831e-01 -5.246727953316520088e-01
5.247859287476461243e-02 3.835221559702443050e-01 -5.078299873235873063e-01
1.922594332440844683e-02 3.671751071225701768e-01 -4.870111362362834484e-01
-1.581543023069927750e-02 3.486683100734470631e-01 -4.622224749921148290e-01
-5.265425399657869959e-02 3.279951547775378784e-01 -4.334731752859032339e-01
-9.129882368209056576e-02 3.051479712468817551e-01 -4.007726646404458637e-01
-1.317525921275569389e-01 2.801164181149934929e-01 -3.641282988620604399e-01
-1.740188141079880291e-01 2.528892543256736070e-01 -3.235479391163287866e-01
-2.181005791002454119e-01 2.234543622389671691e-01 -2.790399710422189483e-01
-2.640008507335572796e-01 1.917987730871314189e-01 -2.306133270193315710e-01
-3.117225134375042339e-01 1.579086949079965552e-01 -1.782775117296339362e-01
-3.612684267927654402e-01 1.217695431423440749e-01 -1.220426311164996419e-01
-4.126414880810080343e-01 8.336597415107344089e-02 -6.191942479867990068e-02
-4.658447035203551745e-01 4.268192198774049123e-02 2.080698055212204783e-03
-5.180127162953639397e-01 1.828823835587089358e-03 6.619958223269158115e-02
-5.662770854001599741e-01 -3.705982127734832460e-02 1.266937801750587789e-01
-6.106367102902596766e-01 -7.396810782323730293e-02 1.835732551714246985e-01
-6.510907410653985483e-01 -1.088807944134197181e-01 2.368474926121136859e-01
-6.876385209339280769e-01 -1.417833272131986400e-01 2.865255285774082061e-01
-7.202795362140175239e-01 -1.726618595872490558e-01 3.326159733124072204e-01
-7.490133734833116508e-01 -2.015032683560513127e-01 3.751270297844664370e-01
-7.738396834856142714e-01 -2.282951669755544644e-01 4.140665075648413129e-01
-7.947581514007217018e-01 -2.530259158961309929e-01 4.494418323139499072e-01
-8.117684730812247951e-01 -2.756846303119594999e-01 4.812600511804958625e-01
-8.248691222250893462e-01 -2.962623850905709011e-01 5.095291667338660568e-01
-8.340586686061163268e-01 -3.147508311328284236e-01 5.342565212467706992e-01
-8.393370044555623632e-01 -3.311410451674139388e-01 5.554475641520935092e-01
-8.407040848998474925e-01 -3.454248107249570654e-01 5.731073131757628003e-01
-8.381599169770113100e-01 -3.575946203181880612e-01 5.872403539141568540e-01
-8.317045522002105562e-01 -3.676436762017367132e-01 5.978508372984985275e-01
-8.213380822702824879e-01 -3.755658898961232728e-01 6.049424752803830296e-01
-8.070606375388303944e-01 -3.813558806657974531e-01 6.085185350709367835e-01
-7.888723878229091380e-01 -3.850089731501505352e-01 6.085818322615964560e-01
-7.667735451721940931e-01 -3.865211943585385446e-01 6.051347231476952304e-01
-7.407599204811295968e-01 -3.858932149440097437e-01 5.981828724684312704e-01
-7.108276100854885593e-01 -3.831262502569928730e-01 5.877311840904856366e-01
-6.769773587070302412e-01 -3.782181639658243055e-01 5.737801565307013574e-01
-6.392100063178894898e-01 -3.711674794207939221e-01 5.563297955643528026e-01
-5.975264894188752063e-01 -3.619733806534214393e-01 5.353796109687812832e-01
-5.519278419001167890e-01 -3.506357145701685663e-01 5.109286139961293216e-01
-5.024151950964964586e-01 -3.371549946411870891e-01 4.829753158290880921e-01
-4.489897766483983976e-01 -3.215324063894600126e-01 4.515177272728668201e-01
-3.916529077756019661e-01 -3.037698149872078979e-01 4.165533599392604591e-01
-3.304059985679151934e-01 -2.838697752639344207e-01 3.780792291851771680e-01
-2.682181598349668294e-01 -2.632205172612981925e-01 3.385358658584305402e-01
-2.080565749258075359e-01 -2.432061603132615879e-01 3.003685212965261364e-01
-1.499197259940035221e-01 -2.238235763374493148e-01 2.635808564424620415e-01
-9.380608345703984885e-02 -2.050696241847271839e-01 2.281765314746511120e-01
-3.971411512569472668e-02 -1.869411367914385613e-01 1.941591981607970474e-01
1.235770507477416957e-02 -1.694349089972364830e-01 1.615324924952799834e-01
6.241088878017154312e-02 -1.525476860603964258e-01 1.303000275847097378e-01
1.104469252514593547e-01 -1.362761528969113345e-01 1.004653867535368478e-01
1.564672738222828707e-01 -1.206169240644471008e-01 7.203211684869319231e-02
2.004733567276721917e-01 -1.055665345073307920e-01 4.500372172901227069e-02
2.424662120068619697e-01 -9.112137515969513657e-02 1.938388730026192885e-02
2.824467458184850011e-01 -7.727766879782296816e-02 -4.823805355877324591e-03
3.204161243740730747e-01 -6.403157710394155600e-02 -2.761607781827493321e-02
3.563754735275251884e-01 -5.137918085570201965e-02 -4.898969991316464573e-02
3.903258724462685958e-01 -3.931647297292182458e-02 -6.894149622259987398e-02
4.222683477162921251e-01 -2.783935228194458003e-02 -8.746835232388457115e-02
4.522038678908353870e-01 -1.694361799195779825e-02 -1.045672207470873805e-01
4.801333384938898385e-01 -6.624964873296475612e-03 -1.202351266335874580e-01
5.060575974910050956e-01 3.121020876471522921e-03 -1.344691730749450198e-01
5.299774112408380811e-01 1.229886509687857024e-02 -1.472665461080373550e-01
5.518934579883196800e-01 2.091379667625261132e-02 -1.586252015519877268e-01
5.718063426557102868e-01 2.897113547893916813e-02 -1.685431463268354524e-01
5.897166129921495026e-01 3.647570880608849014e-02 -1.770177721567250673e-01
6.056247438880725253e-01 4.343245149342535305e-02 -1.840465597166796585e-01
6.195311346604386316e-01 4.984640779860722432e-02 -1.896270826543678678e-01
6.314361069037052188e-01 5.572273278162233334e-02 -1.937570110898667874e-01
6.413399029210393731e-01 6.106669321430967246e-02 -1.964341145608587968e-01
6.492426847500125664e-01 6.588366805760666189e-02 -1.976562643798558672e-01
6.551445337967296556e-01 7.017914854732278107e-02 -1.974214353695487034e-01
6.590454510919007136e-01 7.395873793099579097e-02 -1.957277069421513860e-01
6.613597969750930616e-01 7.740398413748499074e-02 -1.931839814487110174e-01
6.625020517298728651e-01 8.069218646417580798e-02 -1.904002956325741847e-01
6.624723288985973069e-01 8.382268678638009340e-02 -1.873765324325947224e-01
6.612707317999169110e-01 8.679486418210044518e-02 -1.841126056982919368e-01
6.588973534055019288e-01 8.960813496059452654e-02 -1.806084602196722233e-01
6.553522762187787842e-01 9.226195268432581253e-02 -1.768640718044116600e-01
6.506355721562026018e-01 9.475580818858882204e-02 -1.728794473971505541e-01
6.447473024315709678e-01 9.708922960319939233e-02 -1.686546252356940778e-01
6.376875174438701999e-01 9.926178238073415927e-02 -1.641896750389812421e-01
6.294562566691127570e-01 1.012730693359161355e-01 -1.594846982217261455e-01
6.200536584379179317e-01 1.031226887871507375e-01 -1.545397220444919562e-01
6.094798446079411347e-01 1.048102650947672770e-01 -1.493548191112249179e-01
5.977348134515646505e-01 1.063354946896118564e-01 -1.439302079192886774e-01
5.848185521965311162e-01 1.076981094586582088e-01 -1.382661406432075801e-01
5.707310369670348660e-01 1.088978769266922136e-01 -1.323629032969028674e-01
5.554722327300880558e-01 1.099346004816234845e-01 -1.262208158949105485e-01
5.390420932474628835e-01 1.108081196487163134e-01 -1.198402326078942259e-01
5.214405610334784669e-01 1.115183104191058844e-01 -1.132215419077215041e-01
5.026675673189382465e-01 1.120650856380315252e-01 -1.063651666973482179e-01
4.827230320214994097e-01 1.124483954582723155e-01 -9.927156442067058828e-02
4.616069733726247959e-01 1.126685642952168082e-01 -9.194084296006599377e-02
4.393193927926287712e-01 1.127259377134372936e-01 -8.437315998030581188e-02
4.158601681519062954e-01 1.126205527300665199e-01 -7.656910027781561878e-02
3.912291662307755269e-01 1.123524827644440255e-01 -6.852928420802975595e-02
3.654262427428389137e-01 1.119218384497275426e-01 -6.025436758428294459e-02
3.384512423656452218e-01 1.113287685450939923e-01 -5.174504152888760589e-02
3.103039987791719745e-01 1.105734609539592711e-01 -4.300203227076972168e-02
2.809843347126895208e-01 1.096561438535581801e-01 -3.402610088372176600e-02
2.504920620006600984e-01 1.085770869411116224e-01 -2.481804295898994497e-02
2.188269816485085284e-01 1.073366028016734947e-01 -1.537868820555403880e-02
1.877107168553162619e-01 1.061779674519498784e-01 -6.317884941686681063e-03
1.588656780148719472e-01 1.053430682885408004e-01 1.756291326295271937e-03
1.322928998663696065e-01 1.048302567112870537e-01 8.845688188954812722e-03
1.079934323926022011e-01 1.046379907779233231e-01 1.495223252856651454e-02
8.596834035745815061e-02 1.047648325006480391e-01 2.007792859693475346e-02
6.621870293585209455e-02 1.052094454041954674e-01 2.422485647533879211e-02
4.874561342037955075e-02 1.059705923700374475e-01 2.739517088673207312e-02
3.355017898961195483e-02 1.070471337901918590e-01 2.959110033143674823e-02
2.063352052335951092e-02 1.084380260532290668e-01 3.081494651856196698e-02
9.996772450690484188e-03 1.101423203843701765e-01 3.106908406629207628e-02
1.641099699331246371e-03 1.121591722137989244e-01 3.035615184744745731e-02
-4.432314462353595212e-03 1.144878339702819076e-01 2.867886037124741869e-02
-8.222288182124929193e-03 1.171276452799053375e-01 2.603980174907385980e-02
-9.727626705058100079e-03 1.200780418015545414e-01 2.244164199424728348e-02
-8.947122662557092584e-03 1.233385551769005245e-01 1.788712114140747142e-02
-5.879556409816983492e-03 1.269088134607149754e-01 1.237905348341479875e-02
-5.236964253237241925e-04 1.307885420525654874e-01 5.920327900533348814e-03
7.121700213822659137e-03 1.349775651509620700e-01 -1.486091743594268122e-03
1.705788726667352775e-02 1.394758077510817873e-01 -9.837166165207692631e-03
2.928612865877185459e-02 1.442832982072288217e-01 -1.912978020972699172e-02
4.380761139646734137e-02 1.494003194310176419e-01 -2.936068081354719500e-02
6.062354268486572911e-02 1.548272434041531587e-01 -4.052654688815532369e-02
7.973523027288199894e-02 1.605643906884547389e-01 -5.262404758149748923e-02
1.011439894704020681e-01 1.666121906062096314e-01 -6.564977668485059981e-02
1.248511418479186508e-01 1.729711856595793906e-01 -7.960025270030604561e-02
1.508580137407573019e-01 1.796420366376230426e-01 -9.447191907116066212e-02
1.791659345392682678e-01 1.866255284298974360e-01 -1.102611446124747430e-01
2.097762347452266085e-01 1.939225765646965804e-01 -1.269642241822160622e-01
2.426902437732903761e-01 2.015342344887988135e-01 -1.445773796369168029e-01
2.779092874747352004e-01 2.094617016040492552e-01 -1.630967611196224298e-01
3.123467033750028654e-01 2.167638442805862875e-01 -1.810042623522357119e-01
3.429138647082111135e-01 2.224984416586907876e-01 -1.967868083291599290e-01
3.696090716704978907e-01 2.266651423474772831e-01 -2.104477664275185012e-01
3.924307609867675462e-01 2.292636160440514603e-01 -2.219902503194081944e-01
4.113775066143388059e-01 2.302935490043989675e-01 -2.314171196534954289e-01
4.264480200388558462e-01 2.297546408993049738e-01 -2.387309796530204531e-01
4.376411502107069307e-01 2.276466029063128615e-01 -2.439341806523761813e-01
4.449558831694188643e-01 2.239691568883372674e-01 -2.470288175963317179e-01
4.483913414032807965e-01 2.187220355092646118e-01 -2.480167295265279515e-01
4.479467829918599153e-01 2.119049831367085523e-01 -2.468994990793290378e-01
4.436216798802182781e-01 2.035174611738860551e-01 -2.436784966587313972e-01
4.354156102186880761e-01 1.935590024324282954e-01 -2.383548287166376012e-01
4.233281902761175663e-01 1.820294868120130860e-01 -2.309292967896584281e-01
4.073591663589779532e-01 1.689288196724902102e-01 -2.214024454932781438e-01
3.875084144243803874e-01 1.542569324101882855e-01 -2.097745623884635924e-01
3.637759398047893944e-01 1.380137829322327647e-01 -1.960456779167138175e-01
3.361618771000375872e-01 1.201993558811052382e-01 -1.802155654113732353e-01
3.046664902927329055e-01 1.008136624618728161e-01 -1.622837411919088313e-01
2.692901731433103296e-01 7.985673972466507398e-02 -1.422494647473979690e-01
2.300334499207706829e-01 5.732864915505948150e-02 -1.201117390159225640e-01
1.868972016118566337e-01 3.322888998028981911e-02 -9.586936767308658347e-02
1.398824134599531421e-01 7.557044291122782739e-03 -6.952089090814317363e-02
8.898996310408918697e-02 -1.968666657123357630e-02 -4.106453287714821598e-02
3.422086168059359362e-02 -4.850200121017851640e-02 -1.049826308729390374e-02
-2.442374290275736021e-02 -7.888870515480553292e-02 2.218020286310399755e-02
-8.694256203983295739e-02 -1.108465194185741659e-01 5.697340237229667897e-02
-1.533341618102881110e-01 -1.443751907874075702e-01 9.388412470399709608e-02
-2.235969576456424135e-01 -1.794744839904600930e-01 1.329154095765563148e-01
-2.977292082570483500e-01 -2.161441959083379161e-01 1.740705453946896353e-01
-3.757290088146979512e-01 -2.543841719747249597e-01 2.173530670261517861e-01
-4.523642196482139943e-01 -2.917645331264644981e-01 2.599569210855072754e-01
-5.224049567303123975e-01 -3.258562709491796827e-01 2.990705488555495672e-01
-5.858528106974754124e-01 -3.566608110838024870e-01 3.346896093078615131e-01
-6.427092994069993903e-01 -3.841796824794854182e-01 3.668098108840170957e-01
-6.929758762393716243e-01 -4.084145023418461751e-01 3.954269097208235051e-01
-7.366539371402123226e-01 -4.293669635204884760e-01 4.205367079839334998e-01
-7.737448263786822489e-01 -4.470388242620157437e-01 4.421350524183523811e-01
-8.042498410079836901e-01 -4.614319002641140144e-01 4.602178332006148787e-01
-8.281702340203763724e-01 -4.725480589745222337e-01 4.747809831579105078e-01
-8.455072161940474507e-01 -4.803892160855706139e-01 4.858204774040098539e-01
-8.562624111236193380e-01 -4.849565519366809685e-01 4.933319442110982167e-01
-8.604373274769891999e-01 -4.862514052723135860e-01 4.973110716831730116e-01
-8.580329388145044867e-01 -4.842760118489490284e-01 4.977539814494978399e-01
-8.490501736619469053e-01 -4.790326701779912266e-01 4.946568291700202957e-01
-8.334899141152850577e-01 -4.705237427454446730e-01 4.880158059741754872e-01
-8.113529930738504481e-01 -4.587516591330726978e-01 4.778271407069349941e-01
-7.826401900937275391e-01 -4.437189210100029313e-01 4.640871030272799014e-01
-7.473522258510703065e-01 -4.254281089597377608e-01 4.467920074124174246e-01
-7.054897552021412999e-01 -4.038818911012564405e-01 4.259382181326730188e-01
-6.570533588233808953e-01 -3.790830334543738300e-01 4.015221552770894542e-01
-6.020428496798266860e-01 -3.510348410212938974e-01 3.735417732202548358e-01
-5.404579676941282385e-01 -3.197407624726029685e-01 3.419950210183561601e-01
-4.722990658491593163e-01 -2.852039382446325821e-01 3.068783967711879446e-01
-3.975664124587391934e-01 -2.474276228977269065e-01 2.681884598213573612e-01
-3.162601785325264703e-01 -2.064151982607445035e-01 2.259218423139862097e-01
-2.283804235130993399e-01 -1.621701878504822336e-01 1.800752626321746874e-01
-1.339270793525152436e-01 -1.146962724118271298e-01 1.306455409138153612e-01
-3.289993289596825771e-02 -6.399730638927460247e-02 7.762961688782497871e-02
7.470139345817695953e-02 -1.007733509924447178e-02 2.102457030179536585e-02
1.888774628455241744e-01 4.705938767375429654e-02 -3.917235575036763506e-02
3.027741092121368771e-01 1.043799671724960909e-01 -9.953144698518624767e-02
4.095368670588602211e-01 1.588566370707261421e-01 -1.566205684997066805e-01
5.091651173112095030e-01 2.104918715667830342e-01 -2.104389403356957955e-01
6.016580993226603447e-01 2.592875444469263657e-01 -2.609866268381221821e-01
6.870149064492928614e-01 3.052449261940686775e-01 -3.082645474751917747e-01
7.652344856371871007e-01 3.483646769316801617e-01 -3.522744842272396704e-01
8.363156405502818469e-01 3.886468359901485425e-01 -3.930190859066063358e-01
9.002570377589139694e-01 4.260908089124517129e-01 -4.305018697591867505e-01
9.570572154995414804e-01 4.606953527342737553e-01 -4.647272207019192969e-01
1.006714594504677152e+00 4.924585603815858081e-01 -4.957003885669060139e-01
1.049227656205227399e+00 5.213771287891116879e-01 -5.234274675628212137e-01
1.084594704139952848e+00 5.474471775437484977e-01 -5.479153876927174149e-01
1.112813774076320650e+00 5.706648708173764906e-01 -5.691719082372745930e-01
1.133882863669428254e+00 5.910256218583728183e-01 -5.872055965424282098e-01
1.147799946445696939e+00 6.085240825843510892e-01 -6.020258224053005591e-01
1.154562984666898995e+00 6.231541370889681630e-01 -6.136427532653330186e-01
1.154169940499748082e+00 6.349088997397706047e-01 -6.220673508673744134e-01
1.146618784911944910e+00 6.437807185106327879e-01 -6.273113701024419786e-01
1.131907503714353336e+00 6.497611841605781535e-01 -6.293873607633799772e-01
1.110034100170993243e+00 6.528411458430807279e-01 -6.283086729749481902e-01
1.080995496654438393e+00 6.530136748984518569e-01 -6.240924084635223190e-01
1.044788502278516606e+00 6.502710803508404691e-01 -6.167564370387761397e-01
1.001411022815214436e+00 6.446019328541391369e-01 -6.063164377367105118e-01
9.508610366599183905e-01 6.359940439268808587e-01 -5.927888663348077625e-01
8.931365809728460947e-01 6.244345106901272313e-01 -5.761909802822091642e-01
8.282357310777288539e-01 6.099097704991340851e-01 -5.565408716292595814e-01
7.561565725953715011e-01 5.924056660446943567e-01 -5.338575086290531235e-01
6.768971658076141651e-01 5.719075215702399406e-01 -5.081607865867900919e-01
5.904555017660040317e-01 5.484002309447719714e-01 -4.794715884121158456e-01
4.968294496785573555e-01 5.218683584506887962e-01 -4.478118551829531335e-01
4.016418809108510679e-01 4.941268839983804506e-01 -4.152207735955109058e-01
3.105189770875228517e-01 4.670096859665878175e-01 -3.837105920748923316e-01
2.234631816369920532e-01 4.405294495882957628e-01 -3.532641902467558714e-01
1.404766199779926283e-01 4.146987336287603632e-01 -3.238650803200032180e-01
6.156113925940463055e-02 3.895298970166474195e-01 -2.954973591132276090e-01
-1.328165451790765637e-02 3.650350329873013333e-01 -2.681456637602351867e-01
-8.405036197332937942e-02 3.412259101845058207e-01 -2.417951313511053912e-01
-1.507437583747797405e-01 3.181139202250121700e-01 -2.164313626811630864e-01
-2.133607641741404326e-01 2.957100312845148404e-01 -1.920403902053263445e-01
-2.719004179918884101e-01 2.740247473143445633e-01 -1.686086502289375344e-01
-3.263623827746802708e-01 2.530675444584777889e-01 -1.461223944958276177e-01
-3.767460716954981192e-01 2.328472378749185112e-01 -1.245681831268225515e-01
-4.230503097970676474e-01 2.133726500561740902e-01 -1.039335290804793838e-01
-4.652740216654666638e-01 1.946521520026494867e-01 -8.420636452309596121e-02
-5.034162118310495648e-01 1.766936358443152721e-01 -6.537502462330162245e-02
-5.374759471369037200e-01 1.595044916797302426e-01 -4.742823457012899924e-02
-5.674523409972261900e-01 1.430915884080788403e-01 -3.035509963284194895e-02
-5.933445394654985883e-01 1.274612583477564565e-01 -1.414509805474707324e-02
-6.151517090303669777e-01 1.126192854489397321e-01 1.211923448591365176e-03
-6.328730260552023479e-01 9.857089691795373199e-02 1.572575183388347578e-02
-6.465080315400282274e-01 8.531685234364995429e-02 2.940849310384860762e-02
-6.560561979339878391e-01 7.285751519504271578e-02 4.227173164250759563e-02
-6.615166123943895249e-01 6.119670611306003705e-02 5.432389881620008909e-02
-6.628883719630404014e-01 5.033772154529712883e-02 6.557302741803326673e-02
-6.601705773792803100e-01 4.028333217300872349e-02 7.602675080633691795e-02
-6.533623280102349717e-01 3.103578361666388744e-02 8.569230120015861041e-02
-6.424627178103009539e-01 2.259679923053648995e-02 9.457650739473344448e-02
-6.274708322211727252e-01 1.496758479361587867e-02 1.026857921575354826e-01
-6.083857459232533405e-01 8.148834900381143539e-03 1.100261695612543278e-01
-5.852065213490013074e-01 2.140740851048845896e-03 1.166032425040900988e-01
-5.594087976346675539e-01 -3.136072497036916130e-03 1.222809868798019756e-01
-5.324684439205952247e-01 -7.757878706725666006e-03 1.269223001916229832e-01
-5.043846973166599135e-01 -1.172046945206238651e-02 1.305307315437630178e-01
-4.751568049226979062e-01 -1.501999602208604380e-02 1.331096349219016151e-01
-4.447840227798873225e-01 -1.765296474108945385e-02 1.346621633056226119e-01
-4.132656153046486702e-01 -1.961623234601388849e-02 1.351912630716076147e-01
-3.806008551475569268e-01 -2.090700136091819608e-02 1.346996687257972780e-01
-3.467890234193197752e-01 -2.152281550904342616e-02 1.331898980017941492e-01
-3.118294102262016976e-01 -2.146155520348877466e-02 1.306642473618307709e-01
-2.757213154574255087e-01 -2.072143315790036383e-02 1.271247879357447763e-01
-2.384641148777254249e-01 -1.930059048802076210e-02 1.225731417314196436e-01
-2.000572149852151149e-01 -1.719747407708165435e-02 1.170106437849564307e-01
-1.604999799192299015e-01 -1.441124901792161656e-02 1.104385920686454248e-01
-1.197917878088840538e-01 -1.094140766243663181e-02 1.028580547058221967e-01
-7.793203115697748540e-02 -6.787767241951041773e-03 9.426986902990126815e-02
-3.492011713637468290e-02 -1.950467846787293062e-03 8.467464129950717788e-02
9.244532256985665136e-03 3.570029199104537282e-03 7.407274710650915694e-02
5.456248025013474279e-02 9.772942534486486060e-03 6.246433251452644664e-02
1.010342755934649644e-01 1.665717149637924513e-02 4.984931596655865771e-02
1.486604531705813248e-01 2.422129636579166412e-02 3.622739100172795573e-02
1.974416523370758347e-01 3.246408617334368280e-02 2.159850356473557928e-02
2.473784822255267468e-01 4.138397759421960642e-02 5.962318266219470385e-03
2.984714135472968377e-01 5.097856891523531997e-02 -1.068222201801988930e-02
3.507209070549784924e-01 6.124513110132086963e-02 -2.833638528862744352e-02
4.041274165597028567e-01 7.218060491164210446e-02 -4.700164307647603651e-02
4.586913925901670575e-01 8.378159741564324137e-02 -6.667966199125130444e-02
5.144132867471439274e-01 9.604437791306977279e-02 -8.737229410515359729e-02
5.712935568066421776e-01 1.089648732696261307e-01 -1.090815661080572346e-01
6.293326726244252711e-01 1.225386626884332614e-01 -1.318096671663417374e-01
6.885311228933558292e-01 1.367609719466993945e-01 -1.555589354130572921e-01
7.452281251007889518e-01 1.504588799859167547e-01 -1.791880212284503171e-01
7.957634204780983378e-01 1.624619196121815101e-01 -2.015517611037064283e-01
8.401382671316968143e-01 1.727681355643214955e-01 -2.226466946904930855e-01
8.783541562247900725e-01 1.813748786408296565e-01 -2.424692040266979154e-01
9.104128128712908330e-01 1.882788145238342425e-01 -2.610155080127765648e-01
9.363161977757356036e-01 1.934759316069522284e-01 -2.782816568376409450e-01
9.560665095400586733e-01 1.969615476955465516e-01 -2.942635268950312133e-01
9.696661875648461271e-01 1.987303154329075616e-01 -3.089568167204286842e-01
9.771179154796789668e-01 1.987762262901928423e-01 -3.223570444689503045e-01
9.784246250437598214e-01 1.970926129425496220e-01 -3.344595474462969675e-01
9.735897417953952582e-01 1.936726461124938792e-01 -3.452587250133983821e-01
9.626168995916210003e-01 1.885087592348503593e-01 -3.547488054691957937e-01
9.455097316838170229e-01 1.815922001229756666e-01 -3.629245627434163346e-01
9.222721423300661581e-01 1.729135685475679252e-01 -3.697805484885948180e-01
8.929083118146112774e-01 1.624628130403036885e-01 -3.753111048806926364e-01
8.574227016226299014e-01 1.502292248532823560e-01 -3.795103825781883100e-01
8.158200597348878036e-01 1.362014288348159796e-01 -3.823723643377386905e-01
7.681054260014749113e-01 1.203673709998244329e-01 -3.838908947941800931e-01
7.142841375450241781e-01 1.027143025996105768e-01 -3.840597169272301770e-01
6.543618341310319941e-01 8.322876053196810731e-02 -3.828725157571711835e-01
5.883450052278199616e-01 6.189378025816038437e-02 -3.803315900233210645e-01
5.162403662347553324e-01 3.869171061091246366e-02 -3.764387066691590733e-01
4.380543653026456874e-01 1.360698542289632065e-02 -3.711866929455511221e-01
3.537937735693634234e-01 -1.337668295572441886e-02 -3.645683697968847281e-01
2.634656894821301720e-01 -4.227633561108845583e-02 -3.565766286285192987e-01
1.670775424582945923e-01 -7.310980306529361872e-02 -3.472045188913700509e-01
6.463709565035750948e-02 -1.058957450302916575e-01 -3.364453472224291364e-01
-4.384755247536224060e-02 -1.406536934804909211e-01 -3.242927889367741012e-01
-1.583679681009913520e-01 -1.774040984432779522e-01 -3.107410127253995014e-01
-2.789153839879888186e-01 -2.161683757185055288e-01 -2.957848194715534396e-01
-3.985946689705961443e-01 -2.543662325589522988e-01 -2.803822671285253754e-01
-5.105233093846217596e-01 -2.893865808710218701e-01 -2.654994982103339174e-01
-6.147114783220521961e-01 -3.212060285441324381e-01 -2.511433217759116432e-01
-7.111691665790418337e-01 -3.498017957501001751e-01 -2.373195957341713014e-01
-7.999061737863840671e-01 -3.751516833177272470e-01 -2.240331000313976750e-01
-8.809320976548452586e-01 -3.972340506004297667e-01 -2.112874266274027968e-01
-9.542563216158779227e-01 -4.160278021905050028e-01 -1.990848856925480637e-01
-1.019888001227207130e+00 -4.315123826278812746e-01 -1.874264275143964764e-01
-1.077836049787120665e+00 -4.436677780743025212e-01 -1.763115796349836450e-01
-1.128109123662724311e+00 -4.524745237752831328e-01 -1.657383987488711408e-01
-1.170715838985627810e+00 -4.579136217053763058e-01 -1.556986063038779400e-01
-1.205664345227792644e+00 -4.599666542050042661e-01 -1.461831046234755849e-01
-1.232962173555220531e+00 -4.586159415422693675e-01 -1.371865871180092955e-01
-1.252616548652238038e+00 -4.538444731574639568e-01 -1.287023814651044873e-01
-1.264634380574016115e+00 -4.456359172280026093e-01 -1.207224352205740064e-01
-1.269022259437195377e+00 -4.339746284464705561e-01 -1.132373125713991846e-01
-1.265786453525283184e+00 -4.188456526168233274e-01 -1.062362014434365121e-01
-1.254932911374090576e+00 -4.002347266822496863e-01 -9.970693013061318610e-02
-1.236467268383709461e+00 -3.781282728244143021e-01 -9.363599257494306660e-02
-1.210394858478466729e+00 -3.525133853158415320e-01 -8.800858140176934241e-02
-1.176724461268226163e+00 -3.233731460336352059e-01 -8.280078473349190837e-02
-1.135464321279369804e+00 -2.906915116160671553e-01 -7.798794296153480077e-02
-1.086618523699368843e+00 -2.544579268473829980e-01 -7.355226827481975427e-02
-1.030190869866985048e+00 -2.146625330455532998e-01 -6.947479332951894682e-02
-9.661849116362243306e-01 -1.712961173487443922e-01 -6.573540905055744177e-02
-8.946039931607686624e-01 -1.243500487724499282e-01 -6.231290502628692579e-02
-8.154513004456289682e-01 -7.381620013024982330e-02 -5.918501184883916133e-02
-7.287299189861293769e-01 -1.968685497878899793e-02 -5.632844491344143889e-02
-6.344428997897030298e-01 3.804540118742669869e-02 -5.371894938705063655e-02
-5.325933340562096774e-01 9.938780620219284101e-02 -5.133134629170332114e-02
-4.292746478352570949e-01 1.611597271674771736e-01 -4.895669401648566205e-02
-3.305770005578257953e-01 2.201740553832526592e-01 -4.641616412737025604e-02
-2.364995259874627109e-01 2.764283179561753956e-01 -4.372909025917824655e-02
-1.470415355724261630e-01 3.299205234620409821e-01 -4.091483313174128222e-02
-6.220246663647559932e-02 3.806490746658433566e-01 -3.799276796965263964e-02
1.801816591418062968e-02 4.286126871669864724e-01 -3.498227445680214542e-02
9.362081433262058050e-02 4.738103140161781801e-01 -3.190272852611863996e-02
1.646059391944179329e-01 5.162410763331155561e-01 -2.877349540305727815e-02
2.309740469608950186e-01 5.559041999420248903e-01 -2.561392343189611981e-02
2.927257239252820664e-01 5.927989580339898534e-01 -2.244333831661378398e-02
3.498627129191880236e-01 6.269236084593766689e-01 -1.928102198197686676e-02
4.023867803740745486e-01 6.582762419229691853e-01 -1.614620576592553161e-02
4.502986722151662291e-01 6.868559430490195350e-01 -1.305810760518199762e-02
4.935992179364277477e-01 7.126618358722647262e-01 -1.003592564666003217e-02
5.322893555031327217e-01 7.356930415714549865e-01 -7.098832735843927690e-03
5.663701526332647340e-01 7.559486421708641046e-01 -4.265970860784362197e-03
5.958428244544097252e-01 7.734276502036006029e-01 -1.556445557318869924e-03
6.207087475373128660e-01 7.881289843276345630e-01 1.010679666741981508e-03
6.409694703119959147e-01 8.000514508819366322e-01 3.416388786551174256e-03
6.566267198775717073e-01 8.091937313662651565e-01 5.641718456203013293e-03
6.676878516307205302e-01 8.155492161308693921e-01 7.668871846965059566e-03
6.741600166313167497e-01 8.191115026456962100e-01 9.480146222763965319e-03
6.760448927078455128e-01 8.198794106840795459e-01 1.105679652221865095e-02
6.733443201737985273e-01 8.178516583738653090e-01 1.238012712163659435e-02
6.660602999079842101e-01 8.130268641385192119e-01 1.343149507017776106e-02
6.541949879485636776e-01 8.054035543765131200e-01 1.419231245521283477e-02
6.377506866318749523e-01 7.949801768482365194e-01 1.464404771919781273e-02
6.167298323094934087e-01 7.817551197376437777e-01 1.476822576246165225e-02
5.911349796781862898e-01 7.657267363549595807e-01 1.454642668685519544e-02
5.609687827571508967e-01 7.468933754471933639e-01 1.396028306315556800e-02
5.285369141870993603e-01 7.262246569101477034e-01 1.336120877457758378e-02
4.961414259539032590e-01 7.046925628721721901e-01 1.311610364953562022e-02
4.637796175670304000e-01 6.822989557310307207e-01 1.322962139054070438e-02
4.314488129728680232e-01 6.590456287401714741e-01 1.370609369902478156e-02
3.991463659243051354e-01 6.349342988615369610e-01 1.454953571079534158e-02
3.668696652266881242e-01 6.099666002424233291e-01 1.576365148550726639e-02
3.346161398315679603e-01 5.841440783028513106e-01 1.735183952211107744e-02
3.023832637503892640e-01 5.574681844195448210e-01 1.931719827294693659e-02
2.701685607608310113e-01 5.299402711922137632e-01 2.166253162993358322e-02
2.379696088792225273e-01 5.015615882776719436e-01 2.439035435713072728e-02
2.057833828624127392e-01 4.723341210464485629e-01 2.750240220830429613e-02
1.736070524516130364e-01 4.422596302503571386e-01 3.100011884561655259e-02
1.414385782198940844e-01 4.113388708530026916e-01 3.488515475758042356e-02
1.092759853894482713e-01 3.795724915325808246e-01 3.915888047556524004e-02
7.711736618828650414e-02 3.469610328899964680e-01 4.382239063621151676e-02
4.496088181089421404e-02 3.135049261525900133e-01 4.887650786677580350e-02
1.280476395747308371e-02 2.792044923616034957e-01 5.432178647669848315e-02
-1.935268407332692980e-02 2.440599420321260538e-01 6.015851594031325356e-02
-5.151308676325662417e-02 2.080713752747549161e-01 6.638672415740061450e-02
-8.367799624981461792e-02 1.712387823689738298e-01 7.300618048018976680e-02
-1.158500884735931963e-01 1.335628438656579209e-01 8.001790147595455593e-02
-1.480318630200897212e-01 9.504403167000087527e-02 8.742257574233376627e-02
-1.802244988761294020e-01 5.568186145831023615e-02 9.521909431724084882e-02
-2.124291040861846225e-01 1.547574419810244725e-02 1.034060902956072392e-01
-2.446467187517900044e-01 -2.557501118102470730e-02 1.119819400399785364e-01
-2.768783186994536183e-01 -6.747119469372533929e-02 1.209447641244403848e-01
-3.091248198445831763e-01 -1.102136917843619945e-01 1.302924280185919770e-01
-3.413870832791818244e-01 -1.538034793920755594e-01 1.400225425216608532e-01
-3.736659211113148582e-01 -1.982416215945534133e-01 1.501324639605366162e-01
-4.059621030846317091e-01 -2.435292648282043892e-01 1.606192941694402077e-01
-4.370567821684517296e-01 -2.877087323535125751e-01 1.706654991072434069e-01
-4.657294034942749961e-01 -3.288205190193682070e-01 1.794598590713596675e-01
-4.919784603410285451e-01 -3.668632246189500457e-01 1.870087703869117435e-01
-5.158026666062983656e-01 -4.018353405327658168e-01 1.933185223607558068e-01
-5.372009453014474634e-01 -4.337352578285028626e-01 1.983952963193398311e-01
-5.561724186242110735e-01 -4.625612740612974894e-01 2.022451650689771618e-01
-5.727163995792935447e-01 -4.883115988361608206e-01 2.048740926680165386e-01
-5.868323851165452298e-01 -5.109843581926504230e-01 2.062879344114196822e-01
-5.985200507555257232e-01 -5.305775978694724504e-01 2.064924369371634316e-01
-6.077792466652436332e-01 -5.470892855046766146e-01 2.054932383711098320e-01
-6.146096223327107699e-01 -5.605178522096802007e-01 2.032957635403802032e-01
-6.190110813550062652e-01 -5.708615485834646064e-01 1.999053166556625238e-01
-6.209841219308738225e-01 -5.781179451727755936e-01 1.953272047991145011e-01
-6.205294242461647514e-01 -5.822845220267490740e-01 1.895666432018678627e-01
-6.176478499035252812e-01 -5.833586691392480539e-01 1.826287547516876608e-01
-6.123404426566622094e-01 -5.813376861550428876e-01 1.745185689934433404e-01
-6.046084304314497393e-01 -5.762187813842816198e-01 1.652410205446672997e-01
-5.944532286173634938e-01 -5.679990701699767497e-01 1.548009468469889183e-01
-5.818764446136971413e-01 -5.566755726540919547e-01 1.432030851716346309e-01
-5.668798836156372367e-01 -5.422452109893489691e-01 1.304520687934531409e-01
-5.494651643398997809e-01 -5.247059453111506677e-01 1.165513234850567292e-01
-5.296341574092575666e-01 -5.040555401785392631e-01 1.015041981568371027e-01
-5.073893512245141180e-01 -4.802904698647449400e-01 8.531506164101486378e-02
-4.827334441557022959e-01 -4.534071012475277551e-01 6.798818590198565937e-02
-4.556693531298213196e-01 -4.234016911510153358e-01 4.952773777682546730e-02
-4.262002233839933263e-01 -3.902703834550532713e-01 2.993776920361260890e-02
-3.943294393626603500e-01 -3.540092060392058815e-01 9.222205816123577385e-03
-3.600606367315085654e-01 -3.146140676371458889e-01 -1.261516622530321589e-02
-3.233977154732629034e-01 -2.720807546869784543e-01 -3.557071530646624402e-02
-2.843448540216105269e-01 -2.264049282747288561e-01 -5.964098148514389297e-02
-2.445864910237332546e-01 -1.800883206862733954e-01 -8.353742957594308127e-02
-2.058012511102537412e-01 -1.356385030391021040e-01 -1.059757282290692132e-01
-1.679850895512555731e-01 -9.305967202242504399e-02 -1.269586097761740140e-01
-1.311341986402957127e-01 -5.235566463895820893e-02 -1.464885532927094891e-01
-9.524499895817581385e-02 -1.352995890941057974e-02 -1.645677696510429444e-01
-6.031413221339398945e-02 2.341432549513218497e-02 -1.811981884168973322e-01
-2.633845556518920120e-02 5.847442673255343754e-02 -1.963814464822499495e-01
6.684962672599501290e-03 9.164794041107214573e-02 -2.101188783340658117e-01
3.875884605561194518e-02 1.229328193750699183e-01 -2.224115078637390053e-01
6.988571187558197118e-02 1.523273736709766513e-01 -2.332600416266323029e-01
1.000679183782169357e-01 1.798303972484868729e-01 -2.426647756652345611e-01
1.293076123112460174e-01 2.054410137105651679e-01 -2.506256230660863782e-01
1.576066730454947495e-01 2.291585630342958535e-01 -2.571422461368219614e-01
1.849667575923822360e-01 2.509827427953713608e-01 -2.622140001185596647e-01
2.113892998725668271e-01 2.709136095412840173e-01 -2.658399309592576754e-01
2.368755096095961077e-01 2.889515803356540458e-01 -2.680187740501299154e-01
2.614263709795924817e-01 3.050974344747219291e-01 -2.687489538424270297e-01
2.850426411493366952e-01 3.193523153763663247e-01 -2.680285842613595038e-01
3.077248488360331269e-01 3.317177326419014638e-01 -2.658554698330878319e-01
3.294732930226309531e-01 3.421955642911616580e-01 -2.622271074395719492e-01
3.502886940225138357e-01 3.507884632664051150e-01 -2.571402646148339688e-01
3.701715324660922457e-01 3.574994054243014197e-01 -2.505913726623381077e-01
3.891213914497834714e-01 3.623313111012512744e-01 -2.425769780956094634e-01
4.071376097652962822e-01 3.652874770198743515e-01 -2.330933410790969884e-01
4.242192828008712890e-01 3.663715798403787693e-01 -2.221364387523603046e-01
4.403652643905710540e-01 3.655876799027116819e-01 -2.097019686527449300e-01
4.555741697410817803e-01 3.629402251685630021e-01 -1.957853521416595965e-01
4.698443795648440946e-01 3.584340553728354584e-01 -1.803817377389223264e-01
4.831740455476704610e-01 3.520744063943936908e-01 -1.634860042694928350e-01
4.955610972785838286e-01 3.438669148556924848e-01 -1.450927637271757220e-01
5.067745796006056791e-01 3.348525629411881477e-01 -1.263250888916460368e-01
5.165865249173875462e-01 3.260646516184175780e-01 -1.083137317236790020e-01
5.249992100706964981e-01 3.174976517328540471e-01 -9.106444897809283512e-02
5.320149251668486734e-01 3.091461800841523999e-01 -7.458284803015913234e-02
5.376359665946683908e-01 3.010049958699482775e-01 -5.887438552349710807e-02
5.418646305756514847e-01 2.930689978097148485e-01 -4.394436654442254037e-02
5.447032072292885552e-01 2.853332219276148440e-01 -2.979794429850558465e-02
5.461539751371536910e-01 2.777928399718088137e-01 -1.644012026606310115e-02
5.462191963898614944e-01 2.704431584465988303e-01 -3.875744814231907136e-03
5.449011121014128989e-01 2.632796182329051882e-01 7.890481756111197495e-03
5.422018931992963475e-01 2.562975598924691067e-01 1.885458285682272209e-02
5.381236361764291098e-01 2.494925276408838655e-01 2.901262908238631463e-02
5.326684369446917922e-01 2.428604743458170068e-01 3.836020780325597596e-02
5.258383681289778844e-01 2.363974940506769484e-01 4.689304546383930156e-02
5.176354758654135857e-01 2.300998227255692252e-01 5.460700585868114021e-02
5.080617769676628592e-01 2.239638394707384739e-01 6.149808811618980714e-02
4.971192564460049645e-01 2.179860681485665530e-01 6.756242441210133509e-02
4.848098653637721855e-01 2.121631794205293964e-01 7.279627743529294703e-02
4.711355190155226413e-01 2.064919931659482122e-01 7.719603762913195000e-02
4.560980954111164554e-01 2.009694812599473746e-01 8.075822023218925949e-02
4.396995906976186586e-01 1.955922088846697715e-01 8.348005779335146426e-02
4.219419533570277214e-01 1.903569392460634502e-01 8.535884146647906845e-02
4.028269338999354576e-01 1.852611742261968952e-01 8.639135439591676124e-02
3.823562456243196350e-01 1.803025743174663242e-01 8.657449524846413946e-02
3.605315637488734071e-01 1.754789618215976676e-01 8.590527551152073171e-02
3.373545247426056326e-01 1.707883242963005310e-01 8.438081675369626944e-02
3.128267258325088673e-01 1.662288182314736740e-01 8.199834787637930167e-02
2.869497246706530502e-01 1.617987729375897354e-01 7.875520238577413124e-02
2.597250391414632209e-01 1.574966946295539016e-01 7.464881571596984622e-02
2.311541472898176186e-01 1.533212706899263755e-01 6.967672263486428264e-02
2.022800986783852562e-01 1.491083259987177612e-01 6.431670052443358432e-02
1.741447169195629308e-01 1.446942888146210415e-01 5.904910578354204825e-02
1.467477384429967113e-01 1.400788873020332170e-01 5.387540342702556995e-02
1.200889106060379213e-01 1.352618691306552434e-01 4.879697000820223951e-02
9.416799209068074661e-02 1.302429995731018975e-01 4.381509332482338981e-02
6.898475329116718346e-02 1.250220597924211474e-01 3.893097216259341908e-02
4.453897669076017918e-02 1.195988453122334844e-01 3.414571607174181345e-02
2.083045722614559198e-02 1.139731646621145039e-01 2.946034517265842465e-02
-2.140997362150875213e-03 1.081448381907590267e-01 2.487578998706625050e-02
-2.437556619506073968e-02 1.021136970393831944e-01 2.039289129161903774e-02
-4.587338572612150583e-02 9.587961603297630309e-02 1.601222680010539606e-02
-6.663457000490236037e-02 8.944246701807126443e-02 1.173428252658266502e-02
-8.665924424250760760e-02 8.280209319905994236e-02 7.559627230853066884e-03
-1.059475197965414200e-01 7.595834928557458621e-02 3.488740109718825328e-03
-1.244994939770587283e-01 6.891110100771531688e-02 -4.779893104468053685e-04
-1.423152498799794274e-01 6.166022474464340208e-02 -4.340261267816471896e-03
-1.593948562499250543e-01 5.420560725876914787e-02 -8.097865847432977188e-03
-1.757383673745171737e-01 4.654714552771177516e-02 -1.175068305309634985e-02
-1.913458230121440062e-01 3.868474666620061453e-02 -1.529868287001214661e-02
-2.062172483552782987e-01 3.061832793004249861e-02 -1.874192531931428637e-02
-2.203527280498794594e-01 2.234780924013024528e-02 -2.208050919773446585e-02
-2.337523258100299151e-01 1.387311454817909302e-02 -2.531462352132650417e-02
-2.464160136094794007e-01 5.194183886282992095e-03 -2.844459854776253474e-02
-2.583437490153911442e-01 -3.689030419068846291e-03 -3.147085437185525442e-02
-2.695354753667249526e-01 -1.277656348445034215e-02 -3.439390097084005921e-02
-2.799911220007951229e-01 -2.206843757257194796e-02 -3.721433824627026765e-02
-2.897106045300751331e-01 -3.156466176889843878e-02 -3.993285606345541722e-02
-2.986938251713474601e-01 -4.126523163977743880e-02 -4.255023428939843505e-02
-3.069406731292729784e-01 -5.117012888002900328e-02 -4.506734283019794840e-02
-3.144510250364577209e-01 -6.127932095797539863e-02 -4.748514166891639604e-02
-3.207183465289705215e-01 -7.109150848780157461e-02 -4.986567495170648318e-02
-3.252364652213589058e-01 -8.010479680308915662e-02 -5.226940243266041397e-02
-3.280058077931396476e-01 -8.831822150051010789e-02 -5.469506291645893220e-02
-3.290268222121753849e-01 -9.573078096656059688e-02 -5.714151206169957448e-02
-3.282999774182226993e-01 -1.023414365197014703e-01 -5.960772216978501431e-02
-3.258257631151799116e-01 -1.081491124183721481e-01 -6.209278210449580698e-02
-3.216046896614375705e-01 -1.131526957582347642e-01 -6.459589735128536125e-02
-3.156372880478052756e-01 -1.173510362819248087e-01 -6.711639022544821365e-02
-3.079241099525459324e-01 -1.207429461245865393e-01 -6.965370023849366821e-02
-2.984657278630862831e-01 -1.233271995184987008e-01 -7.220738463226573922e-02
-2.872626933434814789e-01 -1.251025611491817235e-01 -7.477715823741865053e-02
-2.743155796327957363e-01 -1.260677398054150244e-01 -7.736285520281031836e-02
-2.596250242995927771e-01 -1.262213669447368458e-01 -7.996438828523019793e-02
-2.431916875295535574e-01 -1.255620336454288388e-01 -8.258178812096945987e-02
-2.250162523021611016e-01 -1.240882907284697328e-01 -8.521520438076378434e-02
-2.050994245690549167e-01 -1.217986489820018781e-01 -8.786490715897442294e-02
-1.834419334231157661e-01 -1.186915795129028922e-01 -9.053128860786884002e-02
-1.600445312471734383e-01 -1.147655142506608383e-01 -9.321486482778695848e-02
-1.349079938308969662e-01 -1.100188466294397538e-01 -9.591627802383696777e-02
-1.080331204441445092e-01 -1.044499324750451236e-01 -9.863629893949157901e-02
-7.942074610610508345e-02 -9.805735632559949011e-02 -1.013762403640746657e-01
-4.907172910277154965e-02 -9.083964096593202808e-02 -1.041375160600438304e-01
-1.698693957136304319e-02 -8.279499441669804782e-02 -1.069212428764075989e-01
1.683272805572398612e-02 -7.392158937076230563e-02 -1.097286689977012980e-01
5.238635533544342554e-02 -6.421756539710703204e-02 -1.125611774014585870e-01
8.967300021784456454e-02 -5.368103151569657977e-02 -1.154202896491102609e-01
1.286916975839559329e-01 -4.231006917668522077e-02 -1.183076700150548222e-01
1.694414599334961580e-01 -3.010273567913035811e-02 -1.212251299568496282e-01
2.119212782389851002e-01 -1.705706806624384883e-02 -1.241746329274050764e-01
2.561301229838696125e-01 -3.171087536181204855e-03 -1.271582995276859251e-01
2.994865232273364319e-01 1.063850810920844922e-02 -1.298220178025294713e-01
3.394103333706176007e-01 2.345197012728098690e-02 -1.318084069728180929e-01
3.759027461630313205e-01 3.526697267072203407e-02 -1.331148760621123639e-01
4.089648912679301196e-01 4.608140422565058097e-02 -1.337388699505995815e-01
4.385978338938037457e-01 5.589337203137747373e-02 -1.336778653181987242e-01
4.648025735070502318e-01 6.470120582169633372e-02 -1.329293675517746742e-01
4.875800426397312592e-01 7.250346090460890736e-02 -1.314909085240401898e-01
5.069311058078559418e-01 7.929892059549348282e-02 -1.293600451486232594e-01
5.228565585565200236e-01 8.508659801728640781e-02 -1.265343586130546483e-01
5.353571266488534874e-01 8.986573728061210409e-02 -1.230114541892138869e-01
5.444333545489655757e-01 9.363618634986574374e-02 -1.187886676121498175e-01
5.500857102685080546e-01 9.639798497530542576e-02 -1.138633896110206184e-01
5.523146991446524767e-01 9.815100826937028788e-02 -1.082333528119887173e-01
5.511207556093515869e-01 9.889535780281308308e-02 -1.018963254294706633e-01
5.465042430906411619e-01 9.863136140408172714e-02 -9.485011139164487015e-02
5.384654541468003597e-01 9.735957244927882781e-02 -8.709255044920723166e-02
5.270046108478394498e-01 9.508076866427241092e-02 -7.862151816541304572e-02
5.121218654182188024e-01 9.179595046148304738e-02 -6.943492568623202410e-02
4.938173011541342472e-01 8.750633883461003681e-02 -5.953071919066420248e-02
4.720909336280986746e-01 8.221337283495903925e-02 -4.890687892282666316e-02
4.469430320710543469e-01 7.591868101881188435e-02 -3.756086099416273971e-02
4.183737849960958433e-01 6.862409235026285803e-02 -2.549019465747721230e-02
3.863829868204451401e-01 6.033166955080039584e-02 -1.269302433540389456e-02
3.509703667376985470e-01 5.104368809249133082e-02 8.324685158562558770e-04
3.121355910719723625e-01 4.076263318379570733e-02 1.508806943628557967e-02
2.698782659879727652e-01 2.949119648490209494e-02 3.007553595495998655e-02
2.241979405694907723e-01 1.723227256662135734e-02 4.579660363113699506e-02
1.750941102798928561e-01 3.988955121519950110e-03 6.225299322538817293e-02
1.225662208190597957e-01 -1.023546707068324901e-02 7.944641907946822790e-02
6.661367239278548347e-02 -2.543751442921460271e-02 9.737859878009386128e-02
1.052937287526652284e-02 -4.053867581010771326e-02 1.150386346602542409e-01
-4.239229189475511583e-02 -5.446523464383365432e-02 1.314133650244782570e-01
-9.215048120464296166e-02 -6.722089148114723800e-02 1.465014974402639170e-01
-1.387443456648720930e-01 -7.880918793315982995e-02 1.603019255608736926e-01
-1.821730303386573102e-01 -8.923350459819445746e-02 1.728137203196407623e-01
-2.224356772791278303e-01 -9.849705954267180819e-02 1.840361223126674717e-01
-2.595314275203207677e-01 -1.066029072537714312e-01 1.939685353124935008e-01
-2.934594225713943461e-01 -1.135539379905026458e-01 2.026105208540943114e-01
-3.242188054622017201e-01 -1.193528774659084468e-01 2.099617938327272559e-01
-3.518087213871838870e-01 -1.240022867981899202e-01 2.160222190518712448e-01
-3.762284767901220017e-01 -1.275046018685416782e-01 2.207915835617046962e-01
-3.974773602816913942e-01 -1.298620906187070434e-01 2.242698405669799333e-01
-4.155544892837059745e-01 -1.310768199803800660e-01 2.264573337982728751e-01
-4.304589775999129730e-01 -1.311506986341432757e-01 2.273545639315646683e-01
-4.421899355381381791e-01 -1.300854773694798405e-01 2.269621871066175300e-01
-4.507464699028017607e-01 -1.278827493738144694e-01 2.252810140253253268e-01
-4.561276839011516593e-01 -1.245439503950939303e-01 2.223120095719514078e-01
-4.583326770063218536e-01 -1.200703587224901808e-01 2.180562928979885018e-01
-4.573605448202364698e-01 -1.144630949294841438e-01 2.125151379151728470e-01
-4.532103789794538207e-01 -1.077231213229320195e-01 2.056899741408894366e-01
-4.458815168142664098e-01 -9.985092889770616487e-02 1.975818233095955889e-01
-4.353732682168325319e-01 -9.084685065059065756e-02 1.881918957900342027e-01
-4.216846751889332112e-01 -8.071137772010249234e-02 1.775221429429292563e-01
-4.048147730652768006e-01 -6.944484647895100837e-02 1.655746786432143736e-01
-3.847625915042509614e-01 -5.704743623446752870e-02 1.523517800445104431e-01
-3.615271557910017530e-01 -4.351916625468964239e-02 1.378558883679652236e-01
-3.351074884987322311e-01 -2.885989205688955714e-02 1.220896096595318336e-01
-3.055026115553181043e-01 -1.306930089502530978e-02 1.050557154573585200e-01
-2.727115487638045455e-01 3.853093617410553381e-03 8.675714330781922334e-02
-2.367333288313694384e-01 2.190795781032772380e-02 6.719699706633079639e-02
-2.006622251023515435e-01 3.967980102311824409e-02 4.754492865298378529e-02
-1.675935314809501309e-01 5.575236724760204710e-02 2.896517757825785994e-02
-1.375284153010489230e-01 7.012485130572690406e-02 1.145317717987600833e-02
-1.104678989173149134e-01 8.279625673219015436e-02 -4.995564039202999435e-03
-8.641285595747855153e-02 9.376538875710994925e-02 -2.038546164530291582e-02
-6.536400804179255675e-02 1.030308484833063060e-01 -3.472085424162457690e-02
-4.732192197495981717e-02 1.105910282163774933e-01 -4.800600225809429494e-02
-3.228700741751328734e-02 1.164441079049189642e-01 -6.024508665814574948e-02
-2.025951504511067786e-02 1.205880526470560765e-01 -7.144220766162262537e-02
-1.123953520498835804e-02 1.230206112183444833e-01 -8.160138358663424074e-02
-5.226797043465012879e-03 1.237390543624296291e-01 -9.072654978697790307e-02
-2.220886209932103426e-03 1.227404431607863750e-01 -9.882155798846119221e-02
-2.221437631349432087e-03 1.200218905793370427e-01 -1.058901776408923551e-01
-5.227926545256540367e-03 1.155802980092970333e-01 -1.119360962366505868e-01
-1.123966830192230613e-02 1.094123559173198340e-01 -1.169629197680694954e-01
-2.025581872052081150e-02 1.015145452321220138e-01 -1.209741739420780449e-01
-3.227537500870875792e-02 9.188313941937728546e-02 -1.239733062584535694e-01
-4.729717725534773876e-02 8.051420719755850164e-02 -1.259636890567363832e-01
-6.531991050677471433e-02 6.740361584897291980e-02 -1.269486236350026720e-01
-8.634210743792779252e-02 5.254703508270388429e-02 -1.269313455412319491e-01
-1.103623427551767150e-01 3.594076631433936603e-02 -1.259153694869396267e-01
-1.373790368299738773e-01 1.758088400603616958e-02 -1.239041077916704509e-01
-1.673902641126233382e-01 -2.537575079042831989e-03 -1.209005521156442664e-01
-2.003939495391427461e-01 -2.441976651949925511e-02 -1.169076418560385244e-01
-2.363878726965874255e-01 -4.807103382303043460e-02 -1.119282747333739808e-01
-2.753696726678991347e-01 -7.349690366175266887e-02 -1.059653191289902513e-01
-3.173368535838283488e-01 -1.007030807620059726e-01 -9.902162825536571511e-02
-3.622867909147534093e-01 -1.296954424437877784e-01 -9.110005623588604551e-02
-4.102167385414916545e-01 -1.604800327920670178e-01 -8.220347616489769027e-02
-4.611238366499932351e-01 -1.930630564269155414e-01 -7.233480021279740935e-02
-5.115463181830164352e-01 -2.252797532515644630e-01 -6.228254986480347838e-02
-5.580266112135575662e-01 -2.549576108329890678e-01 -5.283049327699559233e-02
-6.005676254185514651e-01 -2.820911627866186100e-01 -4.397451496916215952e-02
-6.391722008283382550e-01 -3.066750682467708211e-01 -3.571044684496262056e-02
-6.738431001246663055e-01 -3.287041193559861463e-01 -2.803405455244236885e-02
-7.045830017982633864e-01 -3.481732479984082085e-01 -2.094102613982969791e-02
-7.313944941761904017e-01 -3.650775317463880731e-01 -1.442696293315050282e-02
-7.542800703350258651e-01 -3.794121989782108795e-01 -8.487372552345386414e-03
-7.732421239204811947e-01 -3.911726331157990844e-01 -3.117663973619155468e-03
-7.882829458973664716e-01 -4.003543759243398115e-01 1.686855462240219317e-03
-7.994039348354688990e-01 -4.069534123583298246e-01 5.931410317464523227e-03
-8.066064294980133109e-01 -4.109658005893860877e-01 9.621194027198260584e-03
-8.098924780453438110e-01 -4.123874295396474099e-01 1.276099335264906098e-02
-8.092640278607109439e-01 -4.112143453281709160e-01 1.535568041311938074e-02
-8.047229249234650883e-01 -4.074427515860891691e-01 1.741021192636357795e-02
-7.962709142114202665e-01 -4.010690085541624983e-01 1.892962710438882840e-02
-7.839096411528542196e-01 -3.920896309066297380e-01 1.991904432403667977e-02
-7.676406541464846356e-01 -3.805012842485391289e-01 2.038365669088398197e-02
-7.474654081651964654e-01 -3.663007802380578992e-01 2.032872661247188406e-02
-7.233852694563113195e-01 -3.494850702903778417e-01 1.975957949253584131e-02
-6.954020120590851395e-01 -3.300515655465396936e-01 1.868274261133291009e-02
-6.635173317358640244e-01 -3.079977849674640500e-01 1.710472298160542123e-02
-6.277323502273390865e-01 -2.833210441857378359e-01 1.503089870651822847e-02
-5.880481091866737176e-01 -2.560187877602725925e-01 1.246669580436125628e-02
-5.444655777071074620e-01 -2.260885789120254674e-01 9.417581457520540072e-03
-4.969856609490038157e-01 -1.935280877347876904e-01 5.889056875557999518e-03
-4.456092098629228504e-01 -1.583350778730443498e-01 1.886649828134331301e-03
-3.903370320026708917e-01 -1.205073916653398858e-01 -2.584093113271967741e-03
-3.311699034203009484e-01 -8.004293375838490709e-02 -7.517614604562072866e-03
-2.681085816326356785e-01 -3.693965320358659488e-02 -1.290835482944421853e-02
-2.044376967824715341e-01 6.137338551839609593e-03 -1.850575996483040317e-02
-1.434410786890176759e-01 4.652123233730562357e-02 -2.406685842573796572e-02
-8.511818683175118028e-02 8.421144204832452240e-02 -2.959705130121971853e-02
-2.946834979345891795e-02 1.192072776452408611e-01 -3.510118300911851952e-02
2.350924346207994634e-02 1.515079318267431863e-01 -4.058353802516415088e-02
7.381555050460697487e-02 1.811124691582318147e-01 -4.604783727005622163e-02
1.214516807170328005e-01 2.080198174908262643e-01 -5.149723419704844984e-02
1.664188991129188500e-01 2.322287615058822585e-01 -5.693431064072660558e-02
2.087186288653783139e-01 2.537379382189791643e-01 -6.236107250253924983e-02
2.483524527217797206e-01 2.725458342757298702e-01 -6.777894536022764649e-02
2.853220652684533287e-01 2.886504804663450052e-01 -7.318864435699705406e-02
3.196293041136314961e-01 3.020497371957327482e-01 -7.859029927203781130e-02
3.512761942621018818e-01 3.127416252042937161e-01 -8.398357980908070786e-02
3.802649044520352573e-01 3.207240372034710352e-01 -8.936756548474375506e-02
4.065977472148579186e-01 3.259947399482737151e-01 -9.474074158677511792e-02
4.302771788985182422e-01 3.285513770491136909e-01 -1.001009956796777428e-01
4.513057998415491712e-01 3.283914723413928205e-01 -1.054456147515446529e-01
4.696863548874123384e-01 3.255124336285041275e-01 -1.107712830932633258e-01
4.854217344305785109e-01 3.199115566114832387e-01 -1.160740809979543126e-01
4.985149761873788332e-01 3.115860288164751801e-01 -1.213494843648291743e-01
5.089703314750607666e-01 3.005326609773995572e-01 -1.265921889080584284e-01
5.167921582859476004e-01 2.867481242057466906e-01 -1.317963142634542562e-01
5.219838705975450299e-01 2.702292549445298731e-01 -1.369555624561503981e-01
5.245490257511095100e-01 2.509728083424386802e-01 -1.420630282862215543e-01
5.244913315371463325e-01 2.289754604371284918e-01 -1.471112025255079947e-01
5.218146551582145687e-01 2.042338092112491454e-01 -1.520919764644449168e-01
5.165230342632340932e-01 1.767443743309656812e-01 -1.569966478744061755e-01
5.086206902447970579e-01 1.465035953791064827e-01 -1.618159284547575905e-01
4.981120439874270334e-01 1.135078283983100428e-01 -1.665399528399374995e-01
4.850017342502057627e-01 7.775334056364495428e-02 -1.711582892507429732e-01
4.705851693483741327e-01 4.142323275346109640e-02 -1.752583163532333843e-01
4.561524778047295614e-01 6.706188266855667851e-03 -1.784397262332704792e-01
4.417006196779588167e-01 -2.639362131795171262e-02 -1.807100358957420549e-01
4.272268286945744564e-01 -5.787221820272887146e-02 -1.820765555019243365e-01
4.127286004847797729e-01 -8.772581344188976060e-02 -1.825463807676893924e-01
3.982036821833520590e-01 -1.159508019651046828e-01 -1.821263862069994188e-01
3.836500633461781828e-01 -1.425437575827072367e-01 -1.808232191534303035e-01
3.690659681302782547e-01 -1.675014280052312954e-01 -1.786432944973167791e-01
3.544498486832543538e-01 -1.908207299064094142e-01 -1.755927900802873587e-01
3.398003796864756954e-01 -2.124987440574064579e-01 -1.716776426925911980e-01
3.251161389636310628e-01 -2.325330487679854174e-01 -1.669035526571537309e-01
3.103959327929376455e-01 -2.509212619363683228e-01 -1.612759400514657548e-01
2.956391178638862471e-01 -2.676607604841504950e-01 -1.547999608805034344e-01
2.808452816443919864e-01 -2.827490735353918039e-01 -1.474805323815837066e-01
2.660142395279287419e-01 -2.961838786973988724e-01 -1.393223307162411717e-01
2.511460327799234782e-01 -3.079629985613751009e-01 -1.303297889836758094e-01
2.362409272254026027e-01 -3.180843974464591106e-01 -1.205070955103524077e-01
2.212994126197015132e-01 -3.265461784105714860e-01 -1.098581923712051572e-01
2.063222026441003110e-01 -3.333465805514032598e-01 -9.838677409856924627e-02
1.913102354681571471e-01 -3.384839766210678280e-01 -8.609628653527737208e-02
1.762641525376162088e-01 -3.419576615239842132e-01 -7.298971181813998510e-02
1.611848612485154431e-01 -3.437669935032211521e-01 -5.906978126767021414e-02
1.460740427680391473e-01 -3.439106372229842057e-01 -4.433919536296310193e-02
1.309336124163211768e-01 -3.423873873290207426e-01 -2.880041112350241114e-02
1.157657207304574887e-01 -3.391961680783326938e-01 -1.245564101790060975e-02
1.005727547468598798e-01 -3.343360334284036783e-01 4.693148261206551465e-03
8.535733944394072181e-02 -3.278061676109145228e-01 2.264423720158635633e-02
7.012233928663542948e-02 -3.196058862153874913e-01 4.139615510081551958e-02
5.487085981338401391e-02 -3.097346378086223706e-01 6.094768196669759358e-02
3.960624920523864168e-02 -2.981920061162291469e-01 8.129785073490532199e-02
2.392494862198198471e-02 -2.860861032831731321e-01 1.016905771897052418e-01
7.419260982255061580e-03 -2.745250258426523149e-01 1.213718719867385581e-01
-9.913408371037411154e-03 -2.635079779647233056e-01 1.403441469301124067e-01
-2.807566956038478473e-02 -2.530338896058312304e-01 1.586096430020700054e-01
-4.707014831265819016e-02 -2.431014161512944083e-01 1.761704299214137126e-01
-6.689948572404066929e-02 -2.337089381363331997e-01 1.930284061089581893e-01
-8.756633768471251689e-02 -2.248545610323571253e-01 2.091852990868150741e-01
-1.090733739966603666e-01 -2.165361150845446503e-01 2.246426663396788592e-01
-1.314232772181430642e-01 -2.087511551876549132e-01 2.394018966666086601e-01
-1.546187412684498774e-01 -2.014969607879761038e-01 2.534642120520281816e-01
-1.786623850437804029e-01 -1.947707635769803380e-01 2.668307042696861919e-01
-2.035568581590659898e-01 -1.885694572128402413e-01 2.795022464372581283e-01
-2.293049136997047099e-01 -1.828893981896694276e-01 2.914794889622219776e-01
-2.559093103981016082e-01 -1.777266633154001851e-01 3.027629255305308020e-01
-2.833728104344771515e-01 -1.730770489040009408e-01 3.133528975742392308e-01
-3.116981771963174830e-01 -1.689360699369307772e-01 3.232495994452855292e-01
-3.408881730288825240e-01 -1.652989591900670685e-01 3.324530843267975988e-01
-3.709455570089196241e-01 -1.621606663241865476e-01 3.409632709134672313e-01
-4.018730827734035560e-01 -1.595158569390867365e-01 3.487799508927298398e-01
-4.336734964347416788e-01 -1.573589115936717964e-01 3.559027972586589761e-01
-4.663488390501954739e-01 -1.556848988049500393e-01 3.623328868489738563e-01
-4.999011930744660659e-01 -1.544885585366408687e-01 3.680710319613735293e-01
-5.343333502532136015e-01 -1.537633449488381987e-01 3.731163462989642299e-01
-5.696480878224869926e-01 -1.535024186393934842e-01 3.774678476208577771e-01
-6.058481667492109368e-01 -1.536986447946182832e-01 3.811244698252982954e-01
-6.429363302365299626e-01 -1.543445913348368004e-01 3.840850760754053184e-01
-6.809153025216755362e-01 -1.554325270766343525e-01 3.863484730028252101e-01
-7.197877879932298439e-01 -1.569544199380245308e-01 3.879134260247554256e-01
-7.595564706537369926e-01 -1.589019352174960154e-01 3.887786758099124329e-01
-8.002240139497420746e-01 -1.612664339822310611e-01 3.889429559296366801e-01
-8.396956020923553865e-01 -1.634898926286268428e-01 3.888170006067987461e-01
-8.758730688760106853e-01 -1.650294985758478661e-01 3.888125401481540844e-01
-9.087536088132069922e-01 -1.658991242153533274e-01 3.889299407139625853e-01
-9.383344858676853084e-01 -1.661127078291782244e-01 3.891696007350380349e-01
-9.646130340258881608e-01 -1.656842517862869568e-01 3.895319298844402423e-01
-9.875866580071150924e-01 -1.646278205163161368e-01 3.900173311506615614e-01
-1.007252834106634465e+00 -1.629575382643178028e-01 3.906261860349456438e-01
-1.023609111164581309e+00 -1.606875866440957146e-01 3.913588428948195919e-01
-1.036653111652310999e+00 -1.578322020195961906e-01 3.922156084550402211e-01
-1.046382532867452531e+00 -1.544056727535308982e-01 3.931967425059872401e-01
-1.052795375929289623e+00 -1.504221898210318376e-01 3.943009861932739168e-01
-1.055889590535114442e+00 -1.458959677563544943e-01 3.955273862641697225e-01
-1.055662909614771605e+00 -1.408414164510927713e-01 3.968765954146318831e-01
-1.052113141855537615e+00 -1.352730086638356810e-01 3.983492279993609553e-01
-1.045238173356389799e+00 -1.292052770283526608e-01 3.999458626951324924e-01
-1.035035969381516541e+00 -1.226528109936166344e-01 4.016670484554375475e-01
-1.021504576207945103e+00 -1.156302537464538177e-01 4.035133137749759014e-01
-1.004642123064269477e+00 -1.081522991632916098e-01 4.054851792806569155e-01
-9.844468241597772451e-01 -1.002336888307408802e-01 4.075831736639801139e-01
-9.609169808060352702e-01 -9.188920916570229858e-02 4.098078529680200810e-01
-9.340529700170614458e-01 -8.313274426397478101e-02 4.121587701453056640e-01
-9.038550952192123678e-01 -7.397823392035950130e-02 4.146356970571482559e-01
-8.703216792360750631e-01 -6.444062310765144574e-02 4.172395767294525548e-01
-8.334511346056081571e-01 -5.453491097665174453e-02 4.199714049924358483e-01
-7.932419663132225240e-01 -4.427614714822745989e-02 4.228322583612189600e-01
-7.496927746646768753e-01 -3.367942793256811784e-02 4.258233253786281036e-01
-7.028022583163801018e-01 -2.275989242017985303e-02 4.289459414311186380e-01
-6.525692174847728122e-01 -1.153271836454613890e-02 4.322016270471630839e-01
-5.989925573605362485e-01 -1.311774918816288604e-05 4.355921296857369618e-01
-5.420712917588005331e-01 1.178366809754497792e-02 4.391194690203752415e-01
-4.851768856756374371e-01 2.296315774058032763e-02 4.422749705523429942e-01
-4.316854131558476859e-01 3.265408780818015999e-02 4.445431185740645885e-01
-3.816031456390725496e-01 4.087569693590816650e-02 4.459163229430432862e-01
-3.349361830658446060e-01 4.764690505536300913e-02 4.463875888369401301e-01
-2.916904505028239947e-01 5.298629589444699139e-02 4.459504703796004499e-01
-2.518716968120422450e-01 5.691210209892431926e-02 4.445990299192315587e-01
-2.154854952182003180e-01 5.944219267261759143e-02 4.423278028405502327e-01
-1.825372456381843256e-01 6.059406246913091182e-02 4.391317677766826133e-01
-1.530321786455574040e-01 6.038482349881996170e-02 4.350063220738069614e-01
-1.269753609499062741e-01 5.883119784097792099e-02 4.299472623515351311e-01
-1.043706105949576551e-01 5.594940194963533842e-02 4.239499001572321624e-01
-8.522181183185523201e-02 5.175519519380655104e-02 4.170098913342528135e-01
-6.953390419739668982e-02 4.626402599983034380e-02 4.091241513390515561e-01
-5.731168880605844868e-02 3.949094950174590613e-02 4.002900024999561657e-01
-4.855983564828289523e-02 3.145062333857606002e-02 3.905051660655970980e-01
-4.328289176492559898e-02 2.215730410037606776e-02 3.797677583068854723e-01
-4.148529019350120223e-02 1.162484427050002392e-02 3.680762904989457462e-01
-4.317135958117863936e-02 -1.333104868858822070e-04 3.554296726092939784e-01
-4.834533435784944128e-02 -1.310412384637462888e-02 3.418272205189801793e-01
-5.701136536007845451e-02 -2.727497130446047274e-02 3.272686666041045300e-01
-6.917308505828602405e-02 -4.263310928021713658e-02 3.117561092478156604e-01
-8.483411726611822523e-02 -5.916622289409095847e-02 2.952920029286372761e-01
-1.039984866005200237e-01 -7.686295353615803239e-02 2.778772519527160645e-01
-1.266701487211931154e-01 -9.571236293346180313e-02 2.595131943014112319e-01
-1.528529990162585672e-01 -1.157039383360573548e-01 2.402016174157368122e-01
-1.825508810676869098e-01 -1.368275987033215069e-01 2.199447762817408059e-01
-2.157675947653701076e-01 -1.590737020986759953e-01 1.987454136347654721e-01
-2.525069039316363284e-01 -1.824330545147043736e-01 1.766067820952802736e-01
-2.927725433099344632e-01 -2.068969203650037891e-01 1.535326680421140177e-01
-3.365682247629839252e-01 -2.324570348942200937e-01 1.295274170196401842e-01
-3.806197490690740870e-01 -2.576544654441729754e-01 1.055331912327255317e-01
-4.216475204888543993e-01 -2.810401422201071475e-01 8.248838165923809418e-02
-4.596473064150568555e-01 -3.026207343646861725e-01 6.039212303819310040e-02
-4.946150882343895994e-01 -3.224026095616325804e-01 3.924355049202327833e-02
-5.265470557132263529e-01 -3.403918277679873761e-01 1.904178430673057754e-02
-5.554396020612621943e-01 -3.565941355041034044e-01 -2.140827709331983436e-04
-5.812893196427799669e-01 -3.710149606756120710e-01 -1.852499586813711671e-02
-6.040929962983964119e-01 -3.836594079120498324e-01 -3.589194610300010940e-02
-6.238476122350574693e-01 -3.945322544153495037e-01 -5.231597663634859896e-02
-6.405503374377360393e-01 -4.036379463178054738e-01 -6.779818681222228582e-02
-6.541982939405484032e-01 -4.109804267443342152e-01 -8.234029760694318301e-02
-6.647887628731602438e-01 -4.165633103058890563e-01 -9.594397072077913424e-02
-6.723194391692246530e-01 -4.203900552180383499e-01 -1.086102797143044668e-01
-6.767882100427264902e-01 -4.224637912471592704e-01 -1.203403256154795542e-01
-6.781931535276123357e-01 -4.227873178060131409e-01 -1.311352377751079656e-01
-6.765325372706367801e-01 -4.213631025278026798e-01 -1.409961737500266821e-01
-6.718048175316329029e-01 -4.181932803142811017e-01 -1.499243183740271157e-01
-6.640086383462627806e-01 -4.132796528515045864e-01 -1.579208821769630400e-01
-6.531428308075524214e-01 -4.066236885842859916e-01 -1.649870993127491303e-01
-6.392064124240793843e-01 -3.982265231374764181e-01 -1.711242251568804718e-01
-6.221985735247800298e-01 -3.880886670216527889e-01 -1.763360243443854725e-01
-6.021186979921103744e-01 -3.762103045714326188e-01 -1.806261502309283173e-01
-5.789663755799067113e-01 -3.625915881939290042e-01 -1.839957056370654653e-01
-5.527413854532925441e-01 -3.472323448278376024e-01 -1.864457926059653325e-01
-5.234436954404774189e-01 -3.301320773033371569e-01 -1.879775123304684714e-01
-4.910734611816817696e-01 -3.112899659615255832e-01 -1.885919656863258853e-01
-4.556310251448613124e-01 -2.907048705039400605e-01 -1.882902545251475823e-01
-4.171169154781946831e-01 -2.683753320429180800e-01 -1.870734838788618293e-01
-3.755318446690755763e-01 -2.442995753247431401e-01 -1.849427652256037391e-01
-3.308767079785406295e-01 -2.184755110998241046e-01 -1.818992209649349101e-01
-2.858486064297021123e-01 -1.923277547726230385e-01 -1.782540904914070856e-01
-2.431424499330040734e-01 -1.672859317819930525e-01 -1.743170025932579137e-01
-2.027557493343737638e-01 -1.433549081639561851e-01 -1.700867505454708439e-01
-1.646861172821319774e-01 -1.205393315415751870e-01 -1.655622650275946628e-01
-1.289312705495982980e-01 -9.884362951172709355e-02 -1.607426024795357566e-01
-9.548903216675178052e-02 -7.827200847483578583e-02 -1.556269348793596075e-01
-6.435733338331615927e-02 -5.882845284804735786e-02 -1.502145408761556000e-01
-3.553421548110260314e-02 -4.051672460865116121e-02 -1.445047982088519256e-01
-9.017831450344730715e-03 -2.334036312056208054e-02 -1.384971773402317030e-01
1.519355245805137193e-02 -7.302685201764750472e-03 -1.321912362340900149e-01
3.710147430246096140e-02 7.593069449369510386e-03 -1.255865402693564226e-01
5.670733763800504118e-02 2.134387167118819914e-02 -1.186827274942414412e-01
7.401250259881786420e-02 3.394705243661283456e-02 -1.114795975028262942e-01
8.901821377054690287e-02 4.540016281595570663e-02 -1.039770401239720893e-01
1.017255992075159626e-01 5.570097360340348080e-02 -9.617503283095558964e-02
1.121356695414108817e-01 6.484747488192001141e-02 -8.807363884800820109e-02
1.202493171765673802e-01 7.283787555515880419e-02 -7.967300587931491762e-02
1.260673155675671175e-01 7.967060287397315088e-02 -7.097336538595472311e-02
1.295903185751625386e-01 8.534430198441547710e-02 -6.197503233633858133e-02
1.308188598968240968e-01 8.985783552385646911e-02 -5.267840535571879923e-02
1.297533271885745465e-01 9.321043517542461354e-02 -4.308364520439504630e-02
1.263939816556935436e-01 9.540154523895037764e-02 -3.319101063433373133e-02
1.207409870662818768e-01 9.643067268299201911e-02 -2.300117602395402791e-02
1.127943872733636332e-01 9.629754121694934776e-02 -1.251490352351192041e-02
1.025541060724314973e-01 9.500209155215924572e-02 -1.733043175053308304e-03
9.001994710718194681e-02 9.254448187814373616e-02 9.343467013586024064e-03
7.519159381900782091e-02 8.892508858213679646e-02 2.071360111492626804e-02
5.806860943595525820e-02 8.414450724006798665e-02 3.237624552255412291e-02
3.865043699693791746e-02 7.820355390709868293e-02 4.433019946130474509e-02
1.693639940731810414e-02 7.110326673552215537e-02 5.657417584237703356e-02
-4.869024718972585902e-03 6.399020143906961056e-02 6.845438011949782353e-02
-2.455956902685836607e-02 5.800935840534893889e-02 7.931874257310647658e-02
-4.213377873998503526e-02 5.315932563500435498e-02 8.916872256479810299e-02
-5.759013936550989171e-02 4.943865929447378155e-02 9.800587650516302818e-02
-7.092707703920335394e-02 4.684588180262862223e-02 1.058318564068201212e-01
-8.214295889199230150e-02 4.537948014063709901e-02 1.126484087192491657e-01
-9.123609344416003242e-02 4.503790441817762114e-02 1.184573734596104932e-01
-9.820473103588792108e-02 4.581956672680200654e-02 1.232606836553818974e-01
-1.030470643023433525e-01 4.772284031075643695e-02 1.270603651152203140e-01
-1.057612287010776392e-01 5.074605908513474956e-02 1.298585365449735907e-01
-1.063454043622276690e-01 5.488754002966045320e-02 1.316573343314521027e-01
-1.047977082155799600e-01 6.014557177282181533e-02 1.324589917518343984e-01
-1.011160962721105866e-01 6.651838669275947358e-02 1.322659134886936538e-01
-9.529846898327963556e-02 7.400417824920493826e-02 1.310805992344842574e-01
-8.734267206974739850e-02 8.260110177503458828e-02 1.289056449346865085e-01
-7.724649744972561516e-02 9.230727579551321893e-02 1.257437444773071289e-01
-6.500768427539162231e-02 1.031207839056772629e-01 1.215976918450659972e-01
-5.062392008659503950e-02 1.150396772369510906e-01 1.164703837456751018e-01
-3.409284209212640887e-02 1.280619775449262088e-01 1.103648227343893423e-01
-1.541203859011540042e-02 1.421856809512860309e-01 1.032841208414374823e-01
5.420829521121411920e-03 1.574091048030190343e-01 9.523207758826751634e-02
2.840817133431639344e-02 1.737305179721385096e-01 8.621256859461770561e-02
5.355257431316623462e-02 1.911478095764160279e-01 7.622898829047039526e-02
8.085667107113891916e-02 2.096588496164031312e-01 6.528484665068262638e-02
1.103231372947374722e-01 2.292614951249834498e-01 5.338377445842578534e-02
1.419546894422421268e-01 2.499535971812293089e-01 4.052952912549535880e-02
1.757540821939408970e-01 2.717330088310352942e-01 2.672600106517330001e-02
2.117241056264712873e-01 2.945975939594723259e-01 1.197722060844428130e-02
2.498675820801297409e-01 3.185452371623823109e-01 -3.712634551118880813e-03
2.901873626779790660e-01 3.435738546639916513e-01 -2.033923140220617390e-02
3.285023108836618855e-01 3.672152170518021563e-01 -3.613523573633620894e-02
3.606246054386818556e-01 3.870070195217796272e-01 -4.934327884634293754e-02
3.865461643716782136e-01 4.029555065744441222e-01 -5.997349117335592367e-02
4.062589524911466299e-01 4.150668745932831194e-01 -6.803606940087937593e-02
4.197549857126369743e-01 4.233472575048048414e-01 -7.354128741882733078e-02
4.270263339328765895e-01 4.278027179626271437e-01 -7.649950253818517398e-02
4.280651223781469783e-01 4.284392441118585193e-01 -7.692115704772023443e-02
4.228635313445860966e-01 4.252627519967454028e-01 -7.481677521891889893e-02
4.114137942451825958e-01 4.182790936758865041e-01 -7.019695587161230155e-02
