0.000000000000000000e+00 0.000000000000000000e+00 -2.881069439684469824e+00
2.122555452015895128e-03 -9.178718013531650399e-04 -2.880035477566455615e+00
4.243073433618516077e-03 -1.825353507401317188e-03 -2.879010160536682683e+00
6.362812548693863590e-03 -2.725984135461878566e-03 -2.877988977825383987e+00
8.483046889056655715e-03 -3.623280878757739742e-03 -2.876967401414524339e+00
1.060506592813625915e-02 -4.520739045498878284e-03 -2.875940886093721005e+00
1.273017457311942380e-02 -5.421831939959709246e-03 -2.874904869471844648e+00
1.485969337584913674e-02 -6.330010683853082298e-03 -2.873854771943009201e+00
1.699495890273050591e-02 -7.248703976307169228e-03 -2.872785996605654812e+00
1.913732426388925489e-02 -8.181317790683984015e-03 -2.871693929133403156e+00
2.128815980178888623e-02 -9.131235006416105193e-03 -2.870573937596325287e+00
2.344797599632153506e-02 -1.009950775391432742e-02 -2.869424424818149966e+00
2.561376743283849677e-02 -1.107796591134313502e-02 -2.868256009540092855e+00
2.778160580381872080e-02 -1.205619259205192861e-02 -2.867082410140471271e+00
2.994751114249227797e-02 -1.302383969561793364e-02 -2.865917398181726750e+00
3.210745215416643816e-02 -1.397062812574478841e-02 -2.864774798254651866e+00
3.425734798509338930e-02 -1.488634744993166947e-02 -2.863668487383226324e+00
3.639307143083048146e-02 -1.576085498463797308e-02 -2.862612393978136271e+00
3.851045358572680044e-02 -1.658407429064290284e-02 -2.861620496328668661e+00
4.060528993479950444e-02 -1.734599306486472869e-02 -2.860706820625028346e+00
4.267334788885479568e-02 -1.803666041713825052e-02 -2.859885438506174271e+00
4.471061786817154271e-02 -1.864679215112996502e-02 -2.859169637816418863e+00
4.671405327056277201e-02 -1.916958544039282231e-02 -2.858569434862940017e+00
4.868085948352751657e-02 -1.959887650794067682e-02 -2.858094040751009146e+00
5.060826081551139666e-02 -1.992852689957258505e-02 -2.857752683633168367e+00
5.249350910111827417e-02 -2.015242001591666110e-02 -2.857554605887798971e+00
5.433389289651335829e-02 -2.026445739484383779e-02 -2.857509061143478135e+00
5.612674726383515278e-02 -2.025855475588400623e-02 -2.857625311166751114e+00
5.786946414343097089e-02 -2.012863782095575260e-02 -2.857912622633927313e+00
5.955950331272674703e-02 -1.986863792855952937e-02 -2.858380263810639477e+00
6.119440393062136607e-02 -1.947248746157104193e-02 -2.859037501166236783e+00
6.277093773336339666e-02 -1.893777818496689136e-02 -2.859890853434404079e+00
6.428252229533892859e-02 -1.827672538528091195e-02 -2.860935836501711904e+00
6.572175652090628262e-02 -1.750513821402144288e-02 -2.862165147440418167e+00
6.708125643679530015e-02 -1.663874685564659117e-02 -2.863571402480768135e+00
6.835363714611641939e-02 -1.569319840513339059e-02 -2.865147139724450565e+00
6.953149593876961632e-02 -1.468405329988931030e-02 -2.866884822891371254e+00
7.060739659011439073e-02 -1.362678229843794497e-02 -2.868776846076020348e+00
7.157385487704504001e-02 -1.253676400108272304e-02 -2.870815539501070823e+00
7.242332533718620624e-02 -1.142928291012346165e-02 -2.872993176266203097e+00
7.314818929285760163e-02 -1.031952802914704037e-02 -2.875301980099451704e+00
7.374075999106821655e-02 -9.222635116304722658e-03 -2.877734073067146792e+00
7.419331997027756032e-02 -8.153815869348157719e-03 -2.880281302110227593e+00
7.449806415141502214e-02 -7.128229234150129656e-03 -2.882935432985841651e+00
7.464707701835804343e-02 -6.160939411866017679e-03 -2.885688223392153695e+00
7.463232717300805064e-02 -5.266917521214331543e-03 -2.888531436207186331e+00
7.444566323322776569e-02 -4.461043828502653241e-03 -2.891456853915103764e+00
7.407881104679248097e-02 -3.758110544852755197e-03 -2.894456294264848406e+00
7.352337218459714663e-02 -3.172825187315986284e-03 -2.897521627206927075e+00
7.277082366553910830e-02 -2.719814497043060442e-03 -2.900644793154144807e+00
7.181251885378392430e-02 -2.413628903338960185e-03 -2.903817822611196586e+00
7.063968565511791198e-02 -2.268734786364579037e-03 -2.907032877810830307e+00
6.924341826235336228e-02 -2.299481861308905195e-03 -2.910282336448871909e+00
6.761469270922892960e-02 -2.520147422563567829e-03 -2.913558752811114871e+00
6.574437538855981700e-02 -2.944955381523506333e-03 -2.916854862281224481e+00
6.362322838500888977e-02 -3.588082935553238428e-03 -2.920163608106560726e+00
6.124191530984024467e-02 -4.463667570546725472e-03 -2.923478169733633170e+00
5.859100746903944668e-02 -5.585814333273653176e-03 -2.926791992738758452e+00
5.566099017581382924e-02 -6.968603299041475907e-03 -2.930098820377026403e+00
5.244226899680670684e-02 -8.626097148772160494e-03 -2.933392726771002046e+00
4.892517569830268087e-02 -1.057234875754620163e-02 -2.936668151759956658e+00
4.510629569464708055e-02 -1.281417274916396565e-02 -2.939920357499603565e+00
4.100753098938847430e-02 -1.532952026677669721e-02 -2.943146540357008512e+00
3.665729694990371712e-02 -1.808932401908958099e-02 -2.946344229987593710e+00
3.208422330785110077e-02 -2.106475575612876128e-02 -2.949510753157940979e+00
2.731715472348694718e-02 -2.422722842145264011e-02 -2.952643165922930635e+00
2.238515196049695177e-02 -2.754839806224129717e-02 -2.955738193719758211e+00
1.731749354218425907e-02 -3.100016538558403312e-02 -2.958792179429017288e+00
1.214367767584478841e-02 -3.455467680199841851e-02 -2.961801039451578799e+00
6.893424161776628978e-03 -3.818432475579580654e-02 -2.964760227850746777e+00
1.596675946335057716e-03 -4.186174710662982079e-02 -2.967664708611837732e+00
-3.716399967521155645e-03 -4.555982615976894579e-02 -2.970508933917388017e+00
-9.015412495006813742e-03 -4.925168742330932048e-02 -2.973286827219652206e+00
-1.426974860200491690e-02 -5.291069100746348397e-02 -2.975991788275986760e+00
-1.944857742028993641e-02 -5.651042338130451981e-02 -2.978616700949297869e+00
-2.452085674667792148e-02 -6.002468771401092695e-02 -2.981153947023901019e+00
-2.945534241954383958e-02 -6.342749151610505010e-02 -2.983595428484391299e+00
-3.422060096333723322e-02 -6.669303129669135188e-02 -2.985932598335060195e+00
-3.878502585303333916e-02 -6.979567397710839671e-02 -2.988156500034010232e+00
-4.311685770107231974e-02 -7.270993483469467833e-02 -2.990257815609454806e+00
-4.718420860925753857e-02 -7.541045179268790477e-02 -2.992226922515390797e+00
-5.095509157539090950e-02 -7.787195605603614013e-02 -2.994053958256802872e+00
-5.439745570100384953e-02 -8.006923907794050166e-02 -2.995728892050040670e+00
-5.747922144997730243e-02 -8.197711489663817019e-02 -2.997241611445282228e+00
-6.016832172989694527e-02 -8.357037916964271673e-02 -2.998582015180522031e+00
-6.243274780152674452e-02 -8.482376477754005606e-02 -2.999740113644901562e+00
-6.424059894494860146e-02 -8.571189410251589536e-02 -3.000706137955525321e+00
-6.556013540661975725e-02 -8.620922835064792622e-02 -3.001470657529078157e+00
-6.635983400358202999e-02 -8.629001439900552128e-02 -3.002024705993006304e+00
-6.660844560018119864e-02 -8.592822976693481607e-02 -3.002359915243670407e+00
-6.627505349797324641e-02 -8.509752643429724372e-02 -3.002468657422084242e+00
-6.534140638605556717e-02 -8.378174832173757025e-02 -3.002347844140911270e+00
-6.383874441564518776e-02 -8.200663722822953972e-02 -3.002009873289726460e+00
-6.181086537589841612e-02 -7.980819277404993528e-02 -3.001471395427496081e+00
-5.930174906563934201e-02 -7.722219073637104358e-02 -3.000749439890866288e+00
-5.635546985983630464e-02 -7.428426624078809937e-02 -2.999861227632932170e+00
-5.301611806597250620e-02 -7.102998967147566844e-02 -2.998824001043249865e+00
-4.932773073399054908e-02 -6.749493471623679852e-02 -2.997654870863494470e+00
-4.533423229171518187e-02 -6.371473819196893373e-02 -2.996370680228987560e+00
-4.107938511756081823e-02 -5.972515150123625105e-02 -2.994987885794414773e+00
-3.660674993249024567e-02 -5.556208375080018413e-02 -2.993522455843064645e+00
-3.195965510515819119e-02 -5.126163746621248407e-02 -2.991989785298762250e+00
-2.718117388594709638e-02 -4.686013786075537979e-02 -2.990404627584700492e+00
-2.231411363555402261e-02 -4.239415007899038912e-02 -2.988781042630426210e+00
-1.740101138633143307e-02 -3.790049114237525885e-02 -2.987132361217089915e+00
-1.248413558455574446e-02 -3.341623631324264210e-02 -2.985471165422926454e+00
-7.605493733179535809e-03 -2.897871969442844531e-02 -2.983809284922051219e+00
-2.806845019043713307e-03 -2.462552966433317891e-02 -2.982157808965387069e+00
1.870282988414739833e-03 -2.039449973881568567e-02 -2.980527113898408853e+00
6.384574446173019169e-03 -1.632369542350353697e-02 -2.978926906100034078e+00
1.069490296839381571e-02 -1.245139757363977751e-02 -2.977366280258260556e+00
1.476030801538330550e-02 -8.816083660668994071e-03 -2.975853789981308228e+00
1.853997073096769199e-02 -5.456408109111521298e-03 -2.974397527973743127e+00
2.199318713710374240e-02 -2.411174438333496539e-03 -2.973005239400301924e+00
2.507934173683690204e-02 2.806927118483848460e-04 -2.971684444439091077e+00
2.775788104266441181e-02 2.580176777935427879e-03 -2.970442573176014456e+00
2.998828640359896269e-02 4.448200801845381136e-03 -2.969287115876221073e+00
3.173004555127922899e-02 5.845661584809924705e-03 -2.968225788688012123e+00
3.294262194786545805e-02 6.733466942797861066e-03 -2.967266714843055819e+00
3.358542064682445982e-02 7.072576742748193368e-03 -2.966418621429283142e+00
3.361774897298452913e-02 6.824048620770462037e-03 -2.965691051835086967e+00
3.301312079944906941e-02 5.962333284402987488e-03 -2.965090960216494764e+00
3.180224970660194828e-02 4.515074070099878156e-03 -2.964611902942094979e+00
3.002997498227921724e-02 2.523400001291697947e-03 -2.964244699961089413e+00
2.774094654590042452e-02 2.863647001838387496e-05 -2.963980811063724907e+00
2.497966307451982004e-02 -2.927742887824713591e-03 -2.963812108565160752e+00
2.179050708785856827e-02 -6.304159804953357593e-03 -2.963730668634036114e+00
1.821777844738337038e-02 -1.005897131425559365e-02 -2.963728581120144590e+00
1.430572726749579360e-02 -1.415050657417049607e-02 -2.963797777739341388e+00
1.009858682136766106e-02 -1.853710093140126247e-02 -2.963929878477483015e+00
5.640606650930024557e-03 -2.317712735757293530e-02 -2.964116056083652140e+00
9.760851511546597692e-04 -2.802902424430175898e-02 -2.964346920390236839e+00
-3.850599318576897190e-03 -3.305131848569908826e-02 -2.964612423703421040e+00
-8.794954575469304814e-03 -3.820265124486432740e-02 -2.964901772466166818e+00
-1.381234389080532310e-02 -4.344179794955227436e-02 -2.965203361186725228e+00
-1.885795874119011728e-02 -4.872768302963725873e-02 -2.965504726267212288e+00
-2.388679554899475477e-02 -5.401938975435705004e-02 -2.965792517857402277e+00
-2.885363763435844220e-02 -5.927616448475170330e-02 -2.966052489886460641e+00
-3.371304364411464860e-02 -6.445741462982379488e-02 -2.966269508479348893e+00
-3.841934372763056160e-02 -6.952269959263635002e-02 -2.966427579012959725e+00
-4.292664469602058830e-02 -7.443171401609971483e-02 -2.966509892106100832e+00
-4.718884565240077933e-02 -7.914426491903991945e-02 -2.966498887285446528e+00
-5.115966531642435200e-02 -8.362024422922376132e-02 -2.966376333133127208e+00
-5.479267944719001804e-02 -8.781957831305087225e-02 -2.966123437124203566e+00
-5.804137202814274588e-02 -9.170217235819588808e-02 -2.965720972771935138e+00
-6.085920015561185892e-02 -9.522784716843268882e-02 -2.965149425728027754e+00
-6.319967248356483935e-02 -9.835626618558901413e-02 -2.964389160565909176e+00
-6.501644112686388866e-02 -1.010468530483876748e-01 -2.963420608307465454e+00
-6.626340656367624149e-02 -1.032587002683649224e-01 -2.962224474623463610e+00
-6.689483466757373264e-02 -1.049504699030583410e-01 -2.960781968481410953e+00
-6.686548453858343066e-02 -1.060802874332384960e-01 -2.959075050833245957e+00
-6.614487881610564557e-02 -1.066175178488171227e-01 -2.957090981971775001e+00
-6.475973005009372230e-02 -1.065784632865476311e-01 -2.954835364455671076e+00
-6.275137392245699886e-02 -1.059909405688692630e-01 -2.952319225918567103e+00
-6.016152658776707796e-02 -1.048825116037921390e-01 -2.949554528211069115e+00
-5.703219280434268512e-02 -1.032805719801372923e-01 -2.946553960329908239e+00
-5.340557563243386596e-02 -1.012124360715676019e-01 -2.943330742618164297e+00
-4.932398931591208679e-02 -9.870541753468975443e-02 -2.939898442732836070e+00
-4.482977669213283889e-02 -9.578690431685821238e-02 -2.936270803824963416e+00
-3.996523221801950854e-02 -9.248442750881302743e-02 -2.932461585318833830e+00
-3.477253145776870724e-02 -8.882572358356366493e-02 -2.928484416613035268e+00
-2.929366680052858385e-02 -8.483878836542535495e-02 -2.924352667506023185e+00
-2.357038920176535157e-02 -8.055192163564495189e-02 -2.920079338358066767e+00
-1.764416283617897818e-02 -7.599377358329828525e-02 -2.915676941652010523e+00
-1.155612535220562620e-02 -7.119338130898000827e-02 -2.911157405031318035e+00
-5.347054749446300548e-03 -6.618019741954173085e-02 -2.906531991680147975e+00
9.426565345886928071e-04 -6.098411260206404449e-02 -2.901811234308994347e+00
7.273020796605411675e-03 -5.563547267568846877e-02 -2.897004882662290726e+00
1.360446809134474577e-02 -5.016509068031194118e-02 -2.892121864431650202e+00
1.989785380586583940e-02 -4.460425460304096035e-02 -2.887170259434738373e+00
2.611446156917507366e-02 -3.898473136746760659e-02 -2.882157286905147053e+00
3.221600439069360888e-02 -3.333876073699482134e-02 -2.877089312875166893e+00
3.816462625063676839e-02 -2.769903374181481581e-02 -2.871971883680710214e+00
4.392288891578832732e-02 -2.209871189639667222e-02 -2.866809728776916533e+00
4.945376285867064681e-02 -1.657142974546310654e-02 -2.861606792107616926e+00
5.472062021783008490e-02 -1.115128938037246442e-02 -2.856366283381423621e+00
5.968722841903062459e-02 -5.872854593226062292e-03 -2.851090741745059276e+00
6.431774522699695851e-02 -7.711450438527833739e-04 -2.845782111762444444e+00
6.857671589711378246e-02 4.118369272053001851e-03 -2.840441831617253055e+00
7.242907296947098672e-02 8.759773062648967823e-03 -2.835070933459382658e+00
7.584013909295173050e-02 1.311671020360849482e-02 -2.829670155810103616e+00
7.878475687588570864e-02 1.715862466219331139e-02 -2.824242433049610757e+00
8.127457074723931640e-02 2.087964823924526314e-02 -2.818800323922600271e+00
8.333048270727294593e-02 2.428021194400997729e-02 -2.813359323064048123e+00
8.497348804705806558e-02 2.736088671979786113e-02 -2.807935516915031737e+00
8.622465532138123834e-02 3.012241711827012836e-02 -2.802545545874591593e+00
8.710510402086457660e-02 3.256575246916426636e-02 -2.797206566031197994e+00
8.763598019842167020e-02 3.469207529482742913e-02 -2.791936210498527693e+00
8.783843032088389791e-02 3.650282674396265747e-02 -2.786752550418527097e+00
8.773357363108091889e-02 3.799972884514657423e-02 -2.781674055729746797e+00
8.734247331812827753e-02 3.918480340779861848e-02 -2.776719555830073904e+00
8.668610344606797469e-02 4.006038428366487381e-02 -2.771908200194172167e+00
8.578530997218303256e-02 4.062912050248801421e-02 -2.767259419924323005e+00
8.466079261238101950e-02 4.089399526848902511e-02 -2.762792890705124460e+00
8.333307788521837622e-02 4.085833387529413940e-02 -2.758528494568710965e+00
8.182248877506514972e-02 4.052580447192832835e-02 -2.754486282174813283e+00
8.014911502266652832e-02 3.990041499471619346e-02 -2.750686436171111193e+00
7.833278432802748270e-02 3.898650628671918028e-02 -2.747149235845596671e+00
7.639303473014402712e-02 3.778874145198818368e-02 -2.743895023273827061e+00
7.434908840334486513e-02 3.631209151577552419e-02 -2.740944171150538899e+00
7.221982708129370820e-02 3.456181748362396888e-02 -2.738317052477637681e+00
7.002376507842011932e-02 3.254344130452224704e-02 -2.736034013780244134e+00
6.777901669098884696e-02 3.026269908534873210e-02 -2.734115353949602589e+00
6.550329148234146359e-02 2.772553747405437363e-02 -2.732581296450237396e+00
6.321388192340249290e-02 2.493809066237817618e-02 -2.731451966105591822e+00
6.092764873919387369e-02 2.190664668474173737e-02 -2.730747369639435540e+00
5.866100837593224426e-02 1.863761098322092025e-02 -2.730487378596109238e+00
5.642992253466783126e-02 1.513746741321497780e-02 -2.730691714634214229e+00
5.424988967643873394e-02 1.141273686654109554e-02 -2.731379937162949023e+00
5.213593836370700174e-02 7.469933688909691227e-03 -2.732571433266828720e+00
5.010262226384121220e-02 3.315520067343591393e-03 -2.734285409843524306e+00
4.816231913534574360e-02 -1.040637660803866993e-03 -2.736530984763789753e+00
4.632035717193039304e-02 -5.574859073066207316e-03 -2.739277479945818605e+00
4.458054019776902521e-02 -1.026027602082235646e-02 -2.742484141032880185e+00
4.294699387931366630e-02 -1.507034469884604988e-02 -2.746110047908086660e+00
4.142425363546120565e-02 -1.997883736217964668e-02 -2.750114120396392359e+00
4.001734122942579575e-02 -2.495983306001559043e-02 -2.754455122641154219e+00
3.873183014853065487e-02 -2.998770728790489670e-02 -2.759091666548244781e+00
3.757389987353532135e-02 -3.503712036587813827e-02 -2.763982214773266666e+00
3.655037913012826323e-02 -4.008300426936317606e-02 -2.769085083792834023e+00
3.566877820310843106e-02 -4.510054757223791455e-02 -2.774358447650379755e+00
3.493731092302310159e-02 -5.006517561194190336e-02 -2.779760345407183753e+00
3.436490650475931830e-02 -5.495252337036715673e-02 -2.785248694238196432e+00
3.396120682605996421e-02 -5.973842057555334151e-02 -2.790781289824705524e+00
3.373655442964418327e-02 -6.439886760325208570e-02 -2.796315816462307868e+00
3.370197040365008334e-02 -6.891000458645724080e-02 -2.801809863771617337e+00
3.386912151488274958e-02 -7.324807586204418186e-02 -2.807220947934430555e+00
3.425027658558565946e-02 -7.738938932802597037e-02 -2.812506538018352931e+00
3.485825209944737324e-02 -8.131027033075977073e-02 -2.817624087904477381e+00
3.570634702081454392e-02 -8.498700976231621240e-02 -2.822531074274468033e+00
3.680826681299054215e-02 -8.839580612426090056e-02 -2.827185041045304104e+00
3.817805277673747000e-02 -9.151270215970352950e-02 -2.831543657295333194e+00
3.983003131006457309e-02 -9.431351683842503775e-02 -2.835564794262346311e+00
4.177865402422531460e-02 -9.677376653985803046e-02 -2.839206568025810729e+00
4.403836115249060157e-02 -9.886858144670274129e-02 -2.842427404858199669e+00
4.662345068958817507e-02 -1.005726169970388995e-01 -2.845186120670547325e+00
4.954793690274694740e-02 -1.018599602048952946e-01 -2.847442007206870684e+00
5.282539836676836131e-02 -1.027040315518625846e-01 -2.849154924555360235e+00
5.646881573319362246e-02 -1.030774833362806397e-01 -2.850285399357712635e+00
6.049039951326973252e-02 -1.029520955580660591e-01 -2.850794727885891611e+00
6.490140823671586290e-02 -1.022986706136830293e-01 -2.850645082914425199e+00
6.970480627340913671e-02 -1.010964824822666586e-01 -2.849812825397677774e+00
7.487378087923124426e-02 -9.936215191488795284e-02 -2.848327954071749879e+00
8.037348455587300933e-02 -9.712156271356642279e-02 -2.846234011502258188e+00
8.616842664942092611e-02 -9.440055225154653229e-02 -2.843574663232528277e+00
9.222267919983728746e-02 -9.122507879097740968e-02 -2.840393541156140511e+00
9.850006883835105143e-02 -8.762137342797959860e-02 -2.836734096254101445e+00
1.049643542792750850e-01 -8.361607578509389072e-02 -2.832639461986479645e+00
1.115793890047114267e-01 -7.923635289551311800e-02 -2.828152329471148363e+00
1.183092688104694368e-01 -7.451000102299509820e-02 -2.823314835420252855e+00
1.251184639681337529e-01 -6.946553043296210816e-02 -2.818168463636792076e+00
1.319719306929836300e-01 -6.413223085241792631e-02 -2.812753956544914224e+00
1.388351973945769480e-01 -5.854021636595430067e-02 -2.807111234252701149e+00
1.456744675174328485e-01 -5.272047044798622295e-02 -2.801279354541978961e+00
1.524566963387572471e-01 -4.670486994479094989e-02 -2.795296477931638712e+00
1.591496474504006109e-01 -4.052619228784770655e-02 -2.789199843191257244e+00
1.657219346166169949e-01 -3.421810961012461405e-02 -2.783025757503394537e+00
1.721430495213800427e-01 -2.781517077638628876e-02 -2.776809600892560237e+00
1.783833759935471441e-01 -2.135277235415600217e-02 -2.770585844408621323e+00
1.844141913520132015e-01 -1.486711954038311134e-02 -2.764388081441938372e+00
1.902076555438649841e-01 -8.395178022652327599e-03 -2.758249071458590329e+00
1.957367699824099638e-01 -1.974611104069712297e-03 -2.752200782808468027e+00
2.009752889305178591e-01 4.356302867083439168e-03 -2.746274421988791570e+00
2.058977342396581811e-01 1.055871943984598715e-02 -2.740500548944432957e+00
2.104793616890812125e-01 1.659329725302338687e-02 -2.734909175290774819e+00
2.146960990935866675e-01 2.242027943028812587e-02 -2.729529858120166352e+00
2.185244755178450404e-01 2.799957999939595155e-02 -2.724391801376955691e+00
2.219415418305703547e-01 3.329087507749983743e-02 -2.719523964095101221e+00
2.249247826948246320e-01 3.825369871009609568e-02 -2.714955174875064881e+00
2.274520199429366230e-01 4.284754340415553031e-02 -2.710714252077769615e+00
2.295013071289280226e-01 4.703196555669020285e-02 -2.706830129332398194e+00
2.310578217837386816e-01 5.077507212011322935e-02 -2.703324192712369012e+00
2.321345640626399920e-01 5.407888427056573022e-02 -2.700187153112036498e+00
2.327509458484731120e-01 5.695444870625410161e-02 -2.697402673152674790e+00
2.329257848047219248e-01 5.941342773162183732e-02 -2.694955125129621099e+00
2.326773606163552444e-01 6.146803161791414283e-02 -2.692829518997717830e+00
2.320234672142769128e-01 6.313095624912268278e-02 -2.691011434213935516e+00
2.309814613291463203e-01 6.441532549898365545e-02 -2.689486955260703027e+00
2.295683077030390429e-01 6.533463784673543273e-02 -2.688242610680135147e+00
2.278006212665610875e-01 6.590271679568537877e-02 -2.687265315457750159e+00
2.256947065657595175e-01 6.613366470990023060e-02 -2.686542316603738101e+00
2.232665957778610100e-01 6.604182006899694812e-02 -2.686061141078390779e+00
2.205320871726930143e-01 6.564171802797957866e-02 -2.685809545507172658e+00
2.175067753074517718e-01 6.494805143040416340e-02 -2.685775473075945552e+00
2.142060805410812563e-01 6.397563511020676330e-02 -2.685947011146540664e+00
2.106452777795384534e-01 6.273937268755247487e-02 -2.686312350673895288e+00
2.068395236583548957e-01 6.125422531596136366e-02 -2.686859748128271441e+00
2.028038822720459322e-01 5.953518225068155090e-02 -2.687577489839128475e+00
1.985533495375637614e-01 5.759723313393427802e-02 -2.688453858685554643e+00
1.941028762580807587e-01 5.545534191636392052e-02 -2.689477103066154395e+00
1.894673899340033607e-01 5.312442235601810836e-02 -2.690635408088829283e+00
1.846618162443296463e-01 5.061931330861302314e-02 -2.691916871257951538e+00
1.797011010078399806e-01 4.795475216083122660e-02 -2.693309484744363047e+00
1.746002254186698188e-01 4.514536039288108427e-02 -2.694801105556216214e+00
1.693742219172027497e-01 4.220562703202634935e-02 -2.696379432666326625e+00
1.640381897412250822e-01 3.914989188549888866e-02 -2.698031988548451832e+00
1.586073092132997964e-01 3.599233036936899666e-02 -2.699746102725919972e+00
1.530968547214879294e-01 3.274693998845412679e-02 -2.701508897313827262e+00
1.475222063441030684e-01 2.942752853343399977e-02 -2.703307274539854532e+00
1.418988600641286624e-01 2.604770407108247809e-02 -2.705127906232077883e+00
1.362424365151961858e-01 2.262086681201891381e-02 -2.706957225264937428e+00
1.305676789493435130e-01 1.915909306019525360e-02 -2.708783435831949138e+00
1.248853954019133461e-01 1.566985479097970924e-02 -2.710602597560555438e+00
1.192054272585805208e-01 1.215944072102370654e-02 -2.712412638977730772e+00
1.135376513485089056e-01 8.634078735169747887e-03 -2.714211348785867450e+00
1.078919815121128778e-01 5.099935369665686835e-03 -2.715996375118900019e+00
1.022783700645812921e-01 1.563115530573533363e-03 -2.717765225385723848e+00
9.670680912787243955e-02 -1.970337526597365496e-03 -2.719515266697650535e+00
9.118733180428595375e-02 -5.494441930000704133e-03 -2.721243726877139668e+00
8.573001316529049731e-02 -9.003276611491362047e-03 -2.722947696045606047e+00
8.034497103001569940e-02 -1.249098038810636524e-02 -2.724624128788626365e+00
7.504236611730696893e-02 -1.595175070318965993e-02 -2.726269846547102915e+00
6.983240116020894561e-02 -1.937984196353603750e-02 -2.727881539956888979e+00
6.472532208483672278e-02 -2.276956327040480232e-02 -2.729455773925698381e+00
5.973141809199544738e-02 -2.611527584677375557e-02 -2.730988992479958188e+00
5.486102102266610103e-02 -2.941139004842074911e-02 -2.732477523820492582e+00
5.012450438144089304e-02 -3.265236190190190513e-02 -2.733917585957346574e+00
4.553228200054082464e-02 -3.583268915187343140e-02 -2.735305292926559773e+00
4.109480632853701465e-02 -3.894690680215973089e-02 -2.736636661592431352e+00
3.682256632944369557e-02 -4.198958213708614551e-02 -2.737907619039562146e+00
3.272608497943085837e-02 -4.495530921200696639e-02 -2.739114010559758672e+00
2.881591645327929996e-02 -4.783870398443479388e-02 -2.740251606952246899e+00
2.510264308546883427e-02 -5.063440118101869558e-02 -2.741316109938437329e+00
2.159687126786113964e-02 -5.333704346066792112e-02 -2.742303165979817159e+00
1.830922712311489065e-02 -5.594127248947966535e-02 -2.743208378023112459e+00
1.525035184199108329e-02 -5.844172066980846125e-02 -2.744027316570177621e+00
1.243089657772511458e-02 -6.083300233371469190e-02 -2.744755531390931313e+00
9.861516897405220305e-03 -6.310970441288921151e-02 -2.745388563890855504e+00
7.552866792484458358e-03 -6.526637660144407604e-02 -2.745921960145530694e+00
5.515592252884893298e-03 -6.729752103249264650e-02 -2.746351284615596633e+00
3.760324411710591619e-03 -6.919758149421717519e-02 -2.746672134556409350e+00
2.292672371705606338e-03 -7.096388636587036558e-02 -2.746882538838033572e+00
1.098195932740964054e-03 -7.260548591591575729e-02 -2.746990172704578903e+00
1.573713577873725455e-04 -7.413427079946011133e-02 -2.747005286587013817e+00
-5.494024255678908730e-04 -7.556203588515764125e-02 -2.746938309076393026e+00
-1.041792287662879346e-03 -7.690050157195527092e-02 -2.746799821578232770e+00
-1.339520473235822351e-03 -7.816133324022711548e-02 -2.746600535338854954e+00
-1.462355357261024835e-03 -7.935615875335422231e-02 -2.746351270834983538e+00
-1.430103437178864567e-03 -8.049658394095082770e-02 -2.746062939522454283e+00
-1.262602611472374292e-03 -8.159420600854794259e-02 -2.745746527944273208e+00
-9.797167884428858997e-04 -8.266062483051994647e-02 -2.745413084202349641e+00
-6.013319026871855044e-04 -8.370745214561248204e-02 -2.745073706165959138e+00
-1.473534286891009515e-04 -8.474631870625382035e-02 -2.744739530802224436e+00
3.622948954595806015e-04 -8.578887895232067962e-02 -2.744421729719432879e+00
9.076708313653369942e-04 -8.684681355992251994e-02 -2.744131505842938523e+00
1.468811875662279220e-03 -8.793182981826541678e-02 -2.743880091895550599e+00
2.025731974655275991e-03 -8.905565978008134209e-02 -2.743678751343150424e+00
2.558416691400999810e-03 -9.023005617920709653e-02 -2.743538781830590079e+00
3.046816797328766313e-03 -9.146678610717451363e-02 -2.743471521134858371e+00
3.470840258578355986e-03 -9.277762243712706081e-02 -2.743488355664269296e+00
3.810342584363635154e-03 -9.417433297799560066e-02 -2.743600731534026949e+00
4.045115963227985389e-03 -9.566866768078607919e-02 -2.743820167998908932e+00
4.154877515762489537e-03 -9.727234413957752679e-02 -2.744158273072256460e+00
4.119252919043692174e-03 -9.899702855351577568e-02 -2.744626763372817191e+00
3.917759250826158279e-03 -1.008543150091272267e-01 -2.745237486122736659e+00
3.529786435376269793e-03 -1.028557026072753899e-01 -2.746002443633394741e+00
2.934576739922700739e-03 -1.050125699834936199e-01 -2.746933820577286856e+00
2.111202245675070088e-03 -1.073361471106411003e-01 -2.748044014082364317e+00
1.038540209025384797e-03 -1.098374842505593918e-01 -2.749345666684737566e+00
-3.047537797620236688e-04 -1.125274178966853000e-01 -2.750851702174333280e+00
-1.940274940843700335e-03 -1.154165335222292477e-01 -2.752575364365781319e+00
-3.881495264943524148e-03 -1.185083294630091544e-01 -2.754524219738446522e+00
-6.108421572825761814e-03 -1.217789134797930828e-01 -2.756681895473132027e+00
-8.592523263016182966e-03 -1.251976130183027891e-01 -2.759025854587115578e+00
-1.130504407396060174e-02 -1.287338567782341237e-01 -2.761533320911886413e+00
-1.421695047334381456e-02 -1.323572295530039966e-01 -2.764181215044089424e+00
-1.729888709136240266e-02 -1.360375211931428296e-01 -2.766946099200331410e+00
-2.052113948418643474e-02 -1.397447695278959401e-01 -2.769804131232189270e+00
-2.385360455842189253e-02 -1.434492970082068553e-01 -2.772731028082455751e+00
-2.726576901833155375e-02 -1.471217407734908278e-01 -2.775702038979027009e+00
-3.072669621452739364e-02 -1.507330757952902722e-01 -2.778691928668379330e+00
-3.420502238804701278e-02 -1.542546298743401323e-01 -2.781674971228934812e+00
-3.766896305389355604e-02 -1.576580894432444424e-01 -2.784624954925633666e+00
-4.108632501518538760e-02 -1.609155024547344048e-01 -2.787515196431543885e+00
-4.442452975852262398e-02 -1.639992707742607969e-01 -2.790318566728358540e+00
-4.765064760116111131e-02 -1.668821327348326555e-01 -2.793007528543863582e+00
-5.073144211701929862e-02 -1.695371363850783908e-01 -2.795554185190678442e+00
-5.363342496666945181e-02 -1.719376031315573705e-01 -2.797930340867636811e+00
-5.632292117594239755e-02 -1.740570815493258650e-01 -2.800107572416804746e+00
-5.876614481945541257e-02 -1.758692912256329954e-01 -2.802057312454980575e+00
-6.092928497003846644e-02 -1.773480566101723888e-01 -2.803750943719510946e+00
-6.277860305722082757e-02 -1.784672293699922641e-01 -2.805159904821105776e+00
-6.428054241825620352e-02 -1.792005981282334126e-01 -2.806255807429161031e+00
-6.540183854874470626e-02 -1.795217987851822627e-01 -2.807010560994696480e+00
-6.610964110731298859e-02 -1.794042126510442259e-01 -2.807396508165675098e+00
-6.637164529843886385e-02 -1.788208549910446088e-01 -2.807386569756102901e+00
-6.615623034976270134e-02 -1.777442565797064944e-01 -2.806954398099782644e+00
-6.543260409831752611e-02 -1.761463394028188745e-01 -2.806074537965034921e+00
-6.417095254196425458e-02 -1.739982878448689263e-01 -2.804722594088962850e+00
-6.234259303882261349e-02 -1.712704168974350516e-01 -2.802875404262482384e+00
-5.992012964637005723e-02 -1.679320391157270720e-01 -2.800511216759222766e+00
-5.689147487396173375e-02 -1.639648352829228273e-01 -2.797621502414756378e+00
-5.330112481329951635e-02 -1.594035897428955906e-01 -2.794245509628072721e+00
-4.920765621087141994e-02 -1.542963532502739099e-01 -2.790434387905185609e+00
-4.466944960551888499e-02 -1.486912641941851021e-01 -2.786239105588289799e+00
-3.974441056269562011e-02 -1.426367746427490424e-01 -2.781710141518774826e+00
-3.448972871994548939e-02 -1.361818442773738980e-01 -2.776897216746776476e+00
-2.896167474525768171e-02 -1.293761021994694893e-01 -2.771849066284636898e+00
-2.321543476499510206e-02 -1.222699772332398460e-01 -2.766613250451981365e+00
-1.730498133130708993e-02 -1.149147978757922850e-01 -2.761236004961522106e+00
-1.128297957387758288e-02 -1.073628634607146637e-01 -2.755762128551098922e+00
-5.200724391720257245e-03 -9.966749025968679732e-02 -2.750234907735359169e+00
8.918952705099236766e-04 -9.188303601725600345e-02 -2.744696078076301671e+00
6.946387927320607503e-03 -8.406489035554454148e-02 -2.739185811728180653e+00
1.291562972638127249e-02 -7.626944906845434247e-02 -2.733742737632825381e+00
1.875381273430454243e-02 -6.855407212265296479e-02 -2.728403991373282711e+00
2.441637118826678332e-02 -6.097702544797289903e-02 -2.723205291726294330e+00
2.985988801560113259e-02 -5.359740838266890961e-02 -2.718181042104464318e+00
3.504198375313283265e-02 -4.647506842063586774e-02 -2.713364455239462458e+00
3.992118975629121991e-02 -3.967050465077548438e-02 -2.708787699666482141e+00
4.445680727818634992e-02 -3.324476098980611027e-02 -2.704482066820940389e+00
4.860875094450189948e-02 -2.725930967249468040e-02 -2.700478153003269988e+00
5.233737469501509310e-02 -2.177592500429614830e-02 -2.696806051066121590e+00
5.560330214560593731e-02 -1.685655014633935522e-02 -2.693495590395762029e+00
5.836723975698809852e-02 -1.256315434796562158e-02 -2.690576585987331626e+00
6.058977435724122174e-02 -8.957579995986009180e-03 -2.688079102193427605e+00
6.223115609422036343e-02 -6.101378588962091953e-03 -2.686033736989797749e+00
6.325106450915107814e-02 -4.055633971861816178e-03 -2.684471928169093857e+00
6.360835462584990552e-02 -2.880770623018058529e-03 -2.683426283385161870e+00
6.326077908735827648e-02 -2.636344174874682977e-03 -2.682930936544431155e+00
6.216468143911457744e-02 -3.380810654219246203e-03 -2.683021933694999639e+00
6.029069034188960785e-02 -5.152116115067162383e-03 -2.683726127197079592e+00
5.767167759223124079e-02 -7.910162004653553680e-03 -2.685026674637426058e+00
5.435497498107944025e-02 -1.159457471249858429e-02 -2.686897002549957669e+00
5.038664493261624244e-02 -1.614411745684707356e-02 -2.689311854595720419e+00
4.581174280019517653e-02 -2.149690827296524276e-02 -2.692246897753461266e+00
4.067456475075870159e-02 -2.759062312936810812e-02 -2.695678358684609588e+00
3.501888515085926912e-02 -3.436268708692313822e-02 -2.699582687392100944e+00
2.888818634011025566e-02 -4.175045577664038277e-02 -2.703936245728487897e+00
2.232588274495483915e-02 -4.969138889983737428e-02 -2.708715018722795964e+00
1.537554044265609932e-02 -5.812321693337452189e-02 -2.713894347101977189e+00
8.081091011202357066e-03 -6.698409977499863999e-02 -2.719448679833563531e+00
4.870385385360442854e-04 -7.621277592501396470e-02 -2.725351345852031759e+00
-7.361329339723887699e-03 -8.574871759817792594e-02 -2.731574344089179540e+00
-1.541774159828435131e-02 -9.553227471017144978e-02 -2.738088152355682148e+00
-2.363475453389618508e-02 -1.055048091373702590e-01 -2.744861555573998135e+00
-3.196357362753410314e-02 -1.156088198950380175e-01 -2.751861494182947787e+00
-4.035388918794691193e-02 -1.257880574516017091e-01 -2.759052933956353648e+00
-4.875372865827642954e-02 -1.359876250392217933e-01 -2.766398758822897541e+00
-5.710932864432116673e-02 -1.461540644898953190e-01 -2.773859688572994031e+00
-6.536502982372027759e-02 -1.562354238309278109e-01 -2.781394223581102665e+00
-7.346319104221343821e-02 -1.661813115503099070e-01 -2.788958627557868830e+00
-8.134411881003966727e-02 -1.759429419275799766e-01 -2.796506958925570441e+00
-8.894607071650817431e-02 -1.854731043355259956e-01 -2.803991083431399023e+00
-9.620528070234879436e-02 -1.947261171895924292e-01 -2.811360741212280079e+00
-1.030560150403267983e-01 -2.036577553201182056e-01 -2.818563661549330579e+00
-1.094306680266692311e-01 -2.122251396990493255e-01 -2.825545718681627072e+00
-1.152598992112920939e-01 -2.203865867248460120e-01 -2.832251130675106587e+00
-1.204728136056640864e-01 -2.281014147167637063e-01 -2.838622703139176640e+00
-1.249971859061105306e-01 -2.353297058630365868e-01 -2.844602119375697402e+00
-1.287597293686850719e-01 -2.420320226129546448e-01 -2.850130278346858947e+00
-1.317031847744800643e-01 -2.481802383914830656e-01 -2.855158511435499591e+00
-1.338375845757449056e-01 -2.537902583034874482e-01 -2.859682100652809922e+00
-1.351911158250391765e-01 -2.588876926535466083e-01 -2.863709009858597554e+00
-1.357934258626638524e-01 -2.634966850510531700e-01 -2.867249076106442196e+00
-1.356755292620226427e-01 -2.676400295506446980e-01 -2.870313853480997768e+00
-1.348697112170400558e-01 -2.713392931068190350e-01 -2.872916460087637347e+00
-1.334094287185507710e-01 -2.746149414933540811e-01 -2.875071428532962159e+00
-1.313292106449441832e-01 -2.774864669549890195e-01 -2.876794560168350223e+00
-1.286645577095404391e-01 -2.799725159846433442e-01 -2.878102783321195179e+00
-1.254518430600244372e-01 -2.820910157516109962e-01 -2.879014015709803420e+00
-1.217282128247401118e-01 -2.838592956964598457e-01 -2.879547028974401179e+00
-1.175314876517692397e-01 -2.852942006561627331e-01 -2.879721313475369193e+00
-1.129000759331368897e-01 -2.864122121976984126e-01 -2.879556961851869712e+00
-1.078728839503240167e-01 -2.872295607464208089e-01 -2.879074553054577823e+00
-1.024892275392943475e-01 -2.877623289813184826e-01 -2.878295039270442945e+00
-9.678874758274425005e-02 -2.880265478602428431e-01 -2.877239638300965296e+00
-9.081132972020533600e-02 -2.880382847525897461e-01 -2.875929731721301508e+00
-8.459702864779217180e-02 -2.878137232824493630e-01 -2.874386769176365597e+00
-7.818599735910503057e-02 -2.873692346049567803e-01 -2.872632179192768920e+00
-7.161842165522180892e-02 -2.867214399513722256e-01 -2.870687286900298396e+00
-6.493446266135727285e-02 -2.858872514692416544e-01 -2.868573230789704720e+00
-5.817421039442471908e-02 -2.848838792810077791e-01 -2.866310871634421442e+00
-5.137762885469143725e-02 -2.837289081535532276e-01 -2.863920759952101935e+00
-4.458451154473230815e-02 -2.824403388626732792e-01 -2.861423093899936987e+00
-3.783444571127603240e-02 -2.810366082389865738e-01 -2.858837677371476538e+00
-3.116678306901654594e-02 -2.795366012992483995e-01 -2.856183887112747843e+00
-2.462061705048412819e-02 -2.779596558150423391e-01 -2.853480649123090629e+00
-1.823476657842793003e-02 -2.763255596983564821e-01 -2.850746424563173509e+00
-1.204776631285398025e-02 -2.746545415981906935e-01 -2.847999205348009433e+00
-6.097863285594584681e-03 -2.729672551041470996e-01 -2.845256519558016173e+00
-4.182179585976442127e-04 -2.712830563241634962e-01 -2.842534630915822813e+00
4.977449970398062362e-03 -2.696148083563474351e-01 -2.839846194533731882e+00
1.008036909509080203e-02 -2.679738425356035236e-01 -2.837202866173561322e+00
1.488189410734408469e-02 -2.663716224381027509e-01 -2.834616156506371443e+00
1.937349561711565471e-02 -2.648197235661182702e-01 -2.832097450664125216e+00
2.354674840665449409e-02 -2.633298124270648799e-01 -2.829658029387844831e+00
2.739331815188039698e-02 -2.619136250078870631e-01 -2.827309091708866351e+00
3.090494663797338504e-02 -2.605829446354093193e-01 -2.825061779101341486e+00
3.407343548914987252e-02 -2.593495792023015056e-01 -2.822927201046875112e+00
3.689062842459733815e-02 -2.582253377268211025e-01 -2.820916461955985444e+00
3.934839268781731292e-02 -2.572220073951387853e-01 -2.819040689953396850e+00
4.143860042506419816e-02 -2.563513322794275240e-01 -2.817311068282045916e+00
4.315310479261924570e-02 -2.556249840647515370e-01 -2.815738864745801262e+00
4.448371560006769698e-02 -2.550545341075123318e-01 -2.814335463072167087e+00
4.542217399192738370e-02 -2.546514256487171224e-01 -2.813112395935402077e+00
4.596012551254302636e-02 -2.544269448974718628e-01 -2.812081379128219538e+00
4.608909149765105795e-02 -2.543921908584119151e-01 -2.811254346872959164e+00
4.580043872690220397e-02 -2.545580437605590163e-01 -2.810643488270947010e+00
4.508534726339874510e-02 -2.549351319278194694e-01 -2.810261284896364842e+00
4.393477639929699308e-02 -2.555337969130464515e-01 -2.810120549548059010e+00
4.233942880562091560e-02 -2.563640584308970460e-01 -2.810234464540712906e+00
4.028971305031259220e-02 -2.574355805255441609e-01 -2.810616618230906028e+00
3.777570290106568862e-02 -2.587576248772922582e-01 -2.811281052868180197e+00
3.478709464312546018e-02 -2.603390050186256133e-01 -2.812242310003550738e+00
3.131316222882185585e-02 -2.621880393472690862e-01 -2.813515475476491279e+00
2.734271001840982152e-02 -2.643125008654032548e-01 -2.815116225715622811e+00
2.286402305494528164e-02 -2.667195632953740514e-01 -2.817060875366600659e+00
1.786481483836954709e-02 -2.694157431899641963e-01 -2.819366426245145441e+00
1.233217259439989277e-02 -2.724068376207795517e-01 -2.822050617590322830e+00
6.252500074071409841e-03 -2.756978569916150867e-01 -2.825131977561224694e+00
-3.777090239704961050e-04 -2.792854924804117900e-01 -2.828623074921269520e+00
-7.519092822470874182e-03 -2.831360101396294127e-01 -2.832509709820601351e+00
-1.512128174321336616e-02 -2.872082734397332082e-01 -2.836770446821452296e+00
-2.313349884767212927e-02 -2.914614362695688854e-01 -2.841383118382172945e+00
-3.150441298899142595e-02 -2.958550939508821642e-01 -2.846324651100315517e+00
-4.018200429209173308e-02 -3.003494269818363094e-01 -2.851570914359998987e+00
-4.911344317341903576e-02 -3.049053368952758802e-01 -2.857096592003111724e+00
-5.824498426781232752e-02 -3.094845733251547770e-01 -2.862875077719844175e+00
-6.752187671634235500e-02 -3.140498511123590575e-01 -2.868878394888727534e+00
-7.688829228308780017e-02 -3.185649560523655666e-01 -2.875077141585106855e+00
-8.628727308290606857e-02 -3.229948395264878869e-01 -2.881440459004422472e+00
-9.566070049511665729e-02 -3.273057016929232788e-01 -2.887936021497467198e+00
-1.049492833763769895e-01 -3.314650469337485639e-01 -2.894530067583649391e+00
-1.140925695460444089e-01 -3.354417252839621000e-01 -2.901187452636133202e+00
-1.230289806056310553e-01 -3.392059555574000740e-01 -2.907871725968987242e+00
-1.316958698900325686e-01 -3.427293264112893922e-01 -2.914545234488040037e+00
-1.400296033781973648e-01 -3.459847736583658850e-01 -2.921169252340410250e+00
-1.479656630246974913e-01 -3.489465323244247408e-01 -2.927704135736471702e+00
-1.554387716198331049e-01 -3.515900622001382203e-01 -2.934109501879830439e+00
-1.623830379614208397e-01 -3.538919459468221618e-01 -2.940344430742656723e+00
-1.687321246822754972e-01 -3.558297504499887687e-01 -2.946367718450900064e+00
-1.744194400601575268e-01 -3.573818423777863629e-01 -2.952138207818646443e+00
-1.793783212297013208e-01 -3.585272288987644274e-01 -2.957614953068981034e+00
-1.835422393487879944e-01 -3.592453550143375196e-01 -2.962757465693030667e+00
-1.868450200847622256e-01 -3.595158667073654613e-01 -2.967526006977440733e+00
-1.892210734343171552e-01 -3.593183504077726020e-01 -2.971881895338597257e+00
-1.906056309673580529e-01 -3.586320512372802582e-01 -2.975787827755512538e+00
-1.909349886529518869e-01 -3.574355730934075659e-01 -2.979208214918137365e+00
-1.901467534735186149e-01 -3.557065642451551213e-01 -2.982109530042848178e+00
-1.881800920259006915e-01 -3.534213927367124697e-01 -2.984460671621434802e+00
-1.849986874484672583e-01 -3.505669509445779042e-01 -2.986244351866259805e+00
-1.806588224285086142e-01 -3.471768142339142216e-01 -2.987489917557898611e+00
-1.752406783538296153e-01 -3.432949867734849114e-01 -2.988239206483011223e+00
-1.688251658390065302e-01 -3.389641456685188459e-01 -2.988534865493215342e+00
-1.614935456409458681e-01 -3.342260100221894348e-01 -2.988419833124535074e+00
-1.533270939210096273e-01 -3.291216790197575293e-01 -2.987936873909347479e+00
-1.444068115861005808e-01 -3.236919359607073332e-01 -2.987128162881279358e+00
-1.348131769025862070e-01 -3.179775163546705308e-01 -2.986034918703592833e+00
-1.246259401414153700e-01 -3.120193392511532160e-01 -2.984697083849673582e+00
-1.139239586443903107e-01 -3.058587018910201571e-01 -2.983153050298843478e+00
-1.027850695168961437e-01 -2.995374386867033500e-01 -2.981439412766849095e+00
-9.128599801887737897e-02 -2.930980459834562346e-01 -2.979590735341346441e+00
-7.950230575521288756e-02 -2.865837733629392758e-01 -2.977639461989285863e+00
-6.750836641389312831e-02 -2.800386855727565738e-01 -2.975615829038183335e+00
-5.537736840770079993e-02 -2.735076977906105711e-01 -2.973547798643389584e+00
-4.318134249200245023e-02 -2.670365870219404414e-01 -2.971461029406065268e+00
-3.099121118189351876e-02 -2.606719826872163637e-01 -2.969378883053010565e+00
-1.887685675300510013e-02 -2.544613394771890746e-01 -2.967322466193499153e+00
-6.907204643853859238e-03 -2.484528954996640948e-01 -2.965310706291846898e+00
4.849680808766354545e-03 -2.426956186167377183e-01 -2.963360461137604762e+00
1.632650664744517144e-02 -2.372391567064808804e-01 -2.961486631319228735e+00
2.745668387434019309e-02 -2.321338056107071779e-01 -2.959702248359041388e+00
3.817416078536073343e-02 -2.274303927510064049e-01 -2.958018776870726896e+00
4.841328646572984340e-02 -2.231801862169047190e-01 -2.956446384444533226e+00
5.810868819082681824e-02 -2.194348159388401776e-01 -2.954994213240247802e+00
6.719514724941033634e-02 -2.162461944541664849e-01 -2.953670684408737923e+00
7.560747277619173090e-02 -2.136664376688734990e-01 -2.952483835993694239e+00
8.328037225627848983e-02 -2.117477854477383126e-01 -2.951441695207852156e+00
9.014831632109654436e-02 -2.105425212342701968e-01 -2.950552686249937828e+00
9.614539428810786603e-02 -2.101028892033296458e-01 -2.949826075146773974e+00
1.012234543205359216e-01 -2.104666943141517699e-01 -2.949268033935517952e+00
1.054067760138770460e-01 -2.116141675037788161e-01 -2.948869060232501838e+00
1.087370644956182630e-01 -2.135107056731087027e-01 -2.948617652245840492e+00
1.112552589711057749e-01 -2.161212366483580283e-01 -2.948504483442978774e+00
1.130016447620065811e-01 -2.194102950829397436e-01 -2.948522094099260471e+00
1.140159484999307971e-01 -2.233420856972840873e-01 -2.948664601162511723e+00
1.143374205387348574e-01 -2.278805364127656219e-01 -2.948927425279978642e+00
1.140049080981793139e-01 -2.329893435825383108e-01 -2.949307033997265126e+00
1.130569221352053511e-01 -2.386320112019015838e-01 -2.949800700262159570e+00
1.115317004559677194e-01 -2.447718856894196549e-01 -2.950406275460704109e+00
1.094672649236438922e-01 -2.513721849502896788e-01 -2.951121977279494768e+00
1.069014705410511468e-01 -2.583960194005108235e-01 -2.951946192722759932e+00
1.038720818678040558e-01 -2.658064275967721990e-01 -2.952877287738461920e+00
1.004168432354397567e-01 -2.735664080021527056e-01 -2.953913430928222894e+00
9.657354726091682551e-02 -2.816389482473082850e-01 -2.955052429924700963e+00
9.238010610717894977e-02 -2.899870545142433365e-01 -2.956291579097314326e+00
8.787462542492185946e-02 -2.985737811710933443e-01 -2.957627518337167416e+00
8.309548063411442698e-02 -3.073622606366663845e-01 -2.959056102782656961e+00
7.808139494604660058e-02 -3.163157333143917782e-01 -2.960572283472889588e+00
7.287151828552573818e-02 -3.253975773061630328e-01 -2.962169999056104785e+00
6.750548382416887705e-02 -3.345713237290914854e-01 -2.963842082375633957e+00
6.202342064824684087e-02 -3.438006444091326053e-01 -2.965580186089296966e+00
5.646609849171646545e-02 -3.530494213214119270e-01 -2.967374699514471637e+00
5.087502049467618193e-02 -3.622817844859111958e-01 -2.969214685445042967e+00
4.529248677494557285e-02 -3.714621324579394646e-01 -2.971087834623311608e+00
3.976164958669148319e-02 -3.805551485647731269e-01 -2.972980435513239428e+00
3.432655801442408006e-02 -3.895258119668572050e-01 -2.974877360675756144e+00
2.903219006866208929e-02 -3.983394025841358044e-01 -2.976762071188744585e+00
2.392447000105724086e-02 -4.069614989107472880e-01 -2.978616640672893556e+00
1.905026864680969823e-02 -4.153579677482959198e-01 -2.980421800573273661e+00
1.444963652366526574e-02 -4.234993607240640223e-01 -2.982158953600153151e+00
1.013227507920388959e-02 -4.313740552089249114e-01 -2.983816494898693161e+00
6.100312019261977525e-03 -4.389748472844603455e-01 -2.985384731909608291e+00
2.355959188213851974e-03 -4.462945043384567434e-01 -2.986854062691688849e+00
-1.098516577110686399e-03 -4.533257541025919046e-01 -2.988214998264613786e+00
-4.260824247711347823e-03 -4.600612736831051208e-01 -2.989458186710381327e+00
-7.128681000265757461e-03 -4.664936786257758428e-01 -2.990574438984103356e+00
-9.699846133552902927e-03 -4.726155120637045570e-01 -2.991554756360581102e+00
-1.197215640010007576e-02 -4.784192340035593460e-01 -2.992390359416947199e+00
-1.394356262357643317e-02 -4.838972108130072947e-01 -2.993072718423826384e+00
-1.561216447172952826e-02 -4.890417074500419403e-01 -2.993593585244195499e+00
-1.697624103502448634e-02 -4.938448845119922659e-01 -2.993945027180818563e+00
-1.803430055503962848e-02 -4.982987805597876019e-01 -2.994119460476218464e+00
-1.878512344552696334e-02 -5.023953006321502102e-01 -2.994109684431105922e+00
-1.922780232882548290e-02 -5.061262079576653861e-01 -2.993908916002134823e+00
-1.936178195614601805e-02 -5.094831163675923591e-01 -2.993510824394046921e+00
-1.918689867443745811e-02 -5.124574835049804378e-01 -2.992909565301423047e+00
-1.870341907579486929e-02 -5.150406049256663898e-01 -2.992099814427236826e+00
-1.791207744144607261e-02 -5.172236091850495043e-01 -2.991076799880239445e+00
-1.681411157216317065e-02 -5.189974540010435788e-01 -2.989836333031704374e+00
-1.541129154297493642e-02 -5.203529256190311258e-01 -2.988374829865655169e+00
-1.370593654340268586e-02 -5.212806430100083155e-01 -2.986689315496174224e+00
-1.170095958993755403e-02 -5.217710507331854153e-01 -2.984777471573764274e+00
-9.399897957589331554e-03 -5.218144179406762895e-01 -2.982637664449284909e+00
-6.806934659987717851e-03 -5.214008409548349654e-01 -2.980268961892275303e+00
-3.926915763006633142e-03 -5.205202472885943621e-01 -2.977671145619926296e+00
-7.653631593100840291e-04 -5.191624011204822864e-01 -2.974844719241370505e+00
2.671517529386768786e-03 -5.173169102175112499e-01 -2.971790911259120094e+00
6.376834206622827850e-03 -5.149732342795600992e-01 -2.968511672815989488e+00
1.034301093809775196e-02 -5.121206946585790121e-01 -2.965009669931393699e+00
1.455855719897636291e-02 -5.087556390128642470e-01 -2.961292559405385827e+00
1.899866563688679122e-02 -5.049030260511302437e-01 -2.957385537573457679e+00
2.363554525683397856e-02 -5.005951842244447114e-01 -2.953317852970045454e+00
2.844189211371705994e-02 -4.958647250071810397e-01 -2.949118283868096491e+00
3.339103179069224936e-02 -4.907445769489338083e-01 -2.944814994369395311e+00
3.845703952762935529e-02 -4.852680118683139199e-01 -2.940435412455141506e+00
4.361483817768752047e-02 -4.794686635670490915e-01 -2.936006129789855201e+00
4.884027455606654300e-02 -4.733805395457810761e-01 -2.931552822685624893e+00
5.411017506852466852e-02 -4.670380262782192204e-01 -2.927100193310698373e+00
5.940238176659962122e-02 -4.604758886494693115e-01 -2.922671929968230220e+00
6.469576835828982908e-02 -4.537292626913389526e-01 -2.918290686223136365e+00
6.997023641014532558e-02 -4.468336412117537293e-01 -2.913978078290099472e+00
7.520670774560844762e-02 -4.398248648479561318e-01 -2.909754689900413638e+00
8.038709880425498611e-02 -4.327391061050356313e-01 -2.905640092746055725e+00
8.549428095286382145e-02 -4.256128489631731959e-01 -2.901652879600002510e+00
9.051203020420395262e-02 -4.184828661693935636e-01 -2.897810707408182029e+00
9.542496776616138376e-02 -4.113861946654413515e-01 -2.894130348935777253e+00
1.002184927320834973e-01 -4.043601095439086635e-01 -2.890627751671827284e+00
1.048787080924982185e-01 -3.974420968630463236e-01 -2.887318102837586942e+00
1.093923411040385041e-01 -3.906698255882128379e-01 -2.884215899500655489e+00
1.137466564773514932e-01 -3.840811155187444648e-01 -2.881335027546812810e+00
1.179293610540246284e-01 -3.777138984548824574e-01 -2.878688853064190312e+00
1.219285197045008040e-01 -3.716061993354973225e-01 -2.876290288997989553e+00
1.257324626178220051e-01 -3.657961095611845792e-01 -2.874151874264406548e+00
1.293296871799194392e-01 -3.603217564051184318e-01 -2.872285860250380018e+00
1.327087570354024137e-01 -3.552212718916405443e-01 -2.870704300096322825e+00
1.358581982411908307e-01 -3.505327610048056819e-01 -2.869419141007532925e+00
1.387663922529602800e-01 -3.462942690336907603e-01 -2.868442320025544223e+00
1.414214653126850685e-01 -3.425437478041910566e-01 -2.867785863880622177e+00
1.438111736242531080e-01 -3.393190204869114268e-01 -2.867461993743593229e+00
1.459260959299473193e-01 -3.366481847741322753e-01 -2.867477859231153836e+00
1.477693765634295886e-01 -3.345208630150979801e-01 -2.867819640196591191e+00
1.493466498011586374e-01 -3.329168168896465829e-01 -2.868468904185697887e+00
1.506628080536209779e-01 -3.318155257226322874e-01 -2.869407941512131188e+00
1.517221026723705180e-01 -3.311962147705664883e-01 -2.870619692410063095e+00
1.525282364713564931e-01 -3.310378813422336641e-01 -2.872087680509773477e+00
1.530844488399281111e-01 -3.313193191177008501e-01 -2.873795951578463459e+00
1.533935942138811015e-01 -3.320191409766910517e-01 -2.875729016616487055e+00
1.534582145758967009e-01 -3.331158006014058870e-01 -2.877871798530255987e+00
1.532806065747189805e-01 -3.345876130793943304e-01 -2.880209581719660239e+00
1.528628837384462535e-01 -3.364127751510030961e-01 -2.882727963756346323e+00
1.522070341725898501e-01 -3.385693855758593607e-01 -2.885412808137106211e+00
1.513149745588906470e-01 -3.410354621397875263e-01 -2.888250200021904135e+00
1.501886005134696056e-01 -3.437889593584810832e-01 -2.891226403172329373e+00
1.488298335410158657e-01 -3.468077863719858378e-01 -2.894327817664204883e+00
1.472406648665938178e-01 -3.500698246197493368e-01 -2.897540938385689824e+00
1.454231963550420836e-01 -3.535529453546066847e-01 -2.900852314206997740e+00
1.433796786863243966e-01 -3.572350270391106974e-01 -2.904248507761463038e+00
1.411125469144773881e-01 -3.610939726537036876e-01 -2.907716055827294532e+00
1.386244534976341924e-01 -3.651077269331404196e-01 -2.911241430345475223e+00
1.359182969048466916e-01 -3.692542953486492863e-01 -2.914810999446513229e+00
1.329972437844109123e-01 -3.735117663540763466e-01 -2.918410987811169921e+00
1.298647602813720603e-01 -3.778583224118281514e-01 -2.922027442217271620e+00
1.265246370941421894e-01 -3.822722549242416612e-01 -2.925646197009856841e+00
1.229810099486807751e-01 -3.867319808840106177e-01 -2.929252840276502567e+00
1.192383772639558082e-01 -3.912160593074207604e-01 -2.932832681656963203e+00
1.153016148328607215e-01 -3.957032073858655075e-01 -2.936370722061100835e+00
1.111759873112441177e-01 -4.001723162807278023e-01 -2.939851625590352402e+00
1.068671562793026553e-01 -4.046024664768173018e-01 -2.943259693974959568e+00
1.023811846149706994e-01 -4.089729426004677926e-01 -2.946578843851427543e+00
9.772606981509168733e-02 -4.132664858203471958e-01 -2.949795737322830735e+00
9.291622128039733752e-02 -4.174789833114740389e-01 -2.952909297282280132e+00
8.796765175290488514e-02 -4.216096885279627671e-01 -2.955921393185751977e+00
8.289641430156535762e-02 -4.256579659545707273e-01 -2.958833716129019464e+00
7.771860193941559913e-02 -4.296232832826012427e-01 -2.961647785167948133e+00
7.245034704012009996e-02 -4.335052038838713706e-01 -2.964364953799093261e+00
6.710782055601871576e-02 -4.373033795474992047e-01 -2.966986416582305885e+00
6.170723104097630696e-02 -4.410175434461720556e-01 -2.969513215888613278e+00
5.626482348231442998e-02 -4.446475033004708699e-01 -2.971946248758077225e+00
5.079687794688592106e-02 -4.481931347117940057e-01 -2.974286273853770535e+00
4.531970805730178853e-02 -4.516543738296339150e-01 -2.976533916556322268e+00
3.984965966430387141e-02 -4.550312088361860852e-01 -2.978689670579749649e+00
3.440310948853397832e-02 -4.583236766288014685e-01 -2.980753911602512574e+00
2.899646302980674051e-02 -4.615318575082358876e-01 -2.982726906606804285e+00
2.364615224247845759e-02 -4.646558690176512130e-01 -2.984608821232992426e+00
1.836863306803637741e-02 -4.676958597975358067e-01 -2.986399727164494422e+00
1.318038283142453082e-02 -4.706520034420185183e-01 -2.988099609538218182e+00
8.097897507089335534e-03 -4.735244923441030984e-01 -2.989708374377347155e+00
3.137688860064269392e-03 -4.763135315194184649e-01 -2.991225856044955833e+00
-1.683718533385558658e-03 -4.790193324000915354e-01 -2.992651824718766562e+00
-6.349791277159511083e-03 -4.816421048106236391e-01 -2.993985992303453525e+00
-1.084399294537075065e-02 -4.841820455376426580e-01 -2.995228015448895054e+00
-1.514978456755855518e-02 -4.866393376664337467e-01 -2.996377508306712123e+00
-1.925062720950343476e-02 -4.890141459749388630e-01 -2.997434051780718534e+00
-2.312998558733436738e-02 -4.913066104402652456e-01 -2.998397201172406046e+00
-2.677133179136781393e-02 -4.935168396959470627e-01 -2.999266493881136419e+00
-3.015814912298253603e-02 -4.956449044463311360e-01 -3.000041457173510118e+00
-3.327393604914696823e-02 -4.976908308465288755e-01 -3.000721616038652062e+00
-3.610221028057036818e-02 -4.996545938585685853e-01 -3.001306501148425898e+00
-3.862651298070396422e-02 -5.015361105965689958e-01 -3.001795656943796242e+00
-4.083442401847925396e-02 -5.033351780111092744e-01 -3.002188982962997965e+00
-4.272961578775902325e-02 -5.050512927546795261e-01 -3.002487773767338997e+00
-4.431985388140979865e-02 -5.066838058561948799e-01 -3.002693780003554469e+00
-4.561299066147839198e-02 -5.082319822177217006e-01 -3.002808881890721260e+00
-4.661696455919006610e-02 -5.096950067471057721e-01 -3.002835087149609894e+00
-4.733979928157072692e-02 -5.110719905060570056e-01 -3.002774528903095597e+00
-4.778960290648548437e-02 -5.123619768577967193e-01 -3.002629463519540298e+00
-4.797456684819234596e-02 -5.135639475984543623e-01 -3.002402268372068139e+00
-4.790296467601962149e-02 -5.146768290564578407e-01 -3.002095439487836970e+00
-4.758315076953145706e-02 -5.156994981441958004e-01 -3.001711589062775243e+00
-4.702355888486131619e-02 -5.166307884737846301e-01 -3.001253443440300206e+00
-4.623270076836938358e-02 -5.174694965941908364e-01 -3.000723842193262936e+00
-4.521916406044024228e-02 -5.182143873439986059e-01 -3.000125733301689301e+00
-4.399161006440799326e-02 -5.188641994484886055e-01 -2.999462169293299674e+00
-4.255877136046848364e-02 -5.194176511317785128e-01 -2.998736303764157007e+00
-4.092944918124974407e-02 -5.198734455851363734e-01 -2.997951387654894440e+00
-3.911251054228337409e-02 -5.202302762757962107e-01 -2.997110765271588040e+00
-3.711688512271305029e-02 -5.204868320807918280e-01 -2.996217870042772624e+00
-3.495156189361914301e-02 -5.206418022304846183e-01 -2.995276220006605428e+00
-3.262558549352512216e-02 -5.206938810467574008e-01 -2.994289413024731505e+00
-3.014805207415527377e-02 -5.206417724008725045e-01 -2.993261121412299719e+00
-2.752810438469843746e-02 -5.204841937861095502e-01 -2.992195085698664769e+00
-2.477492832049499327e-02 -5.202198804878692684e-01 -2.991095109994090784e+00
-2.189774861796500716e-02 -5.198475894245451201e-01 -2.989965056440835323e+00
-1.890582403856910787e-02 -5.193661026624205590e-01 -2.988808839096683379e+00
-1.580844234416289851e-02 -5.187742306447717944e-01 -2.987630417577995523e+00
-1.261491507863432560e-02 -5.180708151241990578e-01 -2.986433790476123118e+00
-9.334572172720712047e-03 -5.172547317881228679e-01 -2.985222988563192903e+00
-5.976756390630555416e-03 -5.163248925683965318e-01 -2.984002067805178626e+00
-2.550817638749869332e-03 -5.152802476270501586e-01 -2.982775102201977724e+00
9.322850451969344476e-04 -5.141217057253064660e-01 -2.981547169761626481e+00
4.455202373550015693e-03 -5.128579106540316346e-01 -2.980327276329876707e+00
7.999090484362536557e-03 -5.114995190945665904e-01 -2.979125279180710795e+00
1.154523802834184210e-02 -5.100572862113836869e-01 -2.977950867283426284e+00
1.507507408583519393e-02 -5.085420636088455737e-01 -2.976813549613297027e+00
1.857017344631550770e-02 -5.069647957172458419e-01 -2.975722646610581723e+00
2.201225929592487418e-02 -5.053365146741022329e-01 -2.974687284762336681e+00
2.538320337146826589e-02 -5.036683337678224959e-01 -2.973716394270227159e+00
2.866502365003009700e-02 -5.019714395102932158e-01 -2.972818709757801159e+00
3.183987965202206283e-02 -5.002570824027423591e-01 -2.972002773962643563e+00
3.489006526602311808e-02 -4.985365663815639614e-01 -2.971276944566991762e+00
3.779799902797398303e-02 -4.968212370116864562e-01 -2.970649404306453079e+00
4.054621335414410055e-02 -4.951224690512159299e-01 -2.970128172554991064e+00
4.311734136557898722e-02 -4.934516526424990168e-01 -2.969721120049920060e+00
4.549410158507205537e-02 -4.918201783355686807e-01 -2.969435986479035172e+00
4.765928077054670808e-02 -4.902394210596208168e-01 -2.969280400646627793e+00
4.959571496272952018e-02 -4.887207230518897383e-01 -2.969261903152633941e+00
5.128626881727749165e-02 -4.872753757406043107e-01 -2.969387971522890801e+00
5.271381328235724695e-02 -4.859146005649193079e-01 -2.969666047733163783e+00
5.386120167214025756e-02 -4.846495286998719898e-01 -2.970103568074921263e+00
5.471124405003680025e-02 -4.834911787553872742e-01 -2.970707996750794777e+00
5.524667985405962156e-02 -4.824504316312903107e-01 -2.971486864416938101e+00
5.545014978072870804e-02 -4.815380094884975648e-01 -2.972447800160723741e+00
5.530416585830089105e-02 -4.807644513793012386e-01 -2.973598568746790516e+00
5.479107984992914737e-02 -4.801400864493512444e-01 -2.974947111500735986e+00
5.389305009280054293e-02 -4.796750054819094444e-01 -2.976501589338865550e+00
5.259200673577257845e-02 -4.793790306176997085e-01 -2.978270427928074060e+00
5.086961532754497028e-02 -4.792616830592453248e-01 -2.980262364961087318e+00
4.870723869884319157e-02 -4.793321485426407236e-01 -2.982486499531207702e+00
4.608589707616772557e-02 -4.795992403321025499e-01 -2.984952343586707801e+00
4.299527884810672163e-02 -4.800670135367459679e-01 -2.987664505317494168e+00
3.946097564627315535e-02 -4.807218471304990359e-01 -2.990606501061354727e+00
3.551754437928744679e-02 -4.815457797067113077e-01 -2.993756621418315778e+00
3.119955424243370246e-02 -4.825209666019110166e-01 -2.997093181872470868e+00
2.654165616423886931e-02 -4.836297498507855508e-01 -3.000594436877797477e+00
2.157864451247304416e-02 -4.848547219667715957e-01 -3.004238503231206447e+00
1.634551118004612391e-02 -4.861787835918507383e-01 -3.008003292656374672e+00
1.087749215028699368e-02 -4.875851949748408742e-01 -3.011866453515955389e+00
5.210106628551258723e-03 -4.890576211635422332e-01 -3.015805321558257202e+00
-6.208111771179858351e-04 -4.905801707323824701e-01 -3.019796879587683058e+00
-6.579086957487767506e-03 -4.921374290119508998e-01 -3.023817724667619888e+00
-1.262818723352587824e-02 -4.937144865711604602e-01 -3.027844041604262237e+00
-1.873121085848516998e-02 -4.952969530787618702e-01 -3.031851592597512468e+00
-2.485088623297393440e-02 -4.968709661909582742e-01 -3.035815712395350197e+00
-3.094957469031989206e-02 -4.984231937356087272e-01 -3.039711310123129451e+00
-3.698928046442873097e-02 -4.999408276094650105e-01 -3.043512878812480338e+00
-4.293166704401407685e-02 -5.014115690509282075e-01 -3.047194512338292860e+00
-4.873807970236487819e-02 -5.028236049677450303e-01 -3.050729929458265044e+00
-5.436957398426844890e-02 -5.041655750252216350e-01 -3.054092504644895900e+00
-5.978694993349797926e-02 -5.054265292354025441e-01 -3.057255305406729295e+00
-6.495079308336926260e-02 -5.065958758375828097e-01 -3.060191134546554448e+00
-6.982152317596135305e-02 -5.076633192369999215e-01 -3.062872576013365933e+00
-7.435944065555766258e-02 -5.086187878917445282e-01 -3.065272054303117777e+00
-7.852478084343683662e-02 -5.094523523383260866e-01 -3.067361896739596805e+00
-8.227777447836004399e-02 -5.101541332618619862e-01 -3.069114400040342971e+00
-8.557871344894252275e-02 -5.107141996947777152e-01 -3.070501902533374849e+00
-8.838802188324557108e-02 -5.111224575435504569e-01 -3.071496862196591238e+00
-9.066633286597536312e-02 -5.113685287379414746e-01 -3.072071940818059232e+00
-9.237457116488290154e-02 -5.114416214005967909e-01 -3.072200094709971907e+00
-9.347404246061152833e-02 -5.113303915477955819e-01 -3.071854672547271736e+00
-9.393879542939487237e-02 -5.110271427538064515e-01 -3.071018895940461402e+00
-9.379246441446653648e-02 -5.105407759997717676e-01 -3.069714047805642831e+00
-9.307136794818404724e-02 -5.098838461411743239e-01 -3.067971262313192060e+00
-9.181213126557707938e-02 -5.090683660912236341e-01 -3.065822033705434713e+00
-9.005159052711064760e-02 -5.081059491432080577e-01 -3.063298112794286432e+00
-8.782670477367560125e-02 -5.070079419768802609e-01 -3.060431411913426825e+00
-8.517447509860787136e-02 -5.057855478475037359e-01 -3.057253917695289758e+00
-8.213187064024918271e-02 -5.044499395808288433e-01 -3.053797611179153826e+00
-7.873576111405533595e-02 -5.030123621102466913e-01 -3.050094394888177352e+00
-7.502285571084232885e-02 -5.014842243947228440e-01 -3.046176026635676770e+00
-7.102964769389252808e-02 -4.998771804656105822e-01 -3.042074060401895874e+00
-6.679236422647338856e-02 -4.982031994559612542e-01 -3.037819794684538000e+00
-6.234692622737281198e-02 -4.964746261421590923e-01 -3.033444224559126656e+00
-5.772891339599439675e-02 -4.947042306369615616e-01 -3.028978001400381537e+00
-5.297353526747894392e-02 -4.929052476746282885e-01 -3.024451399961789466e+00
-4.811560909770840055e-02 -4.910914059379694052e-01 -3.019894292526647206e+00
-4.318954477313763363e-02 -4.892769477252256749e-01 -3.015336130335572129e+00
-3.822933693993935123e-02 -4.874766392839515738e-01 -3.010805932502433446e+00
-3.326856453815008052e-02 -4.857057721585880117e-01 -3.006332282628290997e+00
-2.834039791156772736e-02 -4.839801559080174620e-01 -3.001943333313607187e+00
-2.347761254185787294e-02 -4.823161034610921050e-01 -2.997666820129726961e+00
-1.871260853687672920e-02 -4.807304103632756842e-01 -2.993530086492145692e+00
-1.407744482240858019e-02 -4.792403209048239354e-01 -2.989560108620881618e+00
-9.603879080964716763e-03 -4.778634887233810247e-01 -2.985783531962958648e+00
-5.323414725696196115e-03 -4.766179312471598983e-01 -2.982226717704719476e+00
-1.267356116246176612e-03 -4.755219772674452727e-01 -2.978915798096148482e+00
2.533127900769649443e-03 -4.745942077762124178e-01 -2.975876740709783252e+00
6.046932034144525403e-03 -4.738533901316910324e-01 -2.973135421763343444e+00
9.242934062870133971e-03 -4.733184055311498994e-01 -2.970717708648469291e+00
1.208990568715107017e-02 -4.730081696758441367e-01 -2.968649551827765798e+00
1.456690741963262425e-02 -4.729351035626510047e-01 -2.966948420919702123e+00
1.669459954624752385e-02 -4.730856000153678131e-01 -2.965597490687730264e+00
1.850365452573665692e-02 -4.734391367997132782e-01 -2.964571766952635468e+00
2.002434380047279916e-02 -4.739747640646534421e-01 -2.963846672840111385e+00
2.128663165474309338e-02 -4.746711805961316699e-01 -2.963397952501328980e+00
2.232026039245660343e-02 -4.755068025243081031e-01 -2.963201584173675407e+00
2.315482687289849295e-02 -4.764598249092242277e-01 -2.963233702567213523e+00
2.381985039913026014e-02 -4.775082765325380230e-01 -2.963470530599954689e+00
2.434483191198610896e-02 -4.786300681367889887e-01 -2.963888320541513632e+00
2.475930440545326405e-02 -4.798030342781705038e-01 -2.964463304658157217e+00
2.509287353081912642e-02 -4.810049681531931576e-01 -2.965171655904945247e+00
2.537524743702768149e-02 -4.822136487168515728e-01 -2.965989459189662725e+00
2.563626302163779513e-02 -4.834068660289077002e-01 -2.966892689988505971e+00
2.590590085018806832e-02 -4.845624388375053826e-01 -2.967857203974250790e+00
2.621428960767158145e-02 -4.856582250793568534e-01 -2.968858737348887722e+00
2.659170087929618731e-02 -4.866721259707320613e-01 -2.969872917605642648e+00
2.706853414124976709e-02 -4.875820836212838572e-01 -2.970875284862022347e+00
2.767529187692341353e-02 -4.883660721135405502e-01 -2.971841323878402719e+00
2.844254477932883773e-02 -4.890020820134970414e-01 -2.972746506840544978e+00
2.940088705625587551e-02 -4.894680983122263740e-01 -2.973566346939235938e+00
3.058088315549412073e-02 -4.897420744570797346e-01 -2.974276463282423233e+00
3.201300721919553283e-02 -4.898019050181314782e-01 -2.974852657398042499e+00
3.372756559554890288e-02 -4.896253762551356914e-01 -2.975270996715781102e+00
3.575461280496039507e-02 -4.891901161131686493e-01 -2.975507909711617494e+00
3.812386012623392162e-02 -4.884735412107561459e-01 -2.975540291622438716e+00
4.086457612321892086e-02 -4.874527986154397752e-01 -2.975345619708019473e+00
4.400547981266678121e-02 -4.861047029601133218e-01 -2.974902077535893863e+00
4.757462731649697574e-02 -4.844056695672547264e-01 -2.974188687650310303e+00
5.159929299655452439e-02 -4.823316443660372599e-01 -2.973185451863250339e+00
5.610584623759296008e-02 -4.798580315068101676e-01 -2.971873498273628567e+00
6.110822899536305641e-02 -4.769687199890069174e-01 -2.970243082575720894e+00
6.657401892808145760e-02 -4.736835401243859600e-01 -2.968316802469221471e+00
7.245929614114521300e-02 -4.700313795697637076e-01 -2.966125184711825291e+00
7.872030519751627153e-02 -4.660412395602429037e-01 -2.963698516197363908e+00
8.531362391735086703e-02 -4.617423293395472861e-01 -2.961066646431785632e+00
9.219631060524013932e-02 -4.571641474513983283e-01 -2.958258812665032433e+00
9.932602961532266406e-02 -4.523365499635065845e-01 -2.955303487788858874e+00
1.066611554686067720e-01 -4.472898059230705492e-01 -2.952228250860240877e+00
1.141608560108648973e-01 -4.420546405334775386e-01 -2.949059679886443242e+00
1.217851553413611398e-01 -4.366622666963060340e-01 -2.945823266313272182e+00
1.294949743971494094e-01 -4.311444052590109877e-01 -2.942543350317784689e+00
1.372521476257890782e-01 -4.255332948327059661e-01 -2.939243076290045220e+00
1.450194413755232503e-01 -4.198616953751188596e-01 -2.935944368914526592e+00
1.527605500578026465e-01 -4.141628820869307503e-01 -2.932667926484191945e+00
1.604400749412451255e-01 -4.084706314908830294e-01 -2.929433231036686625e+00
1.680234901405639469e-01 -4.028192011293043606e-01 -2.926258574542421886e+00
1.754770972104426896e-01 -3.972433037448652726e-01 -2.923161100129826995e+00
1.827679697081512344e-01 -3.917780767518190821e-01 -2.920156857389228477e+00
1.898638890107595678e-01 -3.864590477338474273e-01 -2.917260870876635881e+00
1.967332725652464198e-01 -3.813220966223362929e-01 -2.914487221039121057e+00
2.033450970534094182e-01 -3.764034136713267920e-01 -2.911849132538054885e+00
2.096688187241224632e-01 -3.717394522631902731e-01 -2.909359065508000608e+00
2.156742800121178583e-01 -3.673668883931933138e-01 -2.907028844115001398e+00
2.213316145694173009e-01 -3.633225754562294796e-01 -2.904869786302684886e+00
2.266111495181144520e-01 -3.596434959951695376e-01 -2.902892839592614571e+00
2.314833034834231640e-01 -3.563667118729632044e-01 -2.901108727515712804e+00
2.359184801370952655e-01 -3.535293127434973037e-01 -2.899528106957729001e+00
2.398869566814028076e-01 -3.511683625582646684e-01 -2.898161736891561979e+00
2.433587663773124632e-01 -3.493208436982166987e-01 -2.897020659172389934e+00
2.463035738644738792e-01 -3.480235981602155526e-01 -2.896116392292191311e+00
2.486995279664632186e-01 -3.473019749213110963e-01 -2.895457267066965823e+00
2.505600218432322279e-01 -3.471358512204862912e-01 -2.895037133623691528e+00
2.519066115134807049e-01 -3.474934146036590121e-01 -2.894847200372139717e+00
2.527601201184555002e-01 -3.483424833691852740e-01 -2.894879779022530464e+00
2.531407452423088955e-01 -3.496505482933609521e-01 -2.895128123113014151e+00
2.530681569314658930e-01 -3.513848101015764058e-01 -2.895586277183539892e+00
2.525615881742671043e-01 -3.535122134819332906e-01 -2.896248935417958581e+00
2.516399193319478478e-01 -3.559994783299149645e-01 -2.897111308763668180e+00
2.503217577653140680e-01 -3.588131288177152101e-01 -2.898168999702800175e+00
2.486255136744288663e-01 -3.619195207976795281e-01 -2.899417883996222134e+00
2.465694728647469525e-01 -3.652848669558879102e-01 -2.900853998469429484e+00
2.441718670228976151e-01 -3.688752589426504969e-01 -2.902473434021743071e+00
2.414509427593176660e-01 -3.726566950310346016e-01 -2.904272236648636429e+00
2.384250287720330874e-01 -3.765951056769551997e-01 -2.906246313225910871e+00
2.351126012796540543e-01 -3.806563779588425511e-01 -2.908391342364812893e+00
2.315323477465387469e-01 -3.848063800122387690e-01 -2.910702690766949541e+00
2.277032286752338486e-01 -3.890109855436953978e-01 -2.913175335235301588e+00
2.236445370997270921e-01 -3.932360984580247631e-01 -2.915803790608078927e+00
2.193759552806580082e-01 -3.974476775833730713e-01 -2.918582043990202823e+00
2.149176079819583585e-01 -4.016117614295815486e-01 -2.921503495760991775e+00
2.102901076117471568e-01 -4.056944927559493763e-01 -2.924560908910085910e+00
2.055145865635759073e-01 -4.096621423556983110e-01 -2.927746368504818619e+00
2.006127478462600422e-01 -4.134811328534602204e-01 -2.931051244071650075e+00
1.956069008464207393e-01 -4.171180621128214305e-01 -2.934466163096719704e+00
1.905199852924228665e-01 -4.205397256436369524e-01 -2.937980995802647044e+00
1.853755864413404453e-01 -4.237131377074208061e-01 -2.941584851132192036e+00
1.801979405289451108e-01 -4.266055507594299634e-01 -2.945266084782003357e+00
1.750119295861445323e-01 -4.291844728403440001e-01 -2.949012320086694228e+00
1.698430648259949827e-01 -4.314176825130777715e-01 -2.952810482476754927e+00
1.647174579450338960e-01 -4.332732409328836631e-01 -2.956646848121524673e+00
1.596585648656532186e-01 -4.347274476748275163e-01 -2.960507127926224502e+00
1.546772719929156992e-01 -4.357886424959729332e-01 -2.964376852961001063e+00
1.497811148789445213e-01 -4.364732805337294685e-01 -2.968241801396120039e+00
1.449774006082509281e-01 -4.367979653272513474e-01 -2.972088067493634966e+00
1.402731741136666876e-01 -4.367794400790963039e-01 -2.975902083217937477e+00
1.356751893102496886e-01 -4.364345781843370631e-01 -2.979670635961830794e+00
1.311898850459356503e-01 -4.357803731380363033e-01 -2.983380882326143180e+00
1.268233658112647433e-01 -4.348339279327992912e-01 -2.987020357957042904e+00
1.225813870992684684e-01 -4.336124440565547467e-01 -2.990576983505183861e+00
1.184693452613823084e-01 -4.321332101970489781e-01 -2.994039066823931616e+00
1.144922726295050097e-01 -4.304135894628178249e-01 -2.997395301200622697e+00
1.106548386958570163e-01 -4.284710045242556831e-01 -3.000634759261597839e+00
1.069613492568892710e-01 -4.263229309253233623e-01 -3.003746885905780761e+00
1.034157508374113910e-01 -4.239868869544847207e-01 -3.006721488001311560e+00
1.000216393669468573e-01 -4.214804221923778016e-01 -3.009548721109083669e+00
9.678227189475574477e-02 -4.188211062359656900e-01 -3.012219073816428061e+00
9.370058106461076619e-02 -4.160265176463227021e-01 -3.014723349960337639e+00
9.077919207657014766e-02 -4.131142331566950432e-01 -3.017052649016557009e+00
8.802044187366853123e-02 -4.101018171670540724e-01 -3.019198344922798594e+00
8.542640030586134969e-02 -4.070068115412164289e-01 -3.021152063591991954e+00
8.299889458718423541e-02 -4.038467228753397364e-01 -3.022905658032488674e+00
8.073953823024870857e-02 -4.006390047702459434e-01 -3.024451180043997489e+00
7.864975190104939173e-02 -3.974010576860078636e-01 -3.025780859315616578e+00
7.673078874561811702e-02 -3.941502228160671528e-01 -3.026887079359966481e+00
7.498376235736703421e-02 -3.909037732709426116e-01 -3.027762351782210981e+00
7.340967568760570217e-02 -3.876789054681153424e-01 -3.028399290345192174e+00
7.200945080452081370e-02 -3.844927306849692528e-01 -3.028790584932668395e+00
7.078395942918680461e-02 -3.813622667246012732e-01 -3.028928975486734121e+00
6.973405419979128439e-02 -3.783044296374282744e-01 -3.028807225969587513e+00
6.886060063712440282e-02 -3.753360254347528624e-01 -3.028418098373975020e+00
6.816550880885152708e-02 -3.724699168895884149e-01 -3.027756480235437753e+00
6.765477293887611765e-02 -3.697035315568788505e-01 -3.026825819970861531e+00
6.733550158080126025e-02 -3.670303173689664078e-01 -3.025631655442531542e+00
6.721490857582290701e-02 -3.644435611139411613e-01 -3.024179466924034276e+00
6.730029875322651733e-02 -3.619363833893372018e-01 -3.022474686040905301e+00
6.759905373681496243e-02 -3.595017338101649251e-01 -3.020522705061122082e+00
6.811861783343076127e-02 -3.571323865027764555e-01 -3.018328886591735483e+00
6.886648398427031026e-02 -3.548209359164142818e-01 -3.015898573733249766e+00
6.985017976438534504e-02 -3.525597929849038081e-01 -3.013237100738522134e+00
7.107725342076420816e-02 -3.503411816717623140e-01 -3.010349804217854697e+00
7.255525953222363711e-02 -3.481571352060468527e-01 -3.007242034942074760e+00
7.429174402995597504e-02 -3.459994916177184798e-01 -3.003919170521281767e+00
7.629423186091965903e-02 -3.438598943625921223e-01 -3.000386628813309198e+00
7.857021367463534745e-02 -3.417297915893984239e-01 -2.996649881685478078e+00
8.112713214260391936e-02 -3.396004351815840039e-01 -2.992714469405656441e+00
8.397236838760813171e-02 -3.374628804166661666e-01 -2.988586015708465382e+00
8.711322855978487212e-02 -3.353079862870624872e-01 -2.984270243533667877e+00
9.055693060502134628e-02 -3.331264165281337952e-01 -2.979772991425984507e+00
9.431059128041763273e-02 -3.309086414010042887e-01 -2.975100230577474303e+00
9.838121348129824639e-02 -3.286449402794637820e-01 -2.970258082485222051e+00
1.027756709300033933e-01 -3.263254022878667726e-01 -2.965252833084702999e+00
1.075006874932644685e-01 -3.239399224434373892e-01 -2.960090939946210309e+00
1.125628353703764795e-01 -3.214782157452713562e-01 -2.954779065220373813e+00
1.179685275976356529e-01 -3.189298263747266660e-01 -2.949324099795928689e+00
1.237240082699155863e-01 -3.162841351217169361e-01 -2.943733183535488074e+00
1.298353436871337863e-01 -3.135303679492462692e-01 -2.938013725788695574e+00
1.363084145684392290e-01 -3.106576057532555168e-01 -2.932173426095950663e+00
1.431489094880875612e-01 -3.076547953745079056e-01 -2.926220294989092086e+00
1.503623196975669707e-01 -3.045107619184932446e-01 -2.920162674789613000e+00
1.579539355084795815e-01 -3.012142224381011424e-01 -2.914009260300387982e+00
1.659221702658313369e-01 -2.977571956282405452e-01 -2.907769703228880065e+00
1.742387040842148238e-01 -2.941453797231741163e-01 -2.901456137617072439e+00
1.828688039830916878e-01 -2.903883043751300796e-01 -2.895080984466840590e+00
1.917780633397256906e-01 -2.864960048446745233e-01 -2.888656259596215747e+00
2.009324260872307200e-01 -2.824790407781216928e-01 -2.882193527287649992e+00
2.102982074641830401e-01 -2.783485101114386850e-01 -2.875703858290482806e+00
2.198421112441821812e-01 -2.741160583394126604e-01 -2.869197792353178844e+00
2.295312434143421676e-01 -2.697938834245992012e-01 -2.862685305443990913e+00
2.393331223141506037e-01 -2.653947366511060224e-01 -2.856175781798506730e+00
2.492156852894602537e-01 -2.609319197534136769e-01 -2.849677990909926351e+00
2.591472928878033599e-01 -2.564192789134938089e-01 -2.843200074289048196e+00
2.690967311138452445e-01 -2.518711965956814680e-01 -2.836749545189377830e+00
2.790332045832752961e-01 -2.473025794647436548e-01 -2.830333263833920032e+00
2.889263294399291304e-01 -2.427288438844996676e-01 -2.823957429704178956e+00
2.987461247083129656e-01 -2.381658996739242085e-01 -2.817627584218492576e+00
3.084630012910185570e-01 -2.336301323524474505e-01 -2.811348618655751253e+00
3.180477489009048142e-01 -2.291383842383054592e-01 -2.805124787296899846e+00
3.274715212307692802e-01 -2.247079347485563261e-01 -2.798959725745808758e+00
3.367058196693437644e-01 -2.203564802299253778e-01 -2.792856474383487608e+00
3.457224758712773571e-01 -2.161021136263716613e-01 -2.786817506905247654e+00
3.544936409902006424e-01 -2.119633048758378102e-01 -2.780844765843911048e+00
3.629917885576321446e-01 -2.079588828950948987e-01 -2.774939706569223397e+00
3.711896713251343627e-01 -2.041080144070717139e-01 -2.769103334506864744e+00
3.790602942088701077e-01 -2.004301847094707156e-01 -2.763336252188894004e+00
3.865768950615762201e-01 -1.969451799671935177e-01 -2.757638713336133307e+00
3.937129257081721789e-01 -1.936730705171538780e-01 -2.752010681856358332e+00
4.004420333358948980e-01 -1.906341952364218884e-01 -2.746451895745508853e+00
4.067380422684512276e-01 -1.878491469763847732e-01 -2.740961935890637413e+00
4.125749360847961178e-01 -1.853387590146882147e-01 -2.735540299785679252e+00
4.179268399666873357e-01 -1.831240924232160339e-01 -2.730186480184385811e+00
4.227772536940035408e-01 -1.812192023882763792e-01 -2.724900087577276420e+00
4.271465953143280814e-01 -1.796092743763688659e-01 -2.719681272619220547e+00
4.310641241966850501e-01 -1.782719584530747525e-01 -2.714530992653300334e+00
4.345586691585032746e-01 -1.771845542161654130e-01 -2.709450935805427729e+00
4.376586522071241880e-01 -1.763240213169652293e-01 -2.704443427230505570e+00
4.403921095280560749e-01 -1.756669886152462112e-01 -2.699511342910476230e+00
4.427867103838827312e-01 -1.751897624529545894e-01 -2.694658030780709090e+00
4.448697744915710572e-01 -1.748683344554171626e-01 -2.689887238985815721e+00
4.466682883576154062e-01 -1.746783892001806393e-01 -2.685203051087160731e+00
4.482089209699773313e-01 -1.745953120327974339e-01 -2.680609828062736177e+00
4.495180356675025912e-01 -1.745941985895274051e-01 -2.676112160455402567e+00
4.506216958196991307e-01 -1.746498668904941098e-01 -2.671714834066356570e+00
4.515456923381564458e-01 -1.747368616685012199e-01 -2.667422780864386667e+00
4.523155631324913273e-01 -1.748294631807714161e-01 -2.663241042981390194e+00
4.529566092219887707e-01 -1.749016983955264948e-01 -2.659174746502638520e+00
4.534939113092693042e-01 -1.749273531064137188e-01 -2.655229081511674138e+00
4.539523468719930399e-01 -1.748799850109552523e-01 -2.651409288327231106e+00
4.543566078122465157e-01 -1.747329377761666080e-01 -2.647720649881356803e+00
4.547312186955747570e-01 -1.744593561063849663e-01 -2.644168490199640953e+00
4.551005556127885043e-01 -1.740322018249029767e-01 -2.640758178956027713e+00
4.554888652465165499e-01 -1.734242732642630180e-01 -2.637495135696265258e+00
4.559202839927922746e-01 -1.726082300813533976e-01 -2.634384827722745293e+00
4.564188607322474667e-01 -1.715566053863688545e-01 -2.631432812892551709e+00
4.570085791014451004e-01 -1.702418239062355454e-01 -2.628644775442194437e+00
4.577133803273696344e-01 -1.686362236658141001e-01 -2.626026561554899441e+00
4.585571873985432312e-01 -1.667120789375027279e-01 -2.623584221178603126e+00
4.595639308777648147e-01 -1.644416245727446935e-01 -2.621324056156377758e+00
4.607575767389939791e-01 -1.617970818618781337e-01 -2.619252674749979359e+00
4.621621566981737317e-01 -1.587506861067815578e-01 -2.617377052660482040e+00
4.638018016048088832e-01 -1.552747161344329996e-01 -2.615704600678948388e+00
4.656936860248936938e-01 -1.513512023617265001e-01 -2.614241185894564889e+00
4.678268357100279218e-01 -1.470010082239676663e-01 -2.612984844033194420e+00
4.701834933911577252e-01 -1.422548417204980709e-01 -2.611931590490830235e+00
4.727461974875515338e-01 -1.371435627791357525e-01 -2.611077366826498825e+00
4.754977522965777581e-01 -1.316981601943276736e-01 -2.610417984416915971e+00
4.784211966618219236e-01 -1.259497293219036251e-01 -2.609949073680004616e+00
4.814997711665642832e-01 -1.199294504531112082e-01 -2.609666038544510513e+00
4.847168839786810679e-01 -1.136685678179416570e-01 -2.609564015861063346e+00
4.880560755411522678e-01 -1.071983691922855364e-01 -2.609637839474884480e+00
4.915009823604283845e-01 -1.005501661057230933e-01 -2.609882008711649881e+00
4.950352998094325052e-01 -9.375527554981832878e-02 -2.610290663000732980e+00
4.986427437895715187e-01 -8.684500415829132791e-02 -2.610857563814091176e+00
5.023070147319925738e-01 -7.985062776244911120e-02 -2.611576068301135756e+00
5.060117615147290415e-01 -7.280337333141329026e-02 -2.612439111361618327e+00
5.097405459598385313e-01 -6.573440264373697772e-02 -2.613439193633449342e+00
5.134768087076255760e-01 -5.867479692970833938e-02 -2.614568373356452202e+00
5.172038369192510920e-01 -5.165554259813553983e-02 -2.615818262187922016e+00
5.209047342638242206e-01 -4.470751817346840795e-02 -2.617180025094028917e+00
5.245623936452989966e-01 -3.786148257962906882e-02 -2.618644384486044530e+00
5.281594731178835822e-01 -3.114806491562216451e-02 -2.620201628810937322e+00
5.316783758866665544e-01 -2.459775675270048367e-02 -2.621841634156022671e+00
5.351012353856545722e-01 -1.824090800809496926e-02 -2.623553906834594329e+00
5.384099020944108638e-01 -1.210771948639166595e-02 -2.625327580825573826e+00
5.415859358679160351e-01 -6.228239214781439159e-03 -2.627151438285421747e+00
5.446106037788225329e-01 -6.323619031372018640e-04 -2.629013944415460990e+00
5.474648832939679188e-01 4.650169203769483062e-03 -2.630903288522922434e+00
5.501294709716071374e-01 9.589757962430667249e-03 -2.632807431558149780e+00
5.525847967878538824e-01 1.415694835786940331e-02 -2.634714160382019887e+00
5.548110441107567681e-01 1.832241485296126626e-02 -2.636611148978697639e+00
5.567881752380192673e-01 2.205695002525320803e-02 -2.638486026779858218e+00
5.585015573696030522e-01 2.533994070523659659e-02 -2.640327629015872812e+00
5.599588625054243707e-01 2.818477876577052399e-02 -2.642129717314896542e+00
5.611734436490234401e-01 3.061329175572602423e-02 -2.643887676486685212e+00
5.621587694041623173e-01 3.264723478608821949e-02 -2.645597321881631991e+00
5.629284302799257844e-01 3.430828830973764454e-02 -2.647254848588389553e+00
5.634961421763140521e-01 3.561805696279041200e-02 -2.648856783048482377e+00
5.638757475224029925e-01 3.659806933866249778e-02 -2.650399937108367521e+00
5.640812144826310437e-01 3.726977858124502774e-02 -2.651881364547710174e+00
5.641266345932032245e-01 3.765456369816710946e-02 -2.653298320135075272e+00
5.640262191400537972e-01 3.777373150912088917e-02 -2.654648221270032415e+00
5.637942945524101468e-01 3.764851970753069210e-02 -2.655928612024327951e+00
5.634452971025272205e-01 3.730010161934327328e-02 -2.657137129352177496e+00
5.629937669788218635e-01 3.674958818586127052e-02 -2.658271473616157898e+00
5.624543418148681972e-01 3.601803132285175124e-02 -2.659329381582655305e+00
5.618417498566063983e-01 3.512642819774569602e-02 -2.660308602062503081e+00
5.611708028453930019e-01 3.409572588179621278e-02 -2.661206874481491624e+00
5.604563886594613464e-01 3.294682636853352165e-02 -2.662021910429974714e+00
5.597134637311311778e-01 3.170059195686425468e-02 -2.662751378236259292e+00
5.589570452353478380e-01 3.037785100294465579e-02 -2.663392890603930585e+00
5.582022030268385393e-01 2.899940404954604034e-02 -2.663943995348835081e+00
5.574640515960274101e-01 2.758602993253145286e-02 -2.664402168199855758e+00
5.567577423193759145e-01 2.615849149564875020e-02 -2.664764806686347853e+00
5.560984534763786513e-01 2.473754421789875479e-02 -2.665029233665809461e+00
5.555013803940855865e-01 2.334394440137677051e-02 -2.665192701826598842e+00
5.549817253781212933e-01 2.199845738218186852e-02 -2.665252400313964820e+00
5.545546870706243858e-01 2.072186619178006950e-02 -2.665205464570699512e+00
5.542354491853145326e-01 1.953498067094239232e-02 -2.665048989396644252e+00
5.540391685806520528e-01 1.845864703164945553e-02 -2.664780045225490390e+00
5.539809626465879155e-01 1.751375785415376640e-02 -2.664395697610832947e+00
5.540758959986638033e-01 1.672126249679095622e-02 -2.663893029906223120e+00
5.543341964026855528e-01 1.609540581851831575e-02 -2.663271266166698403e+00
5.547469439169399053e-01 1.562340237330905879e-02 -2.662538089508206252e+00
5.553004104665770768e-01 1.528572264593641705e-02 -2.661703351231190950e+00
5.559808503948802105e-01 1.506284902102539291e-02 -2.660776951496719889e+00
5.567745157067207629e-01 1.493526252149379729e-02 -2.659768817899141435e+00
5.576676694864866057e-01 1.488343093218880142e-02 -2.658688886673075569e+00
5.586465974548957547e-01 1.488779832709496986e-02 -2.657547086547754400e+00
5.596976176433789973e-01 1.492877600738573562e-02 -2.656353325253773878e+00
5.608070881765159221e-01 1.498673484801393840e-02 -2.655117478680773857e+00
5.619614131623631437e-01 1.504199904258474163e-02 -2.653849382679450031e+00
5.631470470309074550e-01 1.507484132474967709e-02 -2.652558827755649773e+00
5.643504976584456934e-01 1.506547967686433509e-02 -2.651255556888389542e+00
5.655583256190053199e-01 1.499407475893566044e-02 -2.649949264403826721e+00
5.667571422552066807e-01 1.484072893563759266e-02 -2.648649597992424720e+00
5.679336062396180829e-01 1.458548670390680257e-02 -2.647366163582578036e+00
5.690744182958327180e-01 1.420833638540752730e-02 -2.646108532803193913e+00
5.701663140750734549e-01 1.368921306130665982e-02 -2.644886253034935297e+00
5.711960551733792357e-01 1.300800273097646453e-02 -2.643708860056983134e+00
5.721504182610233080e-01 1.214454768186756795e-02 -2.642585893305030798e+00
5.730161822796806526e-01 1.107865306484967505e-02 -2.641526913766925500e+00
5.737801145505327938e-01 9.790093865922777638e-03 -2.640541522642973149e+00
5.744289564456614983e-01 8.258621560345957846e-03 -2.639639379106938577e+00
5.749494012601457094e-01 6.463976992141517997e-03 -2.638830232543084797e+00
5.753280717714486237e-01 4.385902839028510414e-03 -2.638123953627566021e+00
5.755514962344587815e-01 2.004156594153094773e-03 -2.637530566472623406e+00
5.756060816610069075e-01 -7.014750364593425047e-04 -2.637060283928809312e+00
5.754780841378583922e-01 -3.751160231258765521e-03 -2.636723546215458569e+00
5.751535758931871634e-01 -7.165004534158470051e-03 -2.636531063084215809e+00
5.746184087726073919e-01 -1.096303158344147377e-02 -2.636493859760157488e+00
5.738581737314474296e-01 -1.516516192520178663e-02 -2.636623326950723101e+00
5.728663949895582697e-01 -1.977725054580137254e-02 -2.636925239925215436e+00
5.716693461718946878e-01 -2.474929484752408371e-02 -2.637381478085947695e+00
5.703016169826677917e-01 -3.001733604785616905e-02 -2.637967691333161557e+00
5.687979985695776897e-01 -3.551745070969314355e-02 -2.638659164521439671e+00
5.671935634950759919e-01 -4.118579135549937931e-02 -2.639430716702875657e+00
5.655237324193973514e-01 -4.695861888335084444e-02 -2.640256620789550368e+00
5.638243264489761764e-01 -5.277232649006524667e-02 -2.641110544251339398e+00
5.621316038717267816e-01 -5.856345469908852408e-02 -2.641965511657628163e+00
5.604822798337814049e-01 -6.426869701306303639e-02 -2.642793890026055248e+00
