1.561090797185897550e-01 4.587774574756622870e-01 -8.409901261329651989e-01
2.049854658699019339e-01 4.630329488579661978e-01 -8.452958799069196782e-01
2.492735223947785961e-01 4.668760312696944581e-01 -8.491863381640186725e-01
2.895454774323971692e-01 4.703590231551850742e-01 -8.527140476856857054e-01
3.263394359663127631e-01 4.735311894751800255e-01 -8.559284317871177494e-01
3.601593798244569489e-01 4.764387417068238206e-01 -8.588757903172833386e-01
3.914751676791383694e-01 4.791248378436636646e-01 -8.615992996589227904e-01
4.207225350470429337e-01 4.816295823956507904e-01 -8.641390127285494271e-01
4.483030942892333170e-01 4.839900263891389054e-01 -8.665318589764482438e-01
4.745843346111496275e-01 4.862401673668850233e-01 -8.688116443866771288e-01
4.998996220626082954e-01 4.884109493880490205e-01 -8.710090514770650882e-01
5.245481995378034057e-01 4.905302630281938581e-01 -8.731516392992136888e-01
5.487951867753054769e-01 4.926229453792856927e-01 -8.752638434384970578e-01
5.728715803580626265e-01 4.947107800496936547e-01 -8.773669760140612173e-01
5.969742537133997384e-01 4.968124971641901810e-01 -8.794792256788247498e-01
6.212659571130184633e-01 4.989437733639505712e-01 -8.816156576194776884e-01
6.458753176729977730e-01 5.011172318065530984e-01 -8.837882135564826269e-01
6.708968393537935171e-01 5.033424421659793424e-01 -8.860057117440747199e-01
6.963909029602389777e-01 5.056259206326141342e-01 -8.882738469702613493e-01
7.223837661415435374e-01 5.079711299132446678e-01 -8.905951905568210147e-01
7.488675633912946772e-01 5.103784792310619434e-01 -8.929691903593053315e-01
7.758003060474555346e-01 5.128453243256595462e-01 -8.953921707670379204e-01
8.031058822923680118e-01 5.153659674530346457e-01 -8.978573327031147411e-01
8.306740571527492234e-01 5.179316573855866634e-01 -9.003547536244033145e-01
8.583604724996944935e-01 5.205305894121190491e-01 -9.028713875215439444e-01
8.859866470486762458e-01 5.231479053378378374e-01 -9.053910649189493842e-01
9.133422939595117196e-01 5.257658578505052249e-01 -9.078946909225180661e-01
9.402108144912785237e-01 5.283656185520466675e-01 -9.103624237492173865e-01
9.663947916986689313e-01 5.309290859930940742e-01 -9.127758532602039399e-01
9.917183080457734334e-01 5.334390500401211543e-01 -9.151181990097208008e-01
1.016026945406080406e+00 5.358791918754411965e-01 -9.173743102450956366e-01
1.039187785062475999e+00 5.382340839972087343e-01 -9.195306659067418176e-01
1.061089407707244359e+00 5.404891902194183251e-01 -9.215753746281576397e-01
1.081641893442067737e+00 5.426308656719057710e-01 -9.234981747359272131e-01
1.100776821778026493e+00 5.446463568003471201e-01 -9.252904342497196843e-01
1.118447271635598428e+00 5.465238013662588878e-01 -9.269451508822896812e-01
1.134628318484776965e+00 5.482523570959662029e-01 -9.284570201243215193e-01
1.149322502900587573e+00 5.498236168229319043e-01 -9.298231841796733566e-01
1.162565299129270757e+00 5.512330236328452093e-01 -9.310439809020778501e-01
1.174425612231954963e+00 5.524799995135094566e-01 -9.321230118804760822e-01
1.185005778084658123e+00 5.535679453548434381e-01 -9.330671424390165614e-01
1.194441563378285664e+00 5.545042409488797341e-01 -9.338865016370557770e-01
1.202902165618632946e+00 5.553002449897663784e-01 -9.345944822691585330e-01
1.210590213126382819e+00 5.559712950737656367e-01 -9.352077408650953938e-01
1.217741765037107182e+00 5.565367076992547846e-01 -9.357461976898471256e-01
1.224626311301264758e+00 5.570197782667246633e-01 -9.362330367435997003e-01
1.231542948827632156e+00 5.574474282256355329e-01 -9.366943642019223137e-01
1.238778319024508079e+00 5.578463236864323882e-01 -9.371554512544038040e-01
1.246564545313582739e+00 5.582389940300415132e-01 -9.376369769408562371e-01
1.255075409264241326e+00 5.586434790538814532e-01 -9.381546865906699173e-01
1.264426350593566895e+00 5.590733289718629040e-01 -9.387193918228151635e-01
1.274674467166339031e+00 5.595376044143893779e-01 -9.393369705458411989e-01
1.285818514995034301e+00 5.600408764283564267e-01 -9.400083669578774836e-01
1.297798908239826909e+00 5.605832264771525297e-01 -9.407295915466328262e-01
1.310497719208586709e+00 5.611602464406576507e-01 -9.414917210893950505e-01
1.323738678356882525e+00 5.617630386152455690e-01 -9.422808986530321063e-01
1.337291858569116698e+00 5.623785133373547795e-01 -9.430787575897847663e-01
1.350925202429755556e+00 5.629926628541535027e-01 -9.438670855071773502e-01
1.364456049628569811e+00 5.635938352027179965e-01 -9.446324882500568565e-01
1.377755821286448246e+00 5.641730318364438501e-01 -9.453668139004304249e-01
1.390750019955397487e+00 5.647239076250465395e-01 -9.460671527774664469e-01
1.403418229618542235e+00 5.652427708545612051e-01 -9.467358374374930108e-01
1.415794115690125032e+00 5.657285832273426518e-01 -9.473804426739992346e-01
1.427965425015506939e+00 5.661829598620652382e-01 -9.480137855176341555e-01
1.440073985871165529e+00 5.666101692937234313e-01 -9.486539252362082841e-01
1.452315707964697333e+00 5.670171334736305857e-01 -9.493241633346913844e-01
1.464935620915692960e+00 5.674132312715176596e-01 -9.500525267712117694e-01
1.478173297450739998e+00 5.678081369948434487e-01 -9.508660833231616927e-01
1.492208276527450472e+00 5.682096589053008406e-01 -9.517852569459144263e-01
1.507155101791680440e+00 5.686235427199731740e-01 -9.528233109863554207e-01
1.523063321577528884e+00 5.690534716113367919e-01 -9.539863481828839697e-01
1.539917488907336818e+00 5.695010662072587104e-01 -9.552733106654108797e-01
1.557637161491689071e+00 5.699658845909990612e-01 -9.566759799553606891e-01
1.576076901729411617e+00 5.704454223012082048e-01 -9.581789769656695599e-01
1.595026276707575130e+00 5.709351123319298393e-01 -9.597597620007882746e-01
1.614209858201492098e+00 5.714283251325984470e-01 -9.613886347566784618e-01
1.633293467883250250e+00 5.719165326860391474e-01 -9.630295120722044411e-01
1.651952874615556954e+00 5.723911133664453255e-01 -9.646484831944043270e-01
1.669942491745587398e+00 5.728451567973585901e-01 -9.662223650437651301e-01
1.687101622313515126e+00 5.732736279296661852e-01 -9.677394799656098279e-01
1.703354459052512482e+00 5.736733670416016562e-01 -9.691996557300984749e-01
1.718710084388749504e+00 5.740430897387437392e-01 -9.706142255322275370e-01
1.733262470441397252e+00 5.743833869540181380e-01 -9.720060279918305568e-01
1.747190479022621590e+00 5.746967249476953032e-01 -9.734094071535770443e-01
1.760757861637590516e+00 5.749874453073926528e-01 -9.748702124869734753e-01
1.774313259484467720e+00 5.752617649480721296e-01 -9.764457988863627369e-01
1.788282497461536114e+00 5.755276138840225153e-01 -9.782039766458435759e-01
1.803083818392469118e+00 5.757928507237207727e-01 -9.802114612033949737e-01
1.819043117361844875e+00 5.760634781670200821e-01 -9.825223229000278335e-01
1.836386235759006391e+00 5.763434807778999858e-01 -9.851769369597060955e-01
1.855238961278064203e+00 5.766348249844692742e-01 -9.882019834893509547e-01
1.875627027917895262e+00 5.769374590789636548e-01 -9.916104474788369760e-01
1.897476115982141609e+00 5.772493132177465291e-01 -9.954016188009943145e-01
1.920611852079211701e+00 5.775662994213093260e-01 -9.995610922116079378e-01
1.944759809122280858e+00 5.778823115742711680e-01 -1.004060767349418182e+00
1.969545506329291262e+00 5.781892254253789831e-01 -1.008858848736120750e+00
1.994501722570850566e+00 5.784770833177084182e-01 -1.013900550027310832e+00
2.019148942918146616e+00 5.787361262138308593e-01 -1.019125840746020195e+00
2.043075804981627552e+00 5.789588257156932372e-01 -1.024477192996100960e+00
2.065946412189156867e+00 5.791400687930593483e-01 -1.029900285706457197e+00
2.087500333786011186e+00 5.792771577835085228e-01 -1.035344004631042925e+00
2.107552604834882271e+00 5.793698103924355136e-01 -1.040760442348863002e+00
2.125993726215877455e+00 5.794201596930517173e-01 -1.046104898263973793e+00
2.142789664626517876e+00 5.794327541263843973e-01 -1.051335878605481611e+00
2.157981852581738025e+00 5.794145575012757954e-01 -1.056415096427544054e+00
2.171687188413888414e+00 5.793749489943850195e-01 -1.061307471609369335e+00
2.184094550399907853e+00 5.793254640682110601e-01 -1.065981916536280938e+00
2.195426452027248398e+00 5.792769445594710964e-01 -1.070419978621390822e+00
2.205900697160076085e+00 5.792366887600691738e-01 -1.074624482849755980e+00
2.215726894133196900e+00 5.792081923326486415e-01 -1.078620317466932654e+00
2.225106455752056345e+00 5.791911483105914860e-01 -1.082454433978977670e+00
2.234232599292743870e+00 5.791814470980198859e-01 -1.086195847152449101e+00
2.243290346501988441e+00 5.791711764697945464e-01 -1.089935635014404047e+00
2.252456523597157201e+00 5.791486215715154762e-01 -1.093786938852400858e+00
2.261899761266261688e+00 5.790982649195220988e-01 -1.097884963214497800e+00
2.271780494667953398e+00 5.790007864008931415e-01 -1.102386975909253497e+00
2.282249260604375163e+00 5.788334652559014026e-01 -1.107469302861034954e+00
2.293427966227660875e+00 5.785746019310219479e-01 -1.113294271174486427e+00
2.305391157600274799e+00 5.782079399664442620e-01 -1.119977151941065507e+00
2.318164316819143700e+00 5.777230679900271504e-01 -1.127583155008368143e+00
2.331723862015660842e+00 5.771154197173000711e-01 -1.136127428980131748e+00
2.345997147355679324e+00 5.763862739514612477e-01 -1.145575061216233204e+00
2.360862463039516967e+00 5.755427545833790015e-01 -1.155841077832689079e+00
2.376149035301955870e+00 5.745978305915917517e-01 -1.166790443701656521e+00
2.391637026412239297e+00 5.735703160423074598e-01 -1.178238062451432144e+00
2.407057534674076571e+00 5.724848700894040743e-01 -1.189948776466453806e+00
2.422097339719647024e+00 5.713714521309037897e-01 -1.201641914618724716e+00
2.436451100743685760e+00 5.702593285301933435e-01 -1.213041317313501732e+00
2.449873554737564518e+00 5.691710793372428689e-01 -1.223925361534980993e+00
2.462184261783304517e+00 5.681220534450824866e-01 -1.234131508577726688e+00
2.473267605053574680e+00 5.671203685898001945e-01 -1.243556304046668837e+00
2.483072790811687636e+00 5.661669113505430895e-01 -1.252155377857103735e+00
2.491613848411607712e+00 5.652553371495175893e-01 -1.259943444234695065e+00
2.498969630297941169e+00 5.643720702519879895e-01 -1.266994301715471449e+00
2.505283812005944188e+00 5.634963037662776841e-01 -1.273440833145829787e+00
2.510764892161517992e+00 5.625999996437689443e-01 -1.279475005682531918e+00
2.515681536049303446e+00 5.616484834398879356e-01 -1.285343465689949172e+00
2.520311355394535546e+00 5.606069866168674753e-01 -1.291299083113833568e+00
2.524889688544572408e+00 5.594471887954660660e-01 -1.297552496233182806e+00
2.529604944170199765e+00 5.581478124989351919e-01 -1.304267706683509997e+00
2.534598601265632301e+00 5.566946231530193190e-01 -1.311562079456843222e+00
2.539965209148514091e+00 5.550804290859562284e-01 -1.319506342901725748e+00
2.545752387459916832e+00 5.533050815284765722e-01 -1.328124588723215815e+00
2.551960826164342944e+00 5.513754746138045393e-01 -1.337394271982887517e+00
2.558544285549722908e+00 5.493055453776573005e-01 -1.347246211098830138e+00
2.565409596227414823e+00 5.471162737582450086e-01 -1.357564587845647042e+00
2.572419647828328770e+00 5.448349861550358941e-01 -1.368190438740513715e+00
2.579426264546244241e+00 5.424876946017308521e-01 -1.378960060156598555e+00
2.586303080595625303e+00 5.400914359591643121e-01 -1.389743413336597566e+00
2.592948528879239767e+00 5.376535754807113543e-01 -1.400447615745493701e+00
2.599285840988160068e+00 5.351718068122864880e-01 -1.411016941070556641e+00
2.605263047201759719e+00 5.326341519923440959e-01 -1.421432819221342791e+00
2.610852976487717747e+00 5.300189614518788783e-01 -1.431713836329695733e+00
2.616053256502015145e+00 5.272949140144250757e-01 -1.441915734749745770e+00
2.620886313588936645e+00 5.244210168960571350e-01 -1.452131413057909270e+00
2.625399372781071605e+00 5.213466057053895986e-01 -1.462490926052890661e+00
2.629662841935672901e+00 5.180120085378383532e-01 -1.473159015720576726e+00
2.633752537172997066e+00 5.143558510378349879e-01 -1.484307951753716548e+00
2.637731908268408532e+00 5.103223614800397323e-01 -1.496090372000960622e+00
2.641650422773335727e+00 5.058620348699371938e-01 -1.508636813408209099e+00
2.645543566015265746e+00 5.009316329438358029e-01 -1.522055712018612228e+00
2.649432841097747460e+00 4.954941841688684234e-01 -1.536433402972572582e+00
2.653325768900391957e+00 4.895189837429916313e-01 -1.551834120507741721e+00
2.657215888078869881e+00 4.829815935949865469e-01 -1.568299997959021974e+00
2.661082755064914540e+00 4.758638423844578913e-01 -1.585851067758567545e+00
2.664891944066318352e+00 4.681538255018345418e-01 -1.604485261435782295e+00
2.668595540392528331e+00 4.598456842376334452e-01 -1.624178483032769682e+00
2.672137567092584209e+00 4.509371766190846675e-01 -1.644885416682672075e+00
2.675459411635418672e+00 4.414272482278044363e-01 -1.666540334194314799e+00
2.678500319249550010e+00 4.313158113627393320e-01 -1.689057168469752845e+00
2.681197392923096334e+00 4.206037450401678424e-01 -1.712329513504274203e+00
2.683485593403759584e+00 4.092928949936983640e-01 -1.736230624386393639e+00
2.685297739198837963e+00 3.973860736742709787e-01 -1.760613417297860694e+00
2.686564506575219724e+00 3.848870602501565097e-01 -1.785310469513653686e+00
2.687214429559386275e+00 3.718006006069566327e-01 -1.810134019401981709e+00
2.687173899937409072e+00 3.581324073476043202e-01 -1.834875966424285298e+00
2.686368131554979222e+00 3.438898252541385814e-01 -1.859309989017840392e+00
2.684731767617672293e+00 3.290891513672324353e-01 -1.883214841304401865e+00
2.682219487991228224e+00 3.137629550657198285e-01 -1.906397649798847294e+00
2.678806973501573818e+00 2.979607435283722072e-01 -1.928696031291785795e+00
2.674490905934820972e+00 2.817489617338973518e-01 -1.949978092849552480e+00
2.669288968037266674e+00 2.652109924609396541e-01 -1.970142431814210671e+00
2.663239843515399219e+00 2.484471562880807005e-01 -1.989118135803554344e+00
2.656403217035886666e+00 2.315747115938384115e-01 -2.006864782711103246e+00
2.648859774225586605e+00 2.147278545566674302e-01 -2.023372440706106001e+00
2.640711201671543495e+00 1.980577191549593719e-01 -2.038661668233540336e+00
2.632078434507945097e+00 1.817302755753801013e-01 -2.052782323817400556e+00
2.623082380073201936e+00 1.659032129450909721e-01 -2.065800474033076206e+00
2.613824641717441111e+00 1.507028222443486942e-01 -2.077785301581888344e+00
2.604385766439595074e+00 1.362218947749677389e-01 -2.088807915128428228e+00
2.594825244887403404e+00 1.225197221603222947e-01 -2.098941349300555093e+00
2.585181511357413253e+00 1.096220963453451158e-01 -2.108260564689397931e+00
2.575471943794979790e+00 9.752130959652777209e-02 -2.116842447849357267e+00
2.565692863794263534e+00 8.617615450192055160e-02 -2.124765811298100715e+00
2.555819536598236130e+00 7.551192397113266896e-02 -2.132111393516570086e+00
2.545806171098671022e+00 6.542041123533204328e-02 -2.138961858948972061e+00
2.535587620919945717e+00 5.576241177680447969e-02 -2.145401197354469769e+00
2.525098096275849802e+00 4.639524445866267249e-02 -2.151508116698619855e+00
2.514289875777730554e+00 3.720027258297464723e-02 -2.157349436061997139e+00
2.503135007502070852e+00 2.808540579646276805e-02 -2.162979484997606949e+00
2.491625308990478960e+00 1.898510009050370304e-02 -2.168440103530883789e+00
2.479772367249694742e+00 9.860357801128604577e-03 -2.173760642159696221e+00
2.467607538751586560e+00 6.987276090221644122e-04 -2.178957961854339320e+00
2.455181949433154820e+00 -8.485695460475244437e-03 -2.184036434057541776e+00
2.442566494696525758e+00 -1.765227003737055572e-02 -2.188987940684459677e+00
2.429851839408960323e+00 -2.673380840701475303e-02 -2.193791874122682728e+00
2.417146569290973712e+00 -3.563856482245229829e-02 -2.198416038649815274e+00
2.404556856467830794e+00 -4.427210663683573549e-02 -2.202826565889364652e+00
2.392166125232586982e+00 -5.255918520830666490e-02 -2.206997830163476504e+00
2.380033203504733574e+00 -6.044572413649226122e-02 -2.210913349876130418e+00
2.368192322830199092e+00 -6.789881926250811162e-02 -2.214565787513141704e+00
2.356653118381347500e+00 -7.490673866895555810e-02 -2.217956949642162723e+00
2.345400628956980871e+00 -8.147892267992420945e-02 -2.221097786912679339e+00
2.334395296982336721e+00 -8.764598386098951255e-02 -2.224008394056014914e+00
2.323572968509088010e+00 -9.345970701921504920e-02 -2.226718009885326310e+00
2.312844893215348918e+00 -9.899304920315048217e-02 -2.229265017295607887e+00
2.302098826456753233e+00 -1.043387127073891196e-01 -2.231696337197014213e+00
2.291211151744367847e+00 -1.095934482315502889e-01 -2.234060761827694197e+00
2.280059003159529141e+00 -1.148423581209174621e-01 -2.236402288101298819e+00
2.268521367383912857e+00 -1.201574693982099956e-01 -2.238759511551868364e+00
2.256479083699542088e+00 -1.255977337635848790e-01 -2.241165626333831984e+00
2.243814843988773511e+00 -1.312090275946346807e-01 -2.243648425222007692e+00
2.230413192734308492e+00 -1.370241519463896163e-01 -2.246230299611603254e+00
2.216160527019190862e+00 -1.430628325513156884e-01 -2.248928239518213523e+00
2.200945096526800704e+00 -1.493317198193165607e-01 -2.251753833577825770e+00
2.184657003540866338e+00 -1.558243888377314201e-01 -2.254713269046812574e+00
2.167190507106152797e+00 -1.625216691302311944e-01 -2.257807351376508453e+00
2.148469368796216195e+00 -1.693952720046537352e-01 -2.261031719533494133e+00
2.128472198481137667e+00 -1.764114179008387240e-01 -2.264377061319877704e+00
2.107234758488224724e+00 -1.835311661495243052e-01 -2.267829132947867699e+00
2.084849963602017464e+00 -1.907104149723443942e-01 -2.271368759039776197e+00
2.061467881064283691e+00 -1.978999014818310642e-01 -2.274971832628011281e+00
2.037295730574022912e+00 -2.050452016814124645e-01 -2.278609315155087245e+00
2.012597884287460115e+00 -2.120867304654148466e-01 -2.282247236473613494e+00
1.987695866818053991e+00 -2.189597416190603718e-01 -2.285846694846303873e+00
1.962968355236489826e+00 -2.255943278184694978e-01 -2.289363856945972220e+00
1.938844475234076326e+00 -2.319164392619666171e-01 -2.292750670817249592e+00
1.915730058408590564e+00 -2.378590886921878034e-01 -2.295962708509886596e+00
1.893933899166532431e+00 -2.433735564764710479e-01 -2.298967008752846208e+00
1.873661050758642865e+00 -2.484304092575952694e-01 -2.301742789929622557e+00
1.855012825279911404e+00 -2.530194999537784817e-01 -2.304281450078238258e+00
1.837986793669568186e+00 -2.571499677586797650e-01 -2.306586566891246193e+00
1.822476785711091951e+00 -2.608502381413972948e-01 -2.308673897715729062e+00
1.808272890032202929e+00 -2.641680228464701741e-01 -2.310571379553300719e+00
1.795061454104870169e+00 -2.671703198938770174e-01 -2.312319129060105727e+00
1.782425084245303104e+00 -2.699434135790367284e-01 -2.313969442546816691e+00
1.769851216112337644e+00 -2.725912857937846101e-01 -2.315585781734487814e+00
1.756826391497359863e+00 -2.752181403146989891e-01 -2.317231616914172232e+00
1.742930536095074645e+00 -2.779109269096142754e-01 -2.318959269990453542e+00
1.727845530328822266e+00 -2.807377525979927735e-01 -2.320808900198608971e+00
1.711355209350585715e+00 -2.837478816509245716e-01 -2.322808504104613814e+00
1.693345363040985152e+00 -2.869717355911282075e-01 -2.324973915605136998e+00
1.673803736009278786e+00 -2.904208931929500581e-01 -2.327308805927541080e+00
1.652820027593367547e+00 -2.940880904823640618e-01 -2.329804683629885353e+00
1.630585891859788195e+00 -2.979472207369731618e-01 -2.332440894600922743e+00
1.607394937603719098e+00 -3.019533344860071411e-01 -2.335184622060101578e+00
1.583634730124966250e+00 -3.060437949486889408e-01 -2.337991756289985013e+00
1.559698811984292943e+00 -3.101509876799342647e-01 -2.340816461560174311e+00
1.535898724675043958e+00 -3.142150300838282284e-01 -2.343620742951700198e+00
1.512456010704244624e+00 -3.181849268079112170e-01 -2.346375316056258598e+00
1.489502213592593716e+00 -3.220185697431815486e-01 -2.349059606976221737e+00
1.467078877874474108e+00 -3.256827380240934766e-01 -2.351661752324630594e+00
1.445137549097939456e+00 -3.291530980285588548e-01 -2.354178599225199342e+00
1.423539773824727073e+00 -3.324142033779453609e-01 -2.356615705312310016e+00
1.402057099630247716e+00 -3.354594949370782175e-01 -2.358987338731020511e+00
1.380371075103593803e+00 -3.382913008142386935e-01 -2.361316478137055253e+00
1.358081090991523299e+00 -3.409202143866209012e-01 -2.363634103920557727e+00
1.334790632184162495e+00 -3.433582526277954572e-01 -2.365971401721379319e+00
1.310193529252014155e+00 -3.456120144707629516e-01 -2.368351965984917040e+00
1.284081799440406346e+00 -3.476820588452731453e-01 -2.370791091199385470e+00
1.256345646669483562e+00 -3.495629046778248039e-01 -2.373295771895813644e+00
1.226973461534212717e+00 -3.512430308916650312e-01 -2.375864702648042392e+00
1.196051821304376483e+00 -3.527048764067903797e-01 -2.378488278072730111e+00
1.163765489924583063e+00 -3.539248401399461841e-01 -2.381148592829348765e+00
1.130397418014253530e+00 -3.548732810046266728e-01 -2.383819441620184776e+00
1.096328742867635597e+00 -3.555145179110748566e-01 -2.386466319190339025e+00
1.062030996255497017e+00 -3.558074026387836319e-01 -2.389047123442681553e+00
1.027980390243889763e+00 -3.557116214340060867e-01 -2.391519889702341750e+00
9.945721030129133222e-01 -3.551939966072652499e-01 -2.393850524981200323e+00
9.621124866584092050e-01 -3.542290594058554731e-01 -2.396013511092844439e+00
9.308190671919731596e-01 -3.527990500138422636e-01 -2.397991904652565953e+00
9.008205445409429579e-01 -3.508939175520618403e-01 -2.399777337077360517e+00
8.721567925484110528e-01 -3.485113200781223552e-01 -2.401370014585932466e+00
8.447788589732118103e-01 -3.456566245864021725e-01 -2.402778718198688157e+00
8.185489654899331669e-01 -3.423429070080514225e-01 -2.404020803737740408e+00
7.932405076889071927e-01 -3.385909522109911141e-01 -2.405122201826908945e+00
7.685444488032510124e-01 -3.344290290578902924e-01 -2.406116833250054210e+00
7.441396511940321368e-01 -3.298904160267495667e-01 -2.407040177848195128e+00
7.197632082013056820e-01 -3.250109268186137657e-01 -2.407922843383162093e+00
6.952168379930894204e-01 -3.198286854112573629e-01 -2.408789980884792126e+00
6.703668835653733282e-01 -3.143841260591861975e-01 -2.409661284650920887e+00
6.451443127421112589e-01 -3.087199932936352531e-01 -2.410550992247385782e+00
6.195447181752280486e-01 -3.028813419225707126e-01 -2.411467884508025072e+00
5.936283173446138539e-01 -2.969155370306882924e-01 -2.412415285534682319e+00
5.675199525581297033e-01 -2.908722539794151296e-01 -2.413391062697200162e+00
5.414090909516000583e-01 -2.848034784069072289e-01 -2.414387626633423434e+00
5.155454490588783356e-01 -2.787631197021957496e-01 -2.415392246069658189e+00
4.901908624148108573e-01 -2.728027591617843139e-01 -2.416390510893776433e+00
4.655711546574836102e-01 -2.669673981020153075e-01 -2.417369795264344479e+00
4.418717619313556333e-01 -2.612950713184665208e-01 -2.418319572443094145e+00
4.192377328872682885e-01 -2.558168470859528698e-01 -2.419231414794921875e+00
3.977737286824378771e-01 -2.505568271585250084e-01 -2.420098993787891395e+00
3.775440229804586934e-01 -2.455321467694698279e-01 -2.420918079993229277e+00
3.585725019513061329e-01 -2.407529746313114838e-01 -2.421686543085328935e+00
3.408426642713296983e-01 -2.362225129358092035e-01 -2.422404351841750625e+00
3.242976211232600492e-01 -2.319369973539595065e-01 -2.423073574143215225e+00
3.088419227868809402e-01 -2.278859338342635876e-01 -2.423698280519809956e+00
2.943616508577769908e-01 -2.240547033475554228e-01 -2.424283483173853337e+00
2.807445102570382822e-01 -2.204271666047288025e-01 -2.424834075013813539e+00
2.678816557522655240e-01 -2.169859008459742722e-01 -2.425354733204176494e+00
2.556676919575652795e-01 -2.137121998407781887e-01 -2.425849919165449897e+00
2.440006733335547684e-01 -2.105860738879238581e-01 -2.426323878574165427e+00
2.327821041873571195e-01 -2.075862498154903424e-01 -2.426780641362875635e+00
2.219169386726058679e-01 -2.046901709808535696e-01 -2.427224021720152614e+00
2.113135807894407359e-01 -2.018739972706852237e-01 -2.427657618090592440e+00
2.008838843845115740e-01 -1.991126051009538267e-01 -2.428084813174810286e+00
1.905443144862718208e-01 -1.963800239285744542e-01 -2.428508731857312419e+00
1.802287219046506128e-01 -1.936542378462641212e-01 -2.428931778416265175e+00
1.699011177642650583e-01 -1.909219871524183709e-01 -2.429355173735665563e+00
1.595568348175710194e-01 -1.881792048544366214e-01 -2.429778913234016624e+00
1.492225274448595040e-01 -1.854310166687219708e-01 -2.430201766864328317e+00
1.389561716542601078e-01 -1.826917410206815029e-01 -2.430621279114111744e+00
1.288470650817374608e-01 -1.799848890447257044e-01 -2.431033769005384926e+00
1.190158269910950861e-01 -1.773431645842694082e-01 -2.431434330094671026e+00
1.096143982739713613e-01 -1.748084641917305448e-01 -2.431816830472997459e+00
1.008260414498433621e-01 -1.724318771285313912e-01 -2.432173912765895896e+00
9.286124274742119100e-02 -1.702725296960388435e-01 -2.432497157671760224e+00
8.591263500002081777e-02 -1.683848728759172741e-01 -2.432778882883776195e+00
8.010992054093647730e-02 -1.668059699704816934e-01 -2.433013942011842179e+00
7.551577328483595475e-02 -1.655543409336379113e-01 -2.433199888120936905e+00
7.212583872776262561e-02 -1.646299623708834536e-01 -2.433336973731110131e+00
6.986873394713390140e-02 -1.640142675393069516e-01 -2.433428150817485758e+00
6.860604760174236760e-02 -1.636701463475885854e-01 -2.433479070810264933e+00
6.813233993175500658e-02 -1.635419453559996406e-01 -2.433498084594720279e+00
6.817514275871362772e-02 -1.635554677764028408e-01 -2.433496242511201224e+00
6.839495948553475646e-02 -1.636179734722523205e-01 -2.433487294355131336e+00
6.839184677002105306e-02 -1.636199895061737075e-01 -2.433487422804034406e+00
6.777781343563214767e-02 -1.634552263014813211e-01 -2.433512311094497171e+00
6.624921975886541303e-02 -1.630404939072968296e-01 -2.433574210683872696e+00
6.359335926830365915e-02 -1.623175125806630426e-01 -2.433681674672225625e+00
5.968845874461599366e-02 -1.612529127865441614e-01 -2.433839557802327747e+00
5.450367822055664224e-02 -1.598382351978254179e-01 -2.434049016459662873e+00
4.809911098096643356e-02 -1.580899306953134631e-01 -2.434307508672423292e+00
4.062578356277102287e-02 -1.560493603677360896e-01 -2.434608794111512431e+00
3.232565575498301536e-02 -1.537827955117426204e-01 -2.434942934090544853e+00
2.353162059869939524e-02 -1.513814176319031313e-01 -2.435296291565840487e+00
1.465996316951889700e-02 -1.489592498148401556e-01 -2.435651841376676341e+00
6.127406033389158797e-03 -1.466304015290147977e-01 -2.435992582935289974e+00
-1.731846160580040360e-03 -1.444863131877752171e-01 -2.436304952952400793e+00
-8.673648185385631273e-03 -1.425936874445726810e-01 -2.436579135689282527e+00
-1.454391423612834064e-02 -1.409944891929627020e-01 -2.436809062957765004e+00
-1.927861793001505938e-02 -1.397059455666042060e-01 -2.436992414120237260e+00
-2.290379230635763985e-02 -1.387205459392598927e-01 -2.437130616089641766e+00
-2.553552982657265533e-02 -1.380060419247964854e-01 -2.437228843329480199e+00
-2.737998237418242178e-02 -1.375054473771840924e-01 -2.437296017853809893e+00
-2.873336125481399522e-02 -1.371370383904968182e-01 -2.437344809227244280e+00
-2.997557543624419785e-02 -1.367961086360318101e-01 -2.437391353828714191e+00
-3.150025315960527927e-02 -1.363742778027831892e-01 -2.437452166795657682e+00
-3.364476427862349989e-02 -1.357787998370368621e-01 -2.437541054000345042e+00
-3.668385874233999477e-02 -1.349343182125304075e-01 -2.437668831324341312e+00
-4.082966659511157170e-02 -1.337828659304532708e-01 -2.437843324658509392e+00
-4.623169797660969804e-02 -1.322838655194467639e-01 -2.438069369903011818e+00
-5.297684312182188160e-02 -1.304141290356038152e-01 -2.438348812967308099e+00
-6.108937236104980406e-02 -1.281678580624694141e-01 -2.438680509770154714e+00
-7.053093611991168022e-02 -1.255566437110399447e-01 -2.439060326239607335e+00
-8.120056491933939913e-02 -1.226094666197640737e-01 -2.439481138313017272e+00
-9.293743792244166246e-02 -1.193719072109898777e-01 -2.439933008897233080e+00
-1.055513367387353046e-01 -1.158974585721486567e-01 -2.440405134417295230e+00
-1.188530990699682988e-01 -1.122388393821251856e-01 -2.440887791354992231e+00
-1.326573872041699187e-01 -1.084472041827702488e-01 -2.441372513205693373e+00
-1.467826880156555269e-01 -1.045721433788994875e-01 -2.441852090478345172e+00
-1.610513129650213704e-01 -1.006616832382944415e-01 -2.442320570695469595e+00
-1.752893980991498124e-01 -9.676228589170147998e-02 -2.442773258393167612e+00
-1.893269040512043089e-01 -9.291884933283296732e-02 -2.443206715121118755e+00
-2.029976160406343488e-01 -8.917470741836601433e-02 -2.443618759442577559e+00
-2.161391438731704306e-01 -8.557162986794375481e-02 -2.444008466934377122e+00
-2.285941622581492694e-01 -8.214956615838320264e-02 -2.444376084628930634e+00
-2.402240542990402294e-01 -7.894382835997448833e-02 -2.444722089876242954e+00
-2.509225549839722569e-01 -7.598227397277999839e-02 -2.445046249205933275e+00
-2.606169915030582818e-01 -7.328504982084234343e-02 -2.445347532769233556e+00
-2.692682832483911937e-01 -7.086459205218542667e-02 -2.445624114338984079e+00
-2.768709418140476441e-01 -6.872562613881344484e-02 -2.445873371309641442e+00
-2.834530709960847439e-01 -6.686516687671187342e-02 -2.446091884697274121e+00
-2.890763667925426716e-01 -6.527251838584653687e-02 -2.446275439139561136e+00
-2.938361174034424539e-01 -6.392927411016438577e-02 -2.446419022895795159e+00
-2.978612032307882407e-01 -6.280931681759294172e-02 -2.446516827846882514e+00
-3.013114477233275745e-01 -6.187938942074522330e-02 -2.446562371633528521e+00
-3.043484764668276110e-01 -6.110537404822008467e-02 -2.446549841185647889e+00
-3.071065761227598778e-01 -6.045857114856603709e-02 -2.446475436258752634e+00
-3.096900452225350153e-01 -5.991627032187320234e-02 -2.446337491574474221e+00
-3.121731941675022770e-01 -5.946175031977354863e-02 -2.446136476820562233e+00
-3.146003452289496405e-01 -5.908427904544065468e-02 -2.445874996650883926e+00
-3.169858325481036410e-01 -5.877911355358990397e-02 -2.445557790685425559e+00
-3.193140021361297043e-01 -5.854750005047836686e-02 -2.445191733510291510e+00
-3.215392118741318694e-01 -5.839667389390491847e-02 -2.444785834677706937e+00
-3.235858315131532326e-01 -5.833985959321010689e-02 -2.444351238706012897e+00
-3.253505824183905437e-01 -5.839574235555011761e-02 -2.443901058599997178e+00
-3.267282751125890061e-01 -5.858265501427417643e-02 -2.443448544549117862e+00
-3.276375470872019968e-01 -5.891276489682371192e-02 -2.443005252606667899e+00
-3.280232026358629316e-01 -5.939154535084715386e-02 -2.442580878203753247e+00
-3.278562128543853205e-01 -6.001777574419975281e-02 -2.442183256149291548e+00
-3.271337156407628233e-01 -6.078354146494382299e-02 -2.441818360630017004e+00
-3.258790156951689165e-01 -6.167423392134856880e-02 -2.441490305210475498e+00
-3.241415845199573376e-01 -6.266855054189027219e-02 -2.441201342833027255e+00
-3.219970604196620845e-01 -6.373849477525182772e-02 -2.440951865817845512e+00
-3.195472485009969721e-01 -6.484937609032336014e-02 -2.440740405862917406e+00
-3.169182112561972908e-01 -6.596043420676866997e-02 -2.440563715065134254e+00
-3.142392652711274437e-01 -6.703170553601117687e-02 -2.440417657139923424e+00
-3.116219781519012355e-01 -6.803088955078305522e-02 -2.440298098631608958e+00
-3.091582591810578817e-01 -6.893397299188061544e-02 -2.440200989931410547e+00
-3.069203593175642841e-01 -6.972522986816391544e-02 -2.440122365277444860e+00
-3.049608711968134767e-01 -7.039722145655688545e-02 -2.440058342754721998e+00
-3.033127291306262907e-01 -7.095079630204717547e-02 -2.440005124295152594e+00
-3.019892091072496898e-01 -7.139509021768644659e-02 -2.439958995677540265e+00
-3.009839287913575467e-01 -7.174752628459010739e-02 -2.439916326527587831e+00
-3.002708475240506436e-01 -7.203381485193742495e-02 -2.439873570317889317e+00
-2.998046322473296166e-01 -7.228748734186755953e-02 -2.439827289039576907e+00
-2.995246825057954476e-01 -7.254476831673808968e-02 -2.439774424579031376e+00
-2.993591553227268331e-01 -7.283944770642979127e-02 -2.439712570086133514e+00
-2.992253310826791246e-01 -7.320241466659152541e-02 -2.439639994643072018e+00
-2.990296135314839399e-01 -7.366165757863990526e-02 -2.439555643264352369e+00
-2.986675297762492742e-01 -7.424226404975967086e-02 -2.439459136896788838e+00
-2.980237302853601111e-01 -7.496642091290356413e-02 -2.439350772419510260e+00
-2.969719888884773118e-01 -7.585341422679237056e-02 -2.439231522643955596e+00
-2.953752027765386146e-01 -7.691962927591453059e-02 -2.439103036313875261e+00
-2.930853925017580797e-01 -7.817855057052683354e-02 -2.438967638105334679e+00
-2.899461639413686842e-01 -7.964058861444606174e-02 -2.438828284732909690e+00
-2.858197898987903662e-01 -8.131117435076336275e-02 -2.438688082117900002e+00
-2.806142917047961816e-01 -8.318885360755839953e-02 -2.438549802556537305e+00
-2.742859011812581183e-01 -8.526511386569098072e-02 -2.438415840826188230e+00
-2.668390606411430444e-01 -8.752438425880196271e-02 -2.438288214185351244e+00
-2.583264228885151503e-01 -8.994403557331263899e-02 -2.438168562373658421e+00
-2.488488512185345614e-01 -9.249438024842514261e-02 -2.438058147611876780e+00
-2.385554194174608345e-01 -9.513867237612150252e-02 -2.437957854601904284e+00
-2.276434117626476572e-01 -9.783310770116505906e-02 -2.437868190526776502e+00
-2.163583230225461507e-01 -1.005268236210994648e-01 -2.437789285050659061e+00
-2.049890530296568092e-01 -1.031626901039189720e-01 -2.437720903422555985e+00
-1.938150447832150680e-01 -1.056860101444968419e-01 -2.437662590623058456e+00
-1.830534209019606673e-01 -1.080532204925717804e-01 -2.437613815515592197e+00
-1.728541776471257119e-01 -1.102326826609352911e-01 -2.437573983951620615e+00
-1.633001849224332280e-01 -1.122046829254319672e-01 -2.437542438770644804e+00
-1.544071862741001888e-01 -1.139614323249588806e-01 -2.437518459800203541e+00
-1.461237988908327401e-01 -1.155070666614666924e-01 -2.437501263855875511e+00
-1.383315136038292814e-01 -1.168576464999586673e-01 -2.437490004741275307e+00
-1.308446948867793280e-01 -1.180411571684914229e-01 -2.437483773248057428e+00
-1.234105808558658007e-01 -1.190975087581740283e-01 -2.437481597155914059e+00
-1.157154669529528584e-01 -1.200776012501271889e-01 -2.437482449587497602e+00
-1.074527274042590269e-01 -1.210330407693712834e-01 -2.437485340913855936e+00
-9.839083738670616197e-02 -1.220058557317255377e-01 -2.437489410660814482e+00
-8.837955694700751208e-02 -1.230275619351026278e-01 -2.437493935864220695e+00
-7.734993100166320801e-02 -1.241191625595092496e-01 -2.437498331069946733e+00
-6.531428933696288575e-02 -1.252911481670456184e-01 -2.437502148333885010e+00
-5.236624660898549916e-02 -1.265434967019056778e-01 -2.437505077221951311e+00
-3.868070234359753667e-02 -1.278656734903771963e-01 -2.437506944810081677e+00
-2.451384093645836426e-02 -1.292366312408412266e-01 -2.437507715684235965e+00
-1.020313165301275742e-02 -1.306248100437729376e-01 -2.437507491940396065e+00
3.839611319021113498e-03 -1.319889303084314236e-01 -2.437506505739610141e+00
1.720456723339443619e-02 -1.332867149454618483e-01 -2.437505037414613884e+00
2.956024635486519461e-02 -1.344836114587545650e-01 -2.437503333577307085e+00
4.066042964198885584e-02 -1.355535848518883146e-01 -2.437501599674078090e+00
5.034416874711370588e-02 -1.364791176281300034e-01 -2.437499999985807797e+00
5.853578601638262380e-02 -1.372512097904347583e-01 -2.437498657627866105e+00
6.524487448973038950e-02 -1.378693788414455945e-01 -2.437497654550113690e+00
7.056629790088800314e-02 -1.383416597834941641e-01 -2.437497031536903780e+00
7.468019067737960426e-02 -1.386846051185999240e-01 -2.437496788207078158e+00
7.785195794052354734e-02 -1.389232848484706073e-01 -2.437496883013968052e+00
8.042604277650247657e-02 -1.390906917676267007e-01 -2.437497235533171658e+00
8.275736907119106422e-02 -1.392211999599994310e-01 -2.437497751627005549e+00
8.514278648469666977e-02 -1.393440234996932980e-01 -2.437498348608182486e+00
8.781483843566921521e-02 -1.394826218121658357e-01 -2.437498957527318044e+00
9.094176210130015814e-02 -1.396546996742273061e-01 -2.437499523172932836e+00
9.462748841732390725e-02 -1.398722072140409223e-01 -2.437500004071452064e+00
9.891164207801704522e-02 -1.401413399111226532e-01 -2.437500372487205968e+00
1.037695415361989254e-01 -1.404625385963415296e-01 -2.437500614422431600e+00
1.091121990032297151e-01 -1.408304894519191441e-01 -2.437500729617267048e+00
1.147863204490133793e-01 -1.412341240114302343e-01 -2.437500731549758104e+00
1.205794657621689914e-01 -1.416570247607848720e-01 -2.437500646674799487e+00
1.262768105119390361e-01 -1.420818867490388493e-01 -2.437500506052536764e+00
1.317179077100971707e-01 -1.424949791992033143e-01 -2.437500336976766491e+00
1.368018479711199387e-01 -1.428865511092275997e-01 -2.437500162213884547e+00
1.414872595121895449e-01 -1.432508312519992777e-01 -2.437500000002879474e+00
1.457923081531918297e-01 -1.435860281753439660e-01 -2.437499864055338250e+00
1.497946973167173235e-01 -1.438943302020256332e-01 -2.437499763555445398e+00
1.536316680280596647e-01 -1.441819054297462654e-01 -2.437499703159981657e+00
1.574999989152179036e-01 -1.444589017311461721e-01 -2.437499682998323980e+00
1.616560062088947536e-01 -1.447394467538037632e-01 -2.437499698672444648e+00
1.664096695018587313e-01 -1.450412917061819906e-01 -2.437499741506935713e+00
1.720600124128314479e-01 -1.453818928399720767e-01 -2.437499801299319646e+00
1.788304812335039795e-01 -1.457744928101342985e-01 -2.437499869070464342e+00
1.868630700156037605e-01 -1.462277644200761506e-01 -2.437499937314623555e+00
1.962183205708961931e-01 -1.467458106216526226e-01 -2.437499999999443556e+00
2.068753224711811778e-01 -1.473281645151659214e-01 -2.437500052565953812e+00
2.187317130482980265e-01 -1.479697893493657768e-01 -2.437500091928578527e+00
2.316036773941221039e-01 -1.486610785214492469e-01 -2.437500116475126433e+00
2.452259483605672974e-01 -1.493878555770609406e-01 -2.437500126066797002e+00
2.592518065595806886e-01 -1.501313742102925453e-01 -2.437500122038178674e+00
2.732597491215683072e-01 -1.508686920718823044e-01 -2.437500107121346904e+00
2.868268470555742633e-01 -1.515767827164427595e-01 -2.437500084610949802e+00
2.996021033726590788e-01 -1.522366475924683271e-01 -2.437500057529279118e+00
3.113131220987125358e-01 -1.528336898647942310e-01 -2.437500028550370512e+00
3.217661082744598944e-01 -1.533577144145965854e-01 -2.437500000000000000e+00
3.308458679554568960e-01 -1.538029278393923949e-01 -2.437499973855686175e+00
3.385158082120920398e-01 -1.541679384530394714e-01 -2.437499951746690652e+00
3.448179371295858053e-01 -1.544557562857364064e-01 -2.437499934954015401e+00
3.498728638079893760e-01 -1.546737930840225705e-01 -2.437499924410402752e+00
3.538797983621879695e-01 -1.548338623107784751e-01 -2.437499920700341605e+00
3.571119818317149974e-01 -1.549518985230625423e-01 -2.437499924058888379e+00
3.598664158860744311e-01 -1.550448705711420516e-01 -2.437499934358788423e+00
3.624135930530563154e-01 -1.551276948296374247e-01 -2.437499951097590767e+00
3.649929268028863083e-01 -1.552129545860641280e-01 -2.437499973396477504e+00
3.678127515482260690e-01 -1.553109000408331164e-01 -2.437500000000269118e+00
3.710503226441724256e-01 -1.554294483072504451e-01 -2.437500029277413827e+00
3.748518163882567644e-01 -1.555741834115173527e-01 -2.437500059219997350e+00
3.793323300204472504e-01 -1.557483562927304277e-01 -2.437500087443738472e+00
3.845758817231465510e-01 -1.559528848028813863e-01 -2.437500111187989038e+00
3.906354106211936128e-01 -1.561863537068571839e-01 -2.437500127315733067e+00
3.975333461104161858e-01 -1.564451205735890305e-01 -2.437500132381487550e+00
4.052678702111252029e-01 -1.567244805302198396e-01 -2.437500123378122385e+00
4.138191797261528415e-01 -1.570198309799187009e-01 -2.437500098483660782e+00
4.231500555042575495e-01 -1.573267774809123665e-01 -2.437500057129173392e+00
4.332058624401207148e-01 -1.576411337464853069e-01 -2.437499999998770317e+00
4.439145494743516052e-01 -1.579589216449796274e-01 -2.437499929029606438e+00
4.551866495934843715e-01 -1.582763711997951794e-01 -2.437499847411881415e+00
4.669152798299799900e-01 -1.585899205893895325e-01 -2.437499759588837023e+00
4.789761412622209891e-01 -1.588962161472777246e-01 -2.437499671256758482e+00
4.912275190145192760e-01 -1.591921123620327616e-01 -2.437499589364974462e+00
5.035121923685987877e-01 -1.594746771066648250e-01 -2.437499521980996064e+00
5.156784459899632633e-01 -1.597412491617997976e-01 -2.437499476807039933e+00
5.276010811542629630e-01 -1.599894957388564576e-01 -2.437499459696550019e+00
5.391833258587795941e-01 -1.602174177094269625e-01 -2.437499474519340126e+00
5.503568348224311402e-01 -1.604233496052762387e-01 -2.437499523161588577e+00
5.610816894857685311e-01 -1.606059596183422311e-01 -2.437499605525842661e+00
5.713463980109773077e-01 -1.607642496007361810e-01 -2.437499719531016407e+00
5.811678952818745136e-01 -1.608975550647421537e-01 -2.437499861112391031e+00
5.905915429039130249e-01 -1.610055451828173445e-01 -2.437500024221615824e+00
5.996911292041794406e-01 -1.610882227875919115e-01 -2.437500200826706820e+00
6.085663975067397979e-01 -1.611459322091980673e-01 -2.437500381051811438e+00
6.173158560299506492e-01 -1.611794454894760198e-01 -2.437500554714687073e+00
6.260095869351268716e-01 -1.611900485988711218e-01 -2.437500712864228536e+00
6.346867743190017785e-01 -1.611795492746596614e-01 -2.437500847920245572e+00
6.433557042137292292e-01 -1.611502770209488622e-01 -2.437500953673464199e+00
6.519937645868796317e-01 -1.611050831086768553e-01 -2.437501025285526257e+00
6.605474453414463820e-01 -1.610473405756128740e-01 -2.437501059288991190e+00
6.689323383158399805e-01 -1.609809442263568924e-01 -2.437501053587333377e+00
6.770331372838928052e-01 -1.609103106323400700e-01 -2.437501007454945245e+00
6.847036379548535612e-01 -1.608403781318244741e-01 -2.437500921537134602e+00
6.917704323967999169e-01 -1.607765129508184343e-01 -2.437500797828178634e+00
6.980735482578368511e-01 -1.607234765188219894e-01 -2.437500639429913019e+00
7.035070884101027877e-01 -1.606843927738278166e-01 -2.437500450310315259e+00
7.080229255141081701e-01 -1.606606542796556181e-01 -2.437500235281554684e+00
7.116307020187376819e-01 -1.606519222259521484e-01 -2.437500000000000444e+00
7.143978301612485815e-01 -1.606561264281911039e-01 -2.437499750966211742e+00
7.164494919672714790e-01 -1.606694653276730944e-01 -2.437499495524945825e+00
7.179686392508094483e-01 -1.606864059915257270e-01 -2.437499241865150879e+00
7.191959936142386933e-01 -1.606996841127036058e-01 -2.437498999019972246e+00
7.204300464483096578e-01 -1.607003040099883873e-01 -2.437498776866751093e+00
7.220211404216009266e-01 -1.606777281185119699e-01 -2.437498586046683791e+00
7.243063667676266082e-01 -1.606219613566008952e-01 -2.437498437081127900e+00
7.275444632492473751e-01 -1.605256354709351241e-01 -2.437498339487918386e+00
7.319098958738954330e-01 -1.603841985198430908e-01 -2.437498301701026548e+00
7.374928588935768525e-01 -1.601959148733020366e-01 -2.437498331070567570e+00
7.442992748048690155e-01 -1.599618652129374818e-01 -2.437498433862794300e+00
7.522507943489208371e-01 -1.596859465320237537e-01 -2.437498615260102586e+00
7.611847965114542092e-01 -1.593748721354835973e-01 -2.437498879361026827e+00
7.708543885227634451e-01 -1.590381716398884815e-01 -2.437499229180241311e+00
7.809284058577153909e-01 -1.586881909734581264e-01 -2.437499666648561547e+00
7.909984772336505765e-01 -1.583398285200097177e-01 -2.437500192515376085e+00
8.006567363533139137e-01 -1.580076328231714844e-01 -2.437500805275440552e+00
8.095735312223395486e-01 -1.577029003811796781e-01 -2.437501500095708096e+00
8.175044883386789474e-01 -1.574334118210213573e-01 -2.437502268717775866e+00
8.242905126925971215e-01 -1.572034318984342482e-01 -2.437503099457876576e+00
8.298577877666777347e-01 -1.570137094979068559e-01 -2.437503977206887384e+00
8.342177755358191060e-01 -1.568614776326784088e-01 -2.437504883430326785e+00
8.374672164672373187e-01 -1.567404534447389419e-01 -2.437505796168353278e+00
8.397881295204620011e-01 -1.566408382048290471e-01 -2.437506690035764034e+00
8.414478121473409900e-01 -1.565493173124402337e-01 -2.437507536222000226e+00
8.427922390370001793e-01 -1.564493787155757654e-01 -2.437508302826802975e+00
8.441734483104350595e-01 -1.563248155281232454e-01 -2.437508958552481619e+00
8.458769277151004795e-01 -1.561632286472266484e-01 -2.437509476396179764e+00
8.481150133698742710e-01 -1.559563451730480721e-01 -2.437509833985537000e+00
8.510268897650566933e-01 -1.557000184087670991e-01 -2.437510013578684465e+00
8.546785897623701000e-01 -1.553942278605809635e-01 -2.437510002064251502e+00
8.590629945949607160e-01 -1.550430792377048561e-01 -2.437509790961360778e+00
8.640998338673950840e-01 -1.546548044523716470e-01 -2.437509376419630502e+00
8.696356855556646170e-01 -1.542417616198318575e-01 -2.437508759219173093e+00
8.754439760071813792e-01 -1.538204350583538549e-01 -2.437507944770595625e+00
8.812308856745973973e-01 -1.534110486396279838e-01 -2.437506943120144154e+00
8.867003148912607768e-01 -1.530333124662168476e-01 -2.437505769006284240e+00
8.916188516743753789e-01 -1.527021694162518373e-01 -2.437504441916285458e+00
8.958216781347053681e-01 -1.524274084495864101e-01 -2.437502986091363510e+00
8.992125704765782102e-01 -1.522136646077962285e-01 -2.437501430526682000e+00
9.017638989978835617e-01 -1.520604190141790768e-01 -2.437499808971350657e+00
9.035166280900748248e-01 -1.519619988737549998e-01 -2.437498159928428443e+00
9.045803162381667040e-01 -1.519075774732659145e-01 -2.437496526654918227e+00
9.051331160207379822e-01 -1.518811741811762206e-01 -2.437494957161774334e+00
9.054217741099295225e-01 -1.518616544476723007e-01 -2.437493504213895879e+00
9.057560429044280159e-01 -1.518231758457033731e-01 -2.437492220081851180e+00
9.064472076395604372e-01 -1.517400945904903709e-01 -2.437491098810035783e+00
9.077466128578358662e-01 -1.515918721100806832e-01 -2.437490018484217202e+00
9.098400738287459877e-01 -1.513635211034047023e-01 -2.437488735983065702e+00
9.128478765487670898e-01 -1.510456055402755737e-01 -2.437486886978149414e+00
9.168247777413565114e-01 -1.506342406613891405e-01 -2.437483985933935227e+00
9.217600048569558613e-01 -1.501310929783241654e-01 -2.437479426107790115e+00
9.275772560729890204e-01 -1.495433802735419981e-01 -2.437472479549980253e+00
9.341347002938618083e-01 -1.488838716003871021e-01 -2.437462297103668796e+00
9.412249771509649809e-01 -1.481708872830865553e-01 -2.437447908404922536e+00
9.485799418315046250e-01 -1.474279022328914557e-01 -2.437428250077618319e+00
9.559228574716742699e-01 -1.466791824861588267e-01 -2.437402475873225338e+00
9.630205870068323515e-01 -1.459454217878301541e-01 -2.437370266807344699e+00
9.696883378193389413e-01 -1.452433449227038542e-01 -2.437331859353551788e+00
9.757896617385575233e-01 -1.445857077154356907e-01 -2.437288045443399387e+00
9.812364550408518848e-01 -1.439812970305387740e-01 -2.437240172466412336e+00
9.859889584495870052e-01 -1.434349307723835898e-01 -2.437190143270091536e+00
9.900557571351309427e-01 -1.429474578851978317e-01 -2.437140416159913503e+00
9.934937807148529476e-01 -1.425157583530664573e-01 -2.437094004899327260e+00
9.964083032531236839e-01 -1.421327431999316604e-01 -2.437054478709757888e+00
9.989507315827749201e-01 -1.417874290742959509e-01 -2.437025851395216325e+00
1.001294277853557846e+00 -1.414657586468105743e-01 -2.437011361763789186e+00
1.003609632839875365e+00 -1.411514209822599397e-01 -2.437012254087183916e+00
1.006062754515333779e+00 -1.408259261157290276e-01 -2.437027667238032880e+00
1.008814868052743119e+00 -1.404686050526035013e-01 -2.437054634689892474e+00
1.012022465824116590e+00 -1.400566097685695677e-01 -2.437088084517240016e+00
1.015837307400671463e+00 -1.395649132096142275e-01 -2.437120839395480854e+00
1.020406419552830179e+00 -1.389663092920249421e-01 -2.437143616600941254e+00
1.025872096250215249e+00 -1.382314129023899663e-01 -2.437145028010870629e+00
1.032371898661655685e+00 -1.373286598975982375e-01 -2.437111580103442865e+00
1.040036436732656888e+00 -1.362248917436415518e-01 -2.437027943200110069e+00
1.048964966537610399e+00 -1.348917865424423546e-01 -2.436879913131507536e+00
1.059200987632004543e+00 -1.333122900586802551e-01 -2.436657372903353824e+00
1.070730024629893418e+00 -1.314812003585954514e-01 -2.436354561938808949e+00
1.083479627203903783e+00 -1.294051678099876479e-01 -2.435970076078473046e+00
1.097319370085229284e+00 -1.271026950822166934e-01 -2.435506867580385038e+00
1.112060853063634891e+00 -1.246041371462023456e-01 -2.434972245120025303e+00
1.127457700987450240e+00 -1.219517012744249090e-01 -2.434377873790315228e+00
1.143205563763577848e+00 -1.191994470409241530e-01 -2.433739775101614544e+00
1.158942116357488672e+00 -1.164132863213000191e-01 -2.433078326981723105e+00
1.174253457183393579e+00 -1.136698201249262963e-01 -2.432417815153004259e+00
1.188744493325133877e+00 -1.110435432168372788e-01 -2.431781498075343162e+00
1.202109327953929663e+00 -1.085940483402471346e-01 -2.431186671735086513e+00
1.214137659450817530e+00 -1.063648629156433434e-01 -2.430644220970815450e+00
1.224714781406655906e+00 -1.043834490407862525e-01 -2.430158619473344661e+00
1.233821582622121937e+00 -1.026612034907097432e-01 -2.429727929785724605e+00
1.241534547107716158e+00 -1.011934577177203143e-01 -2.429343803303243288e+00
1.248025754083758931e+00 -9.995947785139761010e-02 -2.428991480273420933e+00
1.253562877980392010e+00 -9.892246469859439229e-02 -2.428649789796015313e+00
1.258509188437576087e+00 -9.802955374343663708e-02 -2.428291149823019524e+00
1.263315244654929392e+00 -9.721309019502114013e-02 -2.427882215912817276e+00
1.268427531972554423e+00 -9.640465470665279812e-02 -2.427391017624900282e+00
1.274197097501344578e+00 -9.554908924100136147e-02 -2.426794094988823147e+00
1.280871244155974864e+00 -9.460577216644018572e-02 -2.426077147283115742e+00
1.288593530654907449e+00 -9.354861825704574585e-02 -2.425235033035278320e+00
1.297403771520385884e+00 -9.236607869259770565e-02 -2.424271770021781069e+00
1.307238037078438442e+00 -9.106114105857919527e-02 -2.423200535268065892e+00
1.317928653458877442e+00 -8.965132934617625615e-02 -2.422043665048546845e+00
1.329204202595295703e+00 -8.816870395227874302e-02 -2.420832654886607926e+00
1.340689522225074093e+00 -8.665986167947942187e-02 -2.419608159554606175e+00
1.351914191835037915e+00 -8.518480166451702917e-02 -2.418419173444260384e+00
1.362405876768901569e+00 -8.380445076418938100e-02 -2.417314014766030361e+00
1.371783671363591584e+00 -8.256818907104890304e-02 -2.416331309842287833e+00
1.379766584571201271e+00 -8.151271588510480837e-02 -2.415499173508974362e+00
1.386173539958994283e+00 -8.066204971382402722e-02 -2.414835209115606229e+00
1.390923375709399057e+00 -8.002752827213066578e-02 -2.414346508525267332e+00
1.394034844620011926e+00 -7.960780848240643637e-02 -2.414029652114614066e+00
1.395626614103597785e+00 -7.938886647449025502e-02 -2.413870708773873108e+00
1.395917266188088757e+00 -7.934399758567840799e-02 -2.413845235906842746e+00
1.395225297516582863e+00 -7.943381636072456564e-02 -2.413918279430890657e+00
1.393962173501374746e+00 -7.960714206993002584e-02 -2.414045109442482850e+00
1.392555927197723031e+00 -7.981073900278803923e-02 -2.414179312201193639e+00
1.391374760562154922e+00 -7.999905645762722672e-02 -2.414280881861173622e+00
1.390720099401334009e+00 -8.013511415836802043e-02 -2.414316956052482865e+00
1.390826593372062048e+00 -8.019050225452264979e-02 -2.414261815881093121e+00
1.391862115981278958e+00 -8.014538132119523872e-02 -2.414096885928888270e+00
1.393927764586061491e+00 -7.998848235908169457e-02 -2.413810734253663881e+00
1.397057860393625228e+00 -7.971710679446977754e-02 -2.413399072389127209e+00
1.401219948461321474e+00 -7.933712647923907291e-02 -2.412864755344895418e+00
1.406314797696641028e+00 -7.886298369086101878e-02 -2.412217781606500466e+00
1.412180015052050264e+00 -7.831719973293918557e-02 -2.411474920072345096e+00
1.418629801668220836e+00 -7.772496954115379331e-02 -2.410655606360295522e+00
1.425494709017257389e+00 -7.710875628920570157e-02 -2.409777839114265241e+00
1.432625253097536078e+00 -7.648779998935725799e-02 -2.408857806941181234e+00
1.439891914433705233e+00 -7.587811749243172921e-02 -2.407909888410978194e+00
1.447185138076684030e+00 -7.529250248781371724e-02 -2.406946652056604741e+00
1.454415333603666038e+00 -7.474052550344896517e-02 -2.405978856374018093e+00
1.461512875118113675e+00 -7.422853390584459310e-02 -2.405015449822189399e+00
1.468428101249763085e+00 -7.375965190006872341e-02 -2.404063570823098850e+00
1.475131315154622147e+00 -7.333378052975081385e-02 -2.403128547761738787e+00
1.481611817184308677e+00 -7.294775353310917199e-02 -2.402213982883032894e+00
1.487867263805946472e+00 -7.259705183060376210e-02 -2.401322675196382761e+00
1.493893026189941908e+00 -7.227751806610052676e-02 -2.400457543409015404e+00
1.499681222768610933e+00 -7.198551248073647990e-02 -2.399621709832506777e+00
1.505220719236178173e+00 -7.171791291291977621e-02 -2.398818500382782215e+00
1.510497128548776935e+00 -7.147211479832969727e-02 -2.398051444580115543e+00
1.515492810924452538e+00 -7.124603116991672092e-02 -2.397324275549129524e+00
1.520186873843157871e+00 -7.103809265790229921e-02 -2.396640930018796301e+00
1.524555172046757390e+00 -7.084724748977912212e-02 -2.396005548322438283e+00
1.528570307539023121e+00 -7.067296149031099262e-02 -2.395422474397724599e+00
1.532202745588265858e+00 -7.051517295463433088e-02 -2.394896101480196826e+00
1.535433090926527466e+00 -7.037379624548946444e-02 -2.394429174708454511e+00
1.538264364076491253e+00 -7.024822538528725790e-02 -2.394021093711685033e+00
1.540723117396685105e+00 -7.013728892748929966e-02 -2.393667758297298054e+00
1.542859435081482378e+00 -7.003924995660779085e-02 -2.393361568450927734e+00
1.544746933161097235e+00 -6.995180608820558699e-02 -2.393091424336429629e+00
1.546482759501590643e+00 -6.987208946889617023e-02 -2.392842726295882461e+00
1.548187593804864592e+00 -6.979666677634367711e-02 -2.392597374849587677e+00
1.550005647608665882e+00 -6.972153921926294018e-02 -2.392333770696069006e+00
1.552104664286586111e+00 -6.964214253741936311e-02 -2.392026814712074234e+00
1.554673509427110023e+00 -6.955343847970524296e-02 -2.391648269682430605e+00
1.557895665370857996e+00 -6.945092104901882946e-02 -2.391170739273292156e+00
1.561922726023575514e+00 -6.933162273667516085e-02 -2.390571646963987273e+00
1.566871987327104643e+00 -6.919420599699248331e-02 -2.389833597763075801e+00
1.572826447259384697e+00 -6.903896324729238976e-02 -2.388944378208353481e+00
1.579834805834450240e+00 -6.886781686789972268e-02 -2.387896956366848400e+00
1.587911465102429975e+00 -6.868431920214261577e-02 -2.386689481834823212e+00
1.597036529149550743e+00 -6.849365255635253558e-02 -2.385325285737774692e+00
1.607155804098135521e+00 -6.830262919986422598e-02 -2.383812880730431960e+00
1.618180798106602758e+00 -6.811969136501556943e-02 -2.382165960996756482e+00
1.629990520538100451e+00 -6.795477799769732152e-02 -2.380403137247546042e+00
1.642451271991930417e+00 -6.781785907439034922e-02 -2.378545021815321459e+00
1.655436433717303979e+00 -6.771746996494852622e-02 -2.376611313840200079e+00
1.668828266576092068e+00 -6.766057819839638166e-02 -2.374620534297819940e+00
1.682517911042820558e+00 -6.765258346292900293e-02 -2.372590025999335772e+00
1.696405387204678483e+00 -6.769731760591206349e-02 -2.370535953591423883e+00
1.710399594761512265e+00 -6.779704463388190605e-02 -2.368473303556281273e+00
1.724418313025830374e+00 -6.795246071254543163e-02 -2.366415884211623855e+00
1.738388200922792670e+00 -6.816269416678007176e-02 -2.364376325710685567e+00
1.752244796990225506e+00 -6.842530548063401052e-02 -2.362366080042222816e+00
1.765932151984255460e+00 -6.873634063043644604e-02 -2.360395442045884362e+00
1.779398787541404126e+00 -6.909091774901356120e-02 -2.358473780581363144e+00
1.792593654840677120e+00 -6.948381378990427237e-02 -2.356609769697526335e+00
1.805465767209209371e+00 -6.990951786047074068e-02 -2.354811409647803000e+00
1.817964200122264451e+00 -7.036223122189842749e-02 -2.353086026890176097e+00
1.830038091203235684e+00 -7.083586728919602504e-02 -2.351440274087186033e+00
1.841636640223647481e+00 -7.132405163119559521e-02 -2.349880130105931553e+00
1.852709109103148899e+00 -7.182012197055230585e-02 -2.348410900018067515e+00
1.863204821909521858e+00 -7.231712818374473606e-02 -2.347037215099805341e+00
1.873073164858676476e+00 -7.280783230107466808e-02 -2.345763032831913897e+00
1.882264417472864881e+00 -7.328479052090984547e-02 -2.344591575866195932e+00
1.890738895701487676e+00 -7.374125540389685207e-02 -2.343524660628784506e+00
1.898476095327287450e+00 -7.417207809533335472e-02 -2.342562025902489076e+00
1.905475523219676504e+00 -7.457379034879700608e-02 -2.341701271786287286e+00
1.911756697334740185e+00 -7.494460452614533363e-02 -2.340937859695321865e+00
1.917359146715234219e+00 -7.528441359751572581e-02 -2.340265112360901512e+00
1.922342411490588931e+00 -7.559479114132569566e-02 -2.339674213830504002e+00
1.926786042876904581e+00 -7.587899134427252001e-02 -2.339154209467771306e+00
1.930789603176956692e+00 -7.614194900133361421e-02 -2.338692005952514030e+00
1.934472665780190059e+00 -7.639027951576615738e-02 -2.338272371280707862e+00
1.937973559719157413e+00 -7.663220416090002485e-02 -2.337878104517900901e+00
1.941435559598724492e+00 -7.687672794845282209e-02 -2.337491903112564717e+00
1.944993075381598713e+00 -7.713281748829160789e-02 -2.337098230228872975e+00
1.948770396896873480e+00 -7.740932624737463519e-02 -2.336683484506582253e+00
1.952881693840027300e+00 -7.771499454975128174e-02 -2.336236000061035156e+00
1.957431015772921779e+00 -7.805844957656200844e-02 -2.335746046483154981e+00
1.962512292123805180e+00 -7.844820536603844263e-02 -2.335205828839447939e+00
1.968209332187309535e+00 -7.889266281350323928e-02 -2.334609487672004935e+00
1.974595825124449533e+00 -7.940010967137020592e-02 -2.333953098998498898e+00
1.981735339962628739e+00 -7.997872054914433038e-02 -2.333234674312187895e+00
1.989680812814481836e+00 -8.063638228891729931e-02 -2.332454089441637457e+00
1.998468906363469744e+00 -8.137877312246488692e-02 -2.331612302018573502e+00
2.008114369408144029e+00 -8.220744184832777524e-02 -2.330710568953867856e+00
2.018609524100564379e+00 -8.311963321396881321e-02 -2.329750375299980192e+00
2.029924265946295048e+00 -8.410828791577282249e-02 -2.328733434250961132e+00
2.042006063804405080e+00 -8.516204259904669449e-02 -2.327661687142444258e+00
2.054779959887466312e+00 -8.626522985801902965e-02 -2.326537303451656324e+00
2.068148569761559141e+00 -8.739787823584070636e-02 -2.325362680797409709e+00
2.081992082346266315e+00 -8.853571222458452017e-02 -2.324140444940104633e+00
2.096168259914676479e+00 -8.965015226524532255e-02 -2.322873449781728272e+00
2.110513994088770495e+00 -9.070873518502721444e-02 -2.321564812986109061e+00
2.124862421076444186e+00 -9.167973881505046829e-02 -2.320218307785365752e+00
2.139060036374346385e+00 -9.253680646372032526e-02 -2.318838754774134259e+00
2.152968250585208576e+00 -9.325936730590198009e-02 -2.317432057525739886e+00
2.166463389417843111e+00 -9.383263638292041464e-02 -2.316005202592199996e+00
2.179436693687146764e+00 -9.424761460256085577e-02 -2.314566259504222678e+00
2.191794319314100292e+00 -9.450108873906842843e-02 -2.313124380771205857e+00
2.203457337325767984e+00 -9.459563143314822509e-02 -2.311689801881239958e+00
2.214361733855293224e+00 -9.453960119196529177e-02 -2.310273841301103914e+00
2.224458410141904707e+00 -9.434714238914471141e-02 -2.308888900476270045e+00
2.233713054018583666e+00 -9.403793530335116668e-02 -2.307548367450485305e+00
2.242104726276428206e+00 -9.363444654266513123e-02 -2.306265556681215134e+00
2.249624447029016761e+00 -9.315917946895881097e-02 -2.305052648855081987e+00
2.256275067200078865e+00 -9.263442423647617885e-02 -2.303920594507455899e+00
2.262071268523491163e+00 -9.208225779183246140e-02 -2.302879114022447382e+00
2.267039563543284064e+00 -9.152454387401445790e-02 -2.301936697632911866e+00
2.271218295613637750e+00 -9.098293301438049874e-02 -2.301100605420450140e+00
2.274657638898882617e+00 -9.047886253666052869e-02 -2.300376867315408802e+00
2.277419598373498832e+00 -9.003355655695588489e-02 -2.299770283096874923e+00
2.279578009822115447e+00 -8.966802598373931066e-02 -2.299284422392680050e+00
2.281218352897302903e+00 -8.940258733008256409e-02 -2.298921340600167174e+00
2.282435694669662229e+00 -8.925156942788069203e-02 -2.298678453884554607e+00
2.283332633113734911e+00 -8.921801997686450159e-02 -2.298545414079765870e+00
2.284019110144394737e+00 -8.929322430175704040e-02 -2.298503824576683563e+00
2.284612411616848693e+00 -8.945670535227386033e-02 -2.298527240323148924e+00
2.285237167326636953e+00 -8.967622370312269831e-02 -2.298581167823963156e+00
2.286025351009633777e+00 -8.990777755400371218e-02 -2.298623065140885657e+00
2.287116280342045282e+00 -9.009560272960934202e-02 -2.298602341892635792e+00
2.288656616940411670e+00 -9.017217267962442107e-02 -2.298460359254888896e+00
2.290800366361605889e+00 -9.005819847872603701e-02 -2.298130429960282495e+00
2.293706569261822370e+00 -8.966399267539301721e-02 -2.297538923709028680e+00
2.297513903793153567e+00 -8.890447183691677080e-02 -2.296617426854371757e+00
2.302315287735930305e+00 -8.771415925049512452e-02 -2.295314902214550479e+00
2.308155569569634302e+00 -8.604854882407000916e-02 -2.293598794525587348e+00
2.315031528472900835e+00 -8.388410508632662688e-02 -2.291455030441284624e+00
2.322891874323517403e+00 -8.121826318669393696e-02 -2.288888018533227875e+00
2.331637247698422399e+00 -7.806942889534458641e-02 -2.285920649290782869e+00
2.341120219873704666e+00 -7.447697860319481278e-02 -2.282594295121096017e+00
2.351145292824607935e+00 -7.050125932190449973e-02 -2.278968810349097041e+00
2.361468899225525941e+00 -6.622358868387639985e-02 -2.275122531217494970e+00
2.371803405951931065e+00 -6.174488967069022977e-02 -2.271150972637002052e+00
2.381861155045243539e+00 -5.717067179251516390e-02 -2.267152491643274370e+00
2.391398506510480804e+00 -5.259601164251059835e-02 -2.263213950257233265e+00
2.400219842429119677e+00 -4.810418741691665362e-02 -2.259409412036406106e+00
2.408177566959102123e+00 -4.376667891505405666e-02 -2.255800142074932069e+00
2.415172106334832591e+00 -3.964316753932425885e-02 -2.252434607003555911e+00
2.421151908867173130e+00 -3.578153629520932494e-02 -2.249348474989631974e+00
2.426113444943454045e+00 -3.221786979127141265e-02 -2.246564615737122850e+00
2.430101207027461019e+00 -2.897645423915521865e-02 -2.244093100486598935e+00
2.433207709659446216e+00 -2.606977745358415172e-02 -2.241931202015239766e+00
2.435570881298019241e+00 -2.349869624157693501e-02 -2.240063791283941619e+00
2.437345373785050118e+00 -2.125427773488437061e-02 -2.238467700676566974e+00
2.438673871213588029e+00 -1.931964076074071252e-02 -2.237116087329984460e+00
2.439684481570765673e+00 -1.767012324384886063e-02 -2.235978829811439361e+00
2.440490736737794375e+00 -1.627328220638032952e-02 -2.235022528118550511e+00
2.441191592489969864e+00 -1.508889376797512005e-02 -2.234210503679316950e+00
2.441871428496670493e+00 -1.406895314574248268e-02 -2.233502799352114820e+00
2.442600048321353245e+00 -1.315767465425965455e-02 -2.232856179425693366e+00
2.443432679421558174e+00 -1.229149170557276675e-02 -2.232224129619181596e+00
2.444409973148908843e+00 -1.139905680919658416e-02 -2.231556857082085177e+00
2.445558215134990832e+00 -1.040243744207834144e-02 -2.230802027861741976e+00
2.446891639536045826e+00 -9.230270618199658619e-03 -2.229912879045370833e+00
2.448414743277665728e+00 -7.830917458178498353e-03 -2.228856330902109217e+00
2.450122496440675146e+00 -6.173659059232959427e-03 -2.227613724350470559e+00
2.452000342261131394e+00 -4.248696495180928102e-03 -2.226180820958350015e+00
2.454024197130319607e+00 -2.067150816441479331e-03 -2.224567802943018702e+00
2.456160450594759848e+00 3.389369499671686988e-04 -2.222799273171125911e+00
2.458365965356203553e+00 2.916605800426319475e-03 -2.220914255158700890e+00
2.460588077271632201e+00 5.591974754717151178e-03 -2.218966193071147508e+00
2.462764595353259089e+00 8.270242856020692396e-03 -2.217022951723251811e+00
2.464825040500660425e+00 1.083790489735077592e-02 -2.215165252711777111e+00
2.466704271176149099e+00 1.318712373614183871e-02 -2.213469472351336620e+00
2.468356108796650350e+00 1.524010210171682436e-02 -2.211990439968184674e+00
2.469754576371323562e+00 1.695129815267867185e-02 -2.210759874152127935e+00
2.470893898501563157e+00 1.830742547691256716e-02 -2.209786382756528944e+00
2.471788501380996372e+00 1.932745309158433872e-02 -2.209055462898302125e+00
2.472473012795485037e+00 2.006260544314092398e-02 -2.208529500957916003e+00
2.473002262123126904e+00 2.059636240731031742e-02 -2.208147772579393209e+00
2.473451280334249880e+00 2.104445928910157748e-02 -2.207826442670307365e+00
2.473915299991420014e+00 2.155488682280488899e-02 -2.207458565401788420e+00
2.474507788172369160e+00 2.230477003082589199e-02 -2.206916333956482124e+00
2.475338809822842379e+00 2.346603757579204808e-02 -2.206075826383071092e+00
2.476493392009825545e+00 2.517109254129615975e-02 -2.204841750421015600e+00
2.478029557144608930e+00 2.750969176694228330e-02 -2.203149692905260970e+00
2.479978322982788530e+00 3.052894584834577735e-02 -2.200966119766235796e+00
2.482343702624268733e+00 3.423331913713333757e-02 -2.198288376029855495e+00
2.485102704513254768e+00 3.858462974094299669e-02 -2.195144685817518315e+00
2.488205332438258921e+00 4.350204952342408282e-02 -2.191594152346109325e+00
2.491574585532100095e+00 4.886210410423728195e-02 -2.187726757927995536e+00
2.495106458271901584e+00 5.449867285905562325e-02 -2.183663363971030780e+00
2.498672084363017909e+00 6.020641805101682731e-02 -2.179553207383373881e+00
2.502141320770819632e+00 6.577850736979617974e-02 -2.175546359498381932e+00
2.505406332733930874e+00 7.104433804052065482e-02 -2.171766183853363064e+00
2.508383737975324212e+00 7.587296647851035636e-02 -2.168306832212353097e+00
2.511014606702307361e+00 8.017310828927842747e-02 -2.165233244566109772e+00
2.513264461606532496e+00 8.389313826853103673e-02 -2.162581149132116298e+00
2.515123277863994034e+00 8.702109040216750302e-02 -2.160357062354580915e+00
2.516605483135027299e+00 8.958465786628047600e-02 -2.158538288904434665e+00
2.517749957564309415e+00 9.165119302715452054e-02 -2.157072921679335398e+00
2.518620033780861078e+00 9.332770744126858697e-02 -2.155879841803665542e+00
2.519301982987890653e+00 9.475839200272907770e-02 -2.154850606545815506e+00
2.519888361489101225e+00 9.609733780825062410e-02 -2.153870216984492991e+00
2.520461356868481051e+00 9.748125645452150601e-02 -2.152837886107148435e+00
2.521091273964638724e+00 9.902699999643356510e-02 -2.151668926871307175e+00
2.521836534870807167e+00 1.008315609470821633e-01 -2.150294752204566784e+00
2.522743678934841416e+00 1.029720722777666686e-01 -2.148662875004595740e+00
2.523847362759221724e+00 1.055058074179889005e-01 -2.146736908139141420e+00
2.525170360201047348e+00 1.084701802554552535e-01 -2.144496564446017661e+00
2.526723562372044096e+00 1.118827451360753511e-01 -2.141937656733115869e+00
2.528505977638559443e+00 1.157411968639624755e-01 -2.139072097778397463e+00
2.530505245311313711e+00 1.200246765707344704e-01 -2.135926626932275862e+00
2.532703286232643514e+00 1.247081362778262453e-01 -2.132528802743759666e+00
2.535081953363742091e+00 1.297767034588018509e-01 -2.128892995586596282e+00
2.537623545474414488e+00 1.352269869086556997e-01 -2.125019114261651243e+00
2.540310807143071781e+00 1.410670767438138018e-01 -2.120892605996909097e+00
2.543126928756735516e+00 1.473165444021291015e-01 -2.116484456447469853e+00
2.546055546511031942e+00 1.540064426428881528e-01 -2.111751189695551201e+00
2.549080742410200884e+00 1.611793055468069003e-01 -2.106634868250490289e+00
2.552187044267085980e+00 1.688891485160314287e-01 -2.101063093048737951e+00
2.555359425703142229e+00 1.772014682741383518e-01 -2.094949003453864478e+00
2.558583220781355472e+00 1.861911309418856075e-01 -2.088193597712929339e+00
2.561843184994440303e+00 1.959191415149701965e-01 -2.080711257268424319e+00
2.565122556272577903e+00 2.064094138251507671e-01 -2.072455270539127703e+00
2.568402969622848087e+00 2.176466587771119232e-01 -2.063420153199452489e+00
2.571664457129236858e+00 2.295763843484752709e-01 -2.053641648179437507e+00
2.574885447952630191e+00 2.421048955897921462e-01 -2.043196725664750080e+00
2.578042768330813139e+00 2.550992946245454474e-01 -2.032203583096689137e+00
2.581111641578476945e+00 2.683874806491497456e-01 -2.020821645172182990e+00
2.584065688087208823e+00 2.817581499329506745e-01 -2.009251563843786670e+00
2.586876925325501730e+00 2.949607958182260403e-01 -1.997735218319688810e+00
2.589516058575660473e+00 3.077101495420082045e-01 -1.986551097583426850e+00
2.591955678862381873e+00 3.197350265657370461e-01 -1.975963510929072076e+00
2.594173460748259163e+00 3.308271708722435589e-01 -1.966171800609940901e+00
2.596152453026333795e+00 3.408456951099972376e-01 -1.957305725062842505e+00
2.597881078720091885e+00 3.497170805931090753e-01 -1.949425458908080389e+00
2.599353135083469102e+00 3.574351773013311195e-01 -1.942521592949452813e+00
2.600567793600846223e+00 3.640612038800568606e-01 -1.936515134174248587e+00
2.601529599987052688e+00 3.697237476403206768e-01 -1.931257505753252612e+00
2.602248474187364824e+00 3.746187645587985005e-01 -1.926530547040741892e+00
2.602739710377504956e+00 3.790095792778081507e-01 -1.922046513574485305e+00
2.603023731762719617e+00 3.832211201340135487e-01 -1.917454423529324270e+00
2.603123393217940951e+00 3.875765009554346663e-01 -1.912409872580192571e+00
2.603061283815697458e+00 3.923336002192522320e-01 -1.906644851670545870e+00
2.602859481587777690e+00 3.976792952007853765e-01 -1.899974094434403460e+00
2.602539553525221816e+00 4.037294619734901890e-01 -1.892295077196344710e+00
2.602122555578327834e+00 4.105289754089607168e-01 -1.883588018971512401e+00
2.601629032656648910e+00 4.180517091769285765e-01 -1.873915881465611166e+00
2.601079018628993378e+00 4.262005357452645637e-01 -1.863424369074904829e+00
2.600492036323426959e+00 4.348073263799726029e-01 -1.852341928886226619e+00
2.599887097527270541e+00 4.436329511451986285e-01 -1.840979750676965399e+00
2.599282544460902233e+00 4.523728861267894419e-01 -1.829724919064788624e+00
2.598694305941198657e+00 4.607188946027212517e-01 -1.818965085064663922e+00
2.598134153508691480e+00 4.684207094969679019e-01 -1.809013136078474027e+00
2.597609542889274703e+00 4.752916410308794526e-01 -1.800100347522262556e+00
2.597123613994204661e+00 4.812085767231808475e-01 -1.792376382826233572e+00
2.596675190920096910e+00 4.861119813899741904e-01 -1.785909293434750689e+00
2.596258781948933336e+00 4.900058971447346923e-01 -1.780685518806341738e+00
2.595864579548051498e+00 4.929579433983156123e-01 -1.776609886413690331e+00
2.595478460370155283e+00 4.950993168589452598e-01 -1.773505611743642296e+00
2.595081985253309576e+00 4.966247915322275497e-01 -1.771114298297204126e+00
2.594652753433636327e+00 4.977881449496731059e-01 -1.769101886992726635e+00
2.594168298884985457e+00 4.988518466825391240e-01 -1.767124099600922316e+00
2.593609986658599098e+00 5.000367468556687900e-01 -1.764891882179883797e+00
2.592963367095809435e+00 5.015175023760232165e-01 -1.762177354478267510e+00
2.592218175828042703e+00 5.034225769326811095e-01 -1.758813809935295680e+00
2.591368333776811195e+00 5.058342409968370479e-01 -1.754695715680753221e+00
2.590411947153719474e+00 5.087885718218041475e-01 -1.749778712534988179e+00
2.589351307460463936e+00 5.122754534430129514e-01 -1.744079615008914619e+00
2.588192891488830583e+00 5.162385766780108742e-01 -1.737676411304007740e+00
2.586947361320693695e+00 5.205754391264625358e-01 -1.730708263312309203e+00
2.585629407352821652e+00 5.251403311447574440e-01 -1.723371688358040554e+00
2.584256021617576504e+00 5.297771806554537610e-01 -1.715878559520605862e+00
2.582844771139547024e+00 5.343523972733146277e-01 -1.708414106831490420e+00
2.581413640972326728e+00 5.387578580521088512e-01 -1.701133099307180929e+00
2.579981034198511214e+00 5.429109074846164562e-01 -1.694159844949159721e+00
2.578565771929700379e+00 5.467543575026246883e-01 -1.687588190743905869e+00
2.577187093306494869e+00 5.502564874769283465e-01 -1.681481522662897410e+00
2.575864655498502742e+00 5.534110442173317823e-01 -1.675872765662610897e+00
2.574618533704330581e+00 5.562372419726457906e-01 -1.670764383684518517e+00
2.573469221151591491e+00 5.587797624306910516e-01 -1.666128379655092528e+00
2.572436982359210145e+00 5.611073304705890274e-01 -1.661907189916928873e+00
2.571534739417566495e+00 5.632970483072513579e-01 -1.658023522425271956e+00
2.570760958564661358e+00 5.654187302877905497e-01 -1.654390194535115821e+00
2.570099003547105188e+00 5.675334788611172687e-01 -1.650911027295869138e+00
2.569517135620117632e+00 5.696936845779417835e-01 -1.647480845451354980e+00
2.568968513547529309e+00 5.719430260907735208e-01 -1.643985477439810161e+00
2.568391193601780920e+00 5.743164701539203998e-01 -1.640301755393884120e+00
2.567708129563920583e+00 5.768402716234902750e-01 -1.636297515140641368e+00
2.566827172723608719e+00 5.795319734573897152e-01 -1.631831596201560375e+00
2.565641071879113611e+00 5.824004067153248920e-01 -1.626753841792530686e+00
2.564029631974327650e+00 5.854457506732229088e-01 -1.620907840471936368e+00
2.561883460423479697e+00 5.886601941185793940e-01 -1.614161085942932283e+00
2.559127714424072941e+00 5.920285966733224159e-01 -1.606435138110844596e+00
2.555724259923307873e+00 5.955285489174103608e-01 -1.597708365149627996e+00
2.551671671618074733e+00 5.991303723888296018e-01 -1.588015943501861260e+00
2.547005232954960618e+00 6.027971195835971630e-01 -1.577449857878749251e+00
2.541796936130246376e+00 6.064845739557586102e-01 -1.566158901260122249e+00
2.536155482089904822e+00 6.101412499173901605e-01 -1.554348674894434401e+00
2.530226280529606964e+00 6.137083928385949072e-01 -1.542281588298771489e+00
2.524191449894716222e+00 6.171199790475079272e-01 -1.530276859258839606e+00
2.518266413159700789e+00 6.203037037031237100e-01 -1.518704821523018111e+00
2.512662450362772137e+00 6.231918476979172450e-01 -1.507924307699687327e+00
2.507549250361317039e+00 6.257321447865786812e-01 -1.498220030851642903e+00
2.503051506351586131e+00 6.278887695342166841e-01 -1.489796891755837738e+00
2.499248915868687249e+00 6.296423373163574366e-01 -1.482779978903379536e+00
2.496176180786590759e+00 6.309899043189454160e-01 -1.477214568499531921e+00
2.493823007318128226e+00 6.319449675383428389e-01 -1.473066124463719095e+00
2.492134106014988415e+00 6.325374647813297724e-01 -1.470220298429516514e+00
2.491009191767721731e+00 6.328137746651045781e-01 -1.468482929744657550e+00
2.490302983805738890e+00 6.328367166172832459e-01 -1.467580045471033490e+00
2.489828116304954708e+00 6.326842933110565781e-01 -1.467163461248503609e+00
2.489387155071881796e+00 6.324358574519092224e-01 -1.466872390796845727e+00
2.488804614227712708e+00 6.321582785643411473e-01 -1.466395055417700100e+00
2.487929866815973057e+00 6.319046854270229385e-01 -1.465474284858385712e+00
2.486637144802517962e+00 6.317144660727967986e-01 -1.463907517311899609e+00
2.484825539075528944e+00 6.316132677886754365e-01 -1.461546799416916231e+00
2.482418999445518804e+00 6.316129971158428447e-01 -1.458298786257786528e+00
2.479366334645330738e+00 6.317118198496541881e-01 -1.454124741364541062e+00
2.475641212330133900e+00 6.318941610396354713e-01 -1.449040536712886240e+00
2.471242159077431388e+00 6.321307049894839825e-01 -1.443116652724207416e+00
2.466192018892969351e+00 6.323793358640854567e-01 -1.436475627672167077e+00
2.460531996941091482e+00 6.325954840796632617e-01 -1.429264001933668204e+00
2.454315703399007287e+00 6.327424724786442356e-01 -1.421624262823581120e+00
2.447608612004036122e+00 6.327924568649191395e-01 -1.413692294195932453e+00
2.440488060053594310e+00 6.327264260038414356e-01 -1.405597376443902036e+00
2.433043248405200920e+00 6.325342016222270658e-01 -1.397462186499823344e+00
2.425375241476475985e+00 6.322144384083550062e-01 -1.389402797835184833e+00
2.417596967245142281e+00 6.317746240119673784e-01 -1.381528680460630154e+00
2.409833217249022663e+00 6.312310790442678954e-01 -1.373942700925955940e+00
2.402220646586043173e+00 6.306089570779246367e-01 -1.366741122320115132e+00
2.394906097983986459e+00 6.299416402210212818e-01 -1.360013060139965368e+00
2.388028167590690920e+00 6.292640907994534460e-01 -1.353834497178659557e+00
2.381698771531360670e+00 6.286062033159848239e-01 -1.348262298663086112e+00
2.376001470234029522e+00 6.279922001164225387e-01 -1.343333668205647591e+00
2.370991468429564986e+00 6.274406313896179199e-01 -1.339066147804260032e+00
2.366695615151666932e+00 6.269643751674651710e-01 -1.335457617842354505e+00
2.363112403736864930e+00 6.265706373249028127e-01 -1.332486297088873339e+00
2.360211971824520916e+00 6.262609515799123505e-01 -1.330110742698273896e+00
2.357936101356829184e+00 6.260311794935192742e-01 -1.328269850210526348e+00
2.356198218578814174e+00 6.258715104697923914e-01 -1.326882853551115460e+00
2.354884982247591907e+00 6.257667694613586740e-01 -1.325850530399711014e+00
2.353873754903618831e+00 6.256998019178747761e-01 -1.325068461981303125e+00
2.353050074869018182e+00 6.256548588753653162e-01 -1.324440293409143932e+00
2.352309244699203994e+00 6.256179047086942724e-01 -1.323878939237365771e+00
2.351556331182877102e+00 6.255766171315636504e-01 -1.323306583460976293e+00
2.350706165342025145e+00 6.255203871965143714e-01 -1.322654679515860021e+00
2.349683342431925670e+00 6.254403192949257173e-01 -1.321863950278779454e+00
2.348422221941143473e+00 6.253292311570153306e-01 -1.320884388067373294e+00
2.346866927591531038e+00 6.251816538518399913e-01 -1.319675254640158446e+00
2.344971347338229872e+00 6.249938317872945071e-01 -1.318205081196528017e+00
2.342698828804658184e+00 6.247636555799860325e-01 -1.316451407081836722e+00
2.340018828974443021e+00 6.244899236033533141e-01 -1.314397905463574379e+00
2.336903563813641060e+00 6.241716035204207813e-01 -1.312031508947737235e+00
2.333327703682492871e+00 6.238077651485512964e-01 -1.309342148263974659e+00
2.329268373335417142e+00 6.233975804594447112e-01 -1.306322752265587583e+00
2.324705151921014679e+00 6.229403235791387550e-01 -1.302969247929529173e+00
2.319620072982071957e+00 6.224353707880094788e-01 -1.299280560356408154e+00
2.313997624455550461e+00 6.218822005207694792e-01 -1.295258612770483042e+00
2.307824748672597792e+00 6.212803933664694522e-01 -1.290908326519665916e+00
2.301090842358541444e+00 6.206296320684981938e-01 -1.286237621075521753e+00
2.293787825472512143e+00 6.199297300154344992e-01 -1.281257360583470728e+00
2.285910898443294315e+00 6.191809446404304973e-01 -1.275980765915017301e+00
2.277459299405169890e+00 6.183842908205935407e-01 -1.270422826719979970e+00
2.268436373037544307e+00 6.175415693678396600e-01 -1.264600247976692460e+00
2.258849570564945619e+00 6.166553670288932310e-01 -1.258531449992004836e+00
2.248710449757024499e+00 6.157290564852866410e-01 -1.252236568401285943e+00
2.238034674928552015e+00 6.147667963533610669e-01 -1.245737454168416303e+00
2.226842016939423630e+00 6.137735311842659192e-01 -1.239057673585796104e+00
2.215156353194655203e+00 6.127549914639589534e-01 -1.232222508274340100e+00
2.203005667644384324e+00 6.117176936132062703e-01 -1.225258955183479381e+00
2.190422145970386314e+00 6.106688812866630789e-01 -1.218195656505850044e+00
2.177443222608647311e+00 6.096158796806705471e-01 -1.211062128760251433e+00
2.164112627750163664e+00 6.085654498544886826e-01 -1.203887991890647324e+00
2.150480482520197523e+00 6.075237300338557356e-01 -1.196702899186203206e+00
2.136603298978265730e+00 6.064962356109874220e-01 -1.189536537281282058e+00
2.122543980118146489e+00 6.054878591445768121e-01 -1.182418626155447017e+00
2.108371819867878916e+00 6.045028703597949971e-01 -1.175378919133460265e+00
2.094162503089762151e+00 6.035449161482910885e-01 -1.168447202885285030e+00
2.079998105580353140e+00 6.026170205681909975e-01 -1.161653297426082254e+00
2.065967094070473298e+00 6.017215848440993220e-01 -1.155027056116214368e+00
2.052162987684991169e+00 6.008603710826296851e-01 -1.148597964312204178e+00
2.038669634817523502e+00 6.000343231532034860e-01 -1.142390724772294641e+00
2.025546490617784468e+00 5.992433875762972484e-01 -1.136420843245703471e+00
2.012827278655623164e+00 5.984864972414609685e-01 -1.130694227184826817e+00
2.000519990921020508e+00 5.977615714073178932e-01 -1.125207185745239258e+00
1.988606887824087455e+00 5.970655157015651859e-01 -1.119946429785692921e+00
1.977044498195067446e+00 5.963942221209724837e-01 -1.114889071868117476e+00
1.965763619284333963e+00 5.957425690313833400e-01 -1.110002626257619696e+00
1.954669316762393638e+00 5.951044211677146700e-01 -1.105245008922486782e+00
1.943640924719880703e+00 5.944726296339560845e-01 -1.100564537534179710e+00
1.932534071048829016e+00 5.938391189594340869e-01 -1.095900745343095339e+00
1.921202957872794492e+00 5.931958447708391979e-01 -1.091193334308620422e+00
1.909522642904204481e+00 5.925357515041089762e-01 -1.086391128601782441e+00
1.897391065134697463e+00 5.918528594739761450e-01 -1.081452888605205942e+00
1.884729044835117495e+00 5.911422648739670382e-01 -1.076347310913107425e+00
1.871480283555517543e+00 5.904001397764033765e-01 -1.071053028331297341e+00
1.857611364125159259e+00 5.896237321324011571e-01 -1.065558609877180540e+00
1.843111750652508096e+00 5.888113657718706540e-01 -1.059862560779753382e+00
1.827993788525246410e+00 5.879624404035176388e-01 -1.053973322479609953e+00
1.812292704410257471e+00 5.870774316148418270e-01 -1.047909272628935184e+00
1.796065110065350856e+00 5.861578163547571663e-01 -1.041698103627535232e+00
1.779372543811537755e+00 5.852052532196599932e-01 -1.035369986329476744e+00
1.762265011662842662e+00 5.842207627224433875e-01 -1.028950733607475909e+00
1.744779491023868090e+00 5.832046527694308979e-01 -1.022461178841513219e+00
1.726939930689791680e+00 5.821565186603752107e-01 -1.015917175918831017e+00
1.708757250846364872e+00 5.810752430884593700e-01 -1.009329599233932173e+00
1.690229343069925561e+00 5.799589961402971117e-01 -1.002704343688586963e+00
1.671341070327376999e+00 5.788052352959311975e-01 -9.960423246918239659e-01
1.652064266976204010e+00 5.776107054288346365e-01 -9.893394781599349486e-01
1.632357738764466326e+00 5.763714388059107963e-01 -9.825867605164750884e-01
1.612168364932489606e+00 5.750827549661050586e-01 -9.757706186455638031e-01
1.591443221331442892e+00 5.737392593851411426e-01 -9.688781593782076484e-01
1.570141703541914069e+00 5.723348421402564279e-01 -9.619023189786236605e-01
1.548236628975601326e+00 5.708626777888142767e-01 -9.548423330975407408e-01
1.525714236875308050e+00 5.693152253683049224e-01 -9.477037367721997674e-01
1.502574188314958148e+00 5.676842283963444702e-01 -9.404983644263564813e-01
1.478829566199572509e+00 5.659607148706750079e-01 -9.332443498702758244e-01
1.454506875265286547e+00 5.641349972691651615e-01 -9.259661263007361587e-01
1.429646042079343093e+00 5.621966725498094286e-01 -9.186944263010280443e-01
1.404300415040095062e+00 5.601346221507287337e-01 -9.114662818409544620e-01
1.378536066278444938e+00 5.579371330781862648e-01 -9.043246239701681066e-01
1.352424112786730692e+00 5.555932298378110090e-01 -8.973138795670534407e-01
1.326033037707378792e+00 5.530940063381064586e-01 -8.904755681792223543e-01
1.299427992287626399e+00 5.504327469692312791e-01 -8.838479017473986898e-01
1.272670795879490724e+00 5.476049266029968665e-01 -8.774657846054109145e-01
1.245819935939789014e+00 5.446082105928679029e-01 -8.713608134801963390e-01
1.218930568030131889e+00 5.414424547739626892e-01 -8.655612774917998964e-01
1.192054515816926008e+00 5.381097054630538112e-01 -8.600921581533751414e-01
1.165240271071371181e+00 5.346141994585661417e-01 -8.549751293711822520e-01
1.138532993669463922e+00 5.309623640405795042e-01 -8.502285574445905825e-01
1.111974714416309906e+00 5.271628035084631181e-01 -8.458674372963647103e-01
1.085606565989892580e+00 5.232261511031129908e-01 -8.419026910447726664e-01
1.059471013791948968e+00 5.191649209353410566e-01 -8.383404666048710485e-01
1.033612058741364415e+00 5.149934945255698615e-01 -8.351820739285286122e-01
1.008075237274169922e+00 5.107281208038328968e-01 -8.324239850044249378e-01
9.829076213435383735e-01 5.063869161097731553e-01 -8.300578338580507642e-01
9.581578184197883097e-01 5.019898641926442417e-01 -8.280704165517072113e-01
9.338759714903809295e-01 4.975588162113094848e-01 -8.264436911845067790e-01
9.101137590599225335e-01 4.931174907342432134e-01 -8.251547778923730148e-01
8.869243951501589729e-01 4.886914737395284258e-01 -8.241759588480400689e-01
8.643617370359930607e-01 4.843080325685201193e-01 -8.234749942924777244e-01
8.424704697968644629e-01 4.799940693025326333e-01 -8.230185990734650847e-01
8.212762904596876412e-01 4.757740740543631164e-01 -8.227759193288382011e-01
8.007850155986950824e-01 4.716699388935602366e-01 -8.227188485661448558e-01
7.809825813354317470e-01 4.677009578464226824e-01 -8.228220276626418972e-01
7.618350433387595100e-01 4.638838268960004396e-01 -8.230628448652962392e-01
7.432885768248551628e-01 4.602326439820945692e-01 -8.234214357907856385e-01
7.252694765572069713e-01 4.567589090012555975e-01 -8.238806834254969180e-01
7.076841568466285537e-01 4.534715238067875687e-01 -8.244262181255279653e-01
6.904191515512384525e-01 4.503767922087428266e-01 -8.250464176166856234e-01
6.733428054913048744e-01 4.474785634713802640e-01 -8.257322796174210167e-01
6.563238805285634969e-01 4.447798108289564012e-01 -8.264760206522182573e-01
6.392501620326878076e-01 4.422842100343625238e-01 -8.272696748358298047e-01
6.220301504251707359e-01 4.399962828675287319e-01 -8.281049664864924553e-01
6.045930611793228771e-01 4.379213971354229962e-01 -8.289733101259253445e-01
5.868888248202720481e-01 4.360657666720518244e-01 -8.298658104793323886e-01
5.688880869249721695e-01 4.344364513384600390e-01 -8.307732624753988437e-01
5.505822081221872777e-01 4.330413570227302222e-01 -8.316861512462946360e-01
5.319832640925035161e-01 4.318892356399836041e-01 -8.325946521276728074e-01
5.131240455683245827e-01 4.309896851323792299e-01 -8.334886306586694049e-01
4.940572366162098716e-01 4.303529518178391133e-01 -8.343577087786869795e-01
4.748463757425684939e-01 4.299877562260145392e-01 -8.351919929920008645e-01
4.555568169993567951e-01 4.298991189342535324e-01 -8.359828025323684519e-01
4.362549082664125555e-01 4.300881629163250119e-01 -8.367227355598106930e-01
4.170079912514538245e-01 4.305521135424189016e-01 -8.374056691606129865e-01
3.978844014900903003e-01 4.312842985791457973e-01 -8.380267593473238463e-01
3.789534683458045672e-01 4.322741481895373550e-01 -8.385824410587565669e-01
3.602855150099646964e-01 4.335071949330460139e-01 -8.390704281599874470e-01
3.419518585018215817e-01 4.349650737655454402e-01 -8.394897134423580098e-01
3.240248096685082180e-01 4.366255220393300274e-01 -8.398405686234725609e-01
3.065776731850403114e-01 4.384623795031147853e-01 -8.401245443471999641e-01
2.896847475543157802e-01 4.404455883020360063e-01 -8.403444701836720876e-01
2.734213251071125894e-01 4.425411929776512654e-01 -8.405044546292864682e-01
2.578636920020993539e-01 4.447113404679376991e-01 -8.406098851067029809e-01
2.430891282258186570e-01 4.469142801072946702e-01 -8.406674279648458370e-01
2.291759075926984579e-01 4.491043636265419914e-01 -8.406850284789040284e-01
2.162032977450490667e-01 4.512320451529202581e-01 -8.406719108503293292e-01
2.042515601530634217e-01 4.532438812100912928e-01 -8.406385782068380719e-01
1.934019501148167564e-01 4.550825307181374235e-01 -8.405968126024102594e-01
1.837367167562669323e-01 4.566867549935622606e-01 -8.405596750172901199e-01
1.753391030312527743e-01 4.579914177492902527e-01 -8.405415053579854412e-01
1.682933457214999540e-01 4.589274850946662987e-01 -8.405579224572683472e-01
1.626846754366121361e-01 4.594220255354568572e-01 -8.406258240741745213e-01
1.585993166140768351e-01 4.593982099738488367e-01 -8.407633868940039834e-01
