-5.079032693263263454e+00 8.903429021208482119e-01 -4.531697992747474868e-01
-4.594188076672899079e+00 8.124590179041988325e-01 -4.140319126488012369e-01
-4.167934548386808657e+00 7.434943791668464641e-01 -3.793060466985016532e-01
-3.796841063706142272e+00 6.830904405551404546e-01 -3.488914597899904213e-01
-3.477481987761432691e+00 6.308639050416231520e-01 -3.226640500442080062e-01
-3.206436634979584976e+00 5.864092038579324928e-01 -3.004785427860586777e-01
-2.980288854292353129e+00 5.493006757115874716e-01 -2.821704134263497421e-01
-2.795626665427487278e+00 5.190944441481067928e-01 -2.675575484457735076e-01
-2.649041951194649247e+00 4.953299919091968539e-01 -2.564416471138584175e-01
-2.537130210347172454e+00 4.775314311343019091e-01 -2.486093665519016893e-01
-2.456490375367736512e+00 4.652084682578635499e-01 -2.438332127387858594e-01
-2.403726687552508512e+00 4.578496916977000675e-01 -2.418663741878555595e-01
-2.375454564341760388e+00 4.549014570193440354e-01 -2.424262995449073532e-01
-2.368295040645062244e+00 4.557894261665761393e-01 -2.452119399370293606e-01
-2.378873717872008076e+00 4.599228002140690053e-01 -2.499072318861316477e-01
-2.403821558056576269e+00 4.666917056069932457e-01 -2.561791896027593718e-01
-2.439775444033193796e+00 4.754655041426633089e-01 -2.636767418867518309e-01
-2.483378489557986679e+00 4.855920292959576834e-01 -2.720303048905638454e-01
-2.531280083093596200e+00 4.963977513408981967e-01 -2.808520818619708592e-01
-2.580135649672568920e+00 5.071888736957812505e-01 -2.897370810096470128e-01
-2.626606116818837489e+00 5.172533630313974617e-01 -2.982648428381446393e-01
-2.667356441272964229e+00 5.258661272149225407e-01 -3.060035746807938106e-01
-2.699052479856086872e+00 5.322997795457156123e-01 -3.125185362681947021e-01
-2.718361367241980187e+00 5.358229698520282636e-01 -3.173707712089130495e-01
-2.721950588830885476e+00 5.357032637988623502e-01 -3.201193415614879134e-01
-2.706486242831429578e+00 5.312127752903426092e-01 -3.203256430371322905e-01
-2.669536394789343792e+00 5.218348383834399140e-01 -3.176595851196750142e-01
-2.612284675904251507e+00 5.078724366698367243e-01 -3.122099113640106616e-01
-2.536813148757262493e+00 4.898507886971454339e-01 -3.041837373288680535e-01
-2.445197431606625393e+00 4.683157727285661154e-01 -2.938042309812430308e-01
-2.339507452897465978e+00 4.438318901548909956e-01 -2.813089297200250249e-01
-2.221806345252567372e+00 4.169854892371610000e-01 -2.669558510352753600e-01
-2.094146493728503255e+00 3.883963462226329710e-01 -2.510416571038023847e-01
-1.958578881888137779e+00 3.586925832835773931e-01 -2.338676406603529268e-01
-1.817157022399942257e+00 3.284999981062720620e-01 -2.157269448709437099e-01
-1.671938453076947884e+00 2.984378172019792608e-01 -1.969013536047596880e-01
-1.525190402017711833e+00 2.691209137601604517e-01 -1.776924144055899435e-01
-1.380004264992815921e+00 2.411719588983894658e-01 -1.585192960223818504e-01
-1.239684017624222090e+00 2.151935106784647334e-01 -1.398140838844374456e-01
-1.107542740629195777e+00 1.917560448106045701e-01 -1.219867405026721502e-01
-9.869031740303965128e-01 1.713932098392410563e-01 -1.054249577462156029e-01
-8.810979994695146145e-01 1.545975591022802076e-01 -9.049500242456828825e-02
-7.934698584953622236e-01 1.418167802580131975e-01 -7.754355090541018014e-02
-7.273712146550942448e-01 1.334500443184335750e-01 -6.690021686094976827e-02
-6.861639361700183626e-01 1.298450261311412390e-01 -5.888116074771573838e-02
-6.732186488306874939e-01 1.312954670835141946e-01 -5.379367015133793006e-02
-6.904002723265524333e-01 1.377872861660216219e-01 -5.178808296138509570e-02
-7.335191978349815400e-01 1.482778444095168013e-01 -5.241245604036122441e-02
-7.968590568776134919e-01 1.615182496261857448e-01 -5.509205444326189388e-02
-8.746880614150009947e-01 1.763208004673138263e-01 -5.928309502774661149e-02
-9.612588545934828144e-01 1.915649865555155429e-01 -6.446862813946951931e-02
-1.050808736128080234e+00 2.062026388774337859e-01 -7.015275500570652967e-02
-1.137560250662559280e+00 2.192622021866618975e-01 -7.585317878714735451e-02
-1.215722079135016065e+00 2.298523263355939927e-01 -8.109222495269280406e-02
-1.279490255135506294e+00 2.371646653357769308e-01 -8.538626525713567672e-02
-1.323049698808963948e+00 2.404759218814121469e-01 -8.823356725917155807e-02
-1.342428064954816147e+00 2.394485976313751596e-01 -8.928552713678143682e-02
-1.341060975786770637e+00 2.349767870154563509e-01 -8.890074152949589692e-02
-1.324249074030064977e+00 2.281938654040544523e-01 -8.761118429960100540e-02
-1.297306555481317680e+00 2.201573203136563683e-01 -8.595023952505891074e-02
-1.265559439517710993e+00 2.118466933253520812e-01 -8.446476210650184779e-02
-1.234344070077037614e+00 2.041620984870988198e-01 -8.371982917951756309e-02
-1.209006413013306025e+00 1.979234715834933822e-01 -8.428886718676835421e-02
-1.194897740344308179e+00 1.938705060267209568e-01 -8.679655567172241126e-02
-1.197371703391768349e+00 1.926631308793536890e-01 -9.193864667467913088e-02
-1.221782100067559940e+00 1.948826601115308255e-01 -1.004895809918535804e-01
-1.271523055105824085e+00 2.007408419068548999e-01 -1.130441614546425499e-01
-1.342152466518945486e+00 2.092615040746186872e-01 -1.291787452951761450e-01
-1.427263133981566678e+00 2.192616680842559285e-01 -1.481439553967562606e-01
-1.520443200898773828e+00 2.296588915231539962e-01 -1.691038270636834040e-01
-1.615279316353572581e+00 2.394702904256195697e-01 -1.911276753637690395e-01
-1.705359532293751590e+00 2.478104726257826795e-01 -2.131854871106068916e-01
-1.784275852741634694e+00 2.538882654651545279e-01 -2.341467522612664665e-01
-1.845626355195653767e+00 2.570020833290399542e-01 -2.527826340571379671e-01
-1.883016792691667218e+00 2.565338415972420738e-01 -2.677714025086966876e-01
-1.890061595012024087e+00 2.519412978700329986e-01 -2.777070447981818124e-01
-1.862838621880713141e+00 2.430640549933336669e-01 -2.815777237824454438e-01
-1.807247737816904065e+00 2.309990714386709332e-01 -2.802424917218124256e-01
-1.731638496000428740e+00 2.170472430137502517e-01 -2.751459842612550277e-01
-1.644352849971288277e+00 2.023906776037562028e-01 -2.678612181574137607e-01
-1.553724202646308283e+00 1.881033641686395419e-01 -2.600786447238140897e-01
-1.468077459478347446e+00 1.751642262812550532e-01 -2.535911837068533514e-01
-1.395730142279706376e+00 1.644726451495172881e-01 -2.502753053426807206e-01
-1.344994596087973227e+00 1.568664944246271897e-01 -2.520682018645179490e-01
-1.324181288315913418e+00 1.531427156650584098e-01 -2.609410619950534027e-01
-1.341603167726303392e+00 1.540804045636645914e-01 -2.788684241511756312e-01
-1.402562654385925756e+00 1.601308883925791349e-01 -3.071162153900922620e-01
-1.500302742614363138e+00 1.704623900297277395e-01 -3.441599344031301966e-01
-1.625064196027452113e+00 1.840128733363097235e-01 -3.876870795762350497e-01
-1.767100494176613967e+00 1.998099227782012544e-01 -4.352984722601583867e-01
-1.916672708841977713e+00 2.169438949330615707e-01 -4.845429463199248943e-01
-2.064039171932002592e+00 2.345255741736202992e-01 -5.329780182964620749e-01
-2.199433256785388036e+00 2.516081100187280151e-01 -5.782893969235757270e-01
-2.313063923813674982e+00 2.671802389424550173e-01 -6.182906938110215300e-01
-2.395114358188735526e+00 2.801514382265619663e-01 -6.509413564150972054e-01
-2.435739041797574611e+00 2.893314361336923879e-01 -6.743763901448882603e-01
-2.427943948592520051e+00 2.937391670496661278e-01 -6.874139573783365487e-01
-2.376240160528013234e+00 2.936026113327394049e-01 -6.909456888238948435e-01
-2.288017884937382895e+00 2.894552527134529596e-01 -6.863362920750019081e-01
-2.170670524747847718e+00 2.818395860782882956e-01 -6.748895070251186290e-01
-2.031597088289054387e+00 2.713243603192014852e-01 -6.578206227975051945e-01
-1.878203705348928887e+00 2.585187372007549667e-01 -6.362338885810280287e-01
-1.717904328443045081e+00 2.440834669914163091e-01 -6.111048574854343052e-01
-1.558120736381463978e+00 2.287392244502590155e-01 -5.832677178381511229e-01
-1.406281974750194452e+00 2.132722856060382255e-01 -5.534077110549917577e-01
-1.269823391603818852e+00 1.985377497599340180e-01 -5.220587300403728426e-01
-1.154784062224749386e+00 1.853400728582565438e-01 -4.898807175304678019e-01
-1.061610706146228544e+00 1.740656508378396194e-01 -4.585364110898173529e-01
-9.893767012048828580e-01 1.650323115535669294e-01 -4.299555243822864026e-01
-9.371835402505737100e-01 1.586034956486207792e-01 -4.060779537106372072e-01
-9.041574759318871113e-01 1.551815375760705606e-01 -3.888598570440732205e-01
-8.894450557190234363e-01 1.551992390573587177e-01 -3.802797170521362569e-01
-8.922075391052869398e-01 1.591096961297422396e-01 -3.823444492700161512e-01
-9.116141879574556350e-01 1.673743126649795965e-01 -3.970955846817771917e-01
-9.468343992471069948e-01 1.804489695384519365e-01 -4.266155395722694976e-01
-9.970286476582623791e-01 1.987682872726735661e-01 -4.730339418484091341e-01
-1.060695645318614488e+00 2.224163716683518754e-01 -5.373402840846517314e-01
-1.133725486164880225e+00 2.501482416837649270e-01 -6.158195167430118300e-01
-1.211313562355380125e+00 2.802817152985798699e-01 -7.036450086751699917e-01
-1.288615159912830821e+00 3.110280726583738997e-01 -7.960519587596228686e-01
-1.360762840033448162e+00 3.405246674956691755e-01 -8.883080642289388207e-01
-1.422894994656643153e+00 3.668943332246073497e-01 -9.756581051479570332e-01
-1.470210497675911610e+00 3.883647689798617186e-01 -1.053215013411828105e+00
-1.497973548856859294e+00 4.032660509144138095e-01 -1.115976155029619665e+00
-1.501523692716606018e+00 4.100438333092636944e-01 -1.158818378618073242e+00
-1.476290679900274627e+00 4.072848424349447827e-01 -1.176480126368792956e+00
-1.419618252027576188e+00 3.943239931142374921e-01 -1.165375144378217875e+00
-1.336163104399802792e+00 3.729595430636355458e-01 -1.129127373015671898e+00
-1.232376265723487796e+00 3.455702417597923404e-01 -1.073222067544326253e+00
-1.114660006195092201e+00 3.144732799961765246e-01 -1.003231374842076917e+00
-9.893483927761301810e-01 2.818883933281340348e-01 -9.248448889257943062e-01
-8.626906420384412577e-01 2.499087367191025200e-01 -8.438929526222958000e-01
-7.408373843284855598e-01 2.204786699518665738e-01 -7.663628755318818708e-01
-6.298299901333834772e-01 1.953786541704636837e-01 -6.984083352430210390e-01
-5.355931668325603079e-01 1.762174566988422286e-01 -6.463522869944521299e-01
-4.639310357681412644e-01 1.644319076952646119e-01 -6.166837727806449010e-01
-4.188239066816290546e-01 1.607931299008411308e-01 -6.141838523720839493e-01
-3.973875954441909442e-01 1.640046878150584198e-01 -6.362343864555620732e-01
-3.951023997279598521e-01 1.723743814407688868e-01 -6.782585809774769325e-01
-4.075388812245453463e-01 1.843461633800038135e-01 -7.355611830750966584e-01
-4.303618463018624163e-01 1.985028071321742749e-01 -8.033286799000590728e-01
-4.593313273377150341e-01 2.135624540831237428e-01 -8.766334928819989880e-01
-4.903004224970269886e-01 2.283688855270110396e-01 -9.504418389511315457e-01
-5.192098979630477285e-01 2.418753841779448799e-01 -1.019624951550902159e+00
-5.420794553132763927e-01 2.531220753111677046e-01 -1.078973422464270859e+00
-5.549956190412836943e-01 2.612066656721388491e-01 -1.123214488415807288e+00
-5.550974311706267095e-01 2.656206618888343196e-01 -1.148554107518192646e+00
-5.435293805123267985e-01 2.673048865668208873e-01 -1.157291066912019328e+00
-5.223736623588606243e-01 2.674826530381471112e-01 -1.153304813048724897e+00
-4.936473858469493381e-01 2.672983478196625517e-01 -1.140531137713441945e+00
-4.593127440016236962e-01 2.678405821258917907e-01 -1.122950041807696087e+00
-4.212803377233788060e-01 2.701513241423355582e-01 -1.104579967000606677e+00
-3.813975727804885807e-01 2.752048966930223939e-01 -1.089484102886076000e+00
-3.414946324874063022e-01 2.840036101626014498e-01 -1.081725480534339923e+00
-3.034080675360476542e-01 2.976282046384250424e-01 -1.085343251449665258e+00
-2.689926170452379695e-01 3.172648378925698731e-01 -1.104338963258993944e+00
-2.396413943188768769e-01 3.439130354175462534e-01 -1.141603334765437516e+00
-2.148186335598650798e-01 3.774096239383900597e-01 -1.195740752732792123e+00
-1.935158443599593880e-01 4.172860493149213035e-01 -1.264280845546712717e+00
-1.747307852471948475e-01 4.630517100796064378e-01 -1.344752446114588773e+00
-1.574589702225702992e-01 5.141749346054329539e-01 -1.434692976980772583e+00
-1.406864945582587123e-01 5.700662935521711994e-01 -1.531657275626726600e+00
-1.233841948718948645e-01 6.300642659614639207e-01 -1.633225862496353598e+00
-1.045031056153688381e-01 6.934232539132428874e-01 -1.737012620899837323e+00
-8.297121812459064272e-02 7.593039469743385617e-01 -1.840671810298443845e+00
-5.769150657440658136e-02 8.267660196997490551e-01 -1.941904311711261100e+00
-2.770978163666393268e-02 8.948953193180694266e-01 -2.038504235647541130e+00
7.282589230515612577e-03 9.632060758350358132e-01 -2.128474177282026591e+00
4.745978679722269444e-02 1.031258672790282160e+00 -2.209881408271423986e+00
9.302983729244980460e-02 1.098531384941104916e+00 -2.280814288364672926e+00
1.442326049169063151e-01 1.164424008523746279e+00 -2.339382674937468209e+00
2.013369387493781359e-01 1.228263262687753210e+00 -2.383717846071561564e+00
2.646370038362086397e-01 1.289309968724705602e+00 -2.411971807119676736e+00
3.344480471482358386e-01 1.346767913914348247e+00 -2.422315890953786521e+00
4.111014718725642947e-01 1.399794470722791173e+00 -2.412938517223851775e+00
4.949392973326133260e-01 1.447512959290165879e+00 -2.382042030590666215e+00
5.858817473333770565e-01 1.488929611908289763e+00 -2.328702332784775564e+00
6.821132380418734042e-01 1.522716939162203964e+00 -2.255447317208277180e+00
7.813085454549246744e-01 1.547617494522112835e+00 -2.165644891371570679e+00
8.810539692262144840e-01 1.562554865983207364e+00 -2.062628962102588837e+00
9.788511581854065779e-01 1.566628864619530104e+00 -1.949691778110051121e+00
1.072113270083851377e+00 1.559129352919574218e+00 -1.830064056273395190e+00
1.158148216666636809e+00 1.539581679398084768e+00 -1.706873173729424709e+00
1.234201028935159927e+00 1.507650822632292220e+00 -1.583187374868126218e+00
1.297473222860533681e+00 1.463100181842952097e+00 -1.462032663940535215e+00
1.345132133056689216e+00 1.405774368118095197e+00 -1.346396885167140844e+00
1.375265145769092978e+00 1.336088893401855993e+00 -1.238710339437611108e+00
1.389752704507961845e+00 1.256488263044814424e+00 -1.139287396682626463e+00
1.391488240950637056e+00 1.169837652081927359e+00 -1.047922012935026626e+00
1.383438760543970636e+00 1.078905114280517719e+00 -9.644218922476381906e-01
1.368641753060178878e+00 9.863637960931889159e-01 -8.886147919863380817e-01
1.350201274692667486e+00 8.947953141680375921e-01 -8.203533216414098383e-01
1.331283264767226804e+00 8.066943163630228009e-01 -7.595182764833601219e-01
1.315110143394710773e+00 7.244742746535761668e-01 -7.060205461950974648e-01
1.304954751936037827e+00 6.504744996885476471e-01 -6.598016737786583930e-01
1.304133668715206529e+00 5.869684165068771442e-01 -6.208331174002246211e-01
1.314989773959040820e+00 5.354896776418170967e-01 -5.889278980723887669e-01
1.335834823865299281e+00 4.948237638045979714e-01 -5.631684879447858005e-01
1.363942511007941061e+00 4.631185544601369997e-01 -5.424462811693878672e-01
1.396554908364745051e+00 4.385740871680581243e-01 -5.256450764701532385e-01
1.430884476340150258e+00 4.194389526845219707e-01 -5.116417200399620002e-01
1.464116512618295118e+00 4.040051404639652399e-01 -4.993076501656601440e-01
1.493412037744078047e+00 3.906013171172245113e-01 -4.875112931661617632e-01
1.515911104857011082e+00 3.775845291081739163e-01 -4.751213061626350376e-01
1.528736568974922827e+00 3.633303049040614852e-01 -4.610105824508478056e-01
1.528998346004648567e+00 3.462211530708569907e-01 -4.440609730568221281e-01
1.514796298656028828e+00 3.250875219289389162e-01 -4.234957249945149327e-01
1.488225026942853191e+00 3.005482002947119091e-01 -3.998606014951221477e-01
1.452390922557915687e+00 2.736320104964190536e-01 -3.740331130805051307e-01
1.410413569340018380e+00 2.453322689912290910e-01 -3.468885128893599568e-01
1.365423236730463730e+00 2.166199459961888896e-01 -3.192933000488225037e-01
1.320558745609375251e+00 1.884452816610062142e-01 -2.921035057551790715e-01
1.278965075244885119e+00 1.617180039824327453e-01 -2.661714422316430739e-01
1.243785467250924315e+00 1.373686389375625982e-01 -2.423207107939863991e-01
1.218157073450056416e+00 1.163762332943201194e-01 -2.213351235422489072e-01
1.205207755478526988e+00 9.977979137024321765e-02 -2.039543210207828416e-01
1.207420875880386157e+00 8.831874237512223058e-02 -1.906621255192468278e-01
1.224742707769288064e+00 8.131560951251234903e-02 -1.810712593879759136e-01
1.256490385881400718e+00 7.774969379454435559e-02 -1.745703751718057917e-01
1.301988272835598037e+00 7.661413133857983282e-02 -1.705395154871772456e-01
1.360570328882400259e+00 7.690853357463346696e-02 -1.683545278061311101e-01
1.431581983374061506e+00 7.763198744699438547e-02 -1.673914840078129518e-01
1.514381521335440350e+00 7.777641111416949693e-02 -1.670311346946415920e-01
1.608340992683904958e+00 7.632022639314796353e-02 -1.666634043170595880e-01
1.712846632610138364e+00 7.222236865150981344e-02 -1.656919806165614850e-01
1.827298777189394041e+00 6.441662194576561196e-02 -1.635390312397763113e-01
1.950286545967328644e+00 5.223262301433404670e-02 -1.597208810371223697e-01
2.077096871206827178e+00 3.663420592501923784e-02 -1.540955261541155641e-01
2.202161815859103644e+00 1.887675755533274602e-02 -1.467018119832758372e-01
2.319882758325131800e+00 7.751060002004041619e-05 -1.376869274566420998e-01
2.424634507334189504e+00 -1.877376250850044948e-02 -1.272940801368372399e-01
2.510769694184167733e+00 -3.679912970335327133e-02 -1.158476580284245605e-01
2.572623271299456782e+00 -5.321193500330152065e-02 -1.037358447887475332e-01
2.604516987664781347e+00 -6.729150775611478230e-02 -9.139075214165048866e-02
2.600763788361376783e+00 -7.835302962075693656e-02 -7.926587992752920364e-02
2.555672151132416303e+00 -8.571266922931981835e-02 -6.781080152008345241e-02
2.466251355161062531e+00 -8.902636493194339418e-02 -5.743354909362685667e-02
2.340324841576999493e+00 -8.933667193376632065e-02 -4.841192914733588593e-02
2.188437352260371505e+00 -8.785299139556744519e-02 -4.086592777874145654e-02
2.021149199537191521e+00 -8.560144780171245749e-02 -3.478930019272558072e-02
1.849029909794702498e+00 -8.347665084166085159e-02 -3.008688203947765261e-02
1.682653414599733388e+00 -8.228109915365663940e-02 -2.660420349828843123e-02
1.532595501876143240e+00 -8.274619386868946325e-02 -2.414517851491337908e-02
1.409424252652830667e+00 -8.568774825539375584e-02 -2.257259765079613900e-02
1.323693492682044504e+00 -9.208643775344599325e-02 -2.186550639349252312e-02
1.285936979266590008e+00 -1.031346805817310308e-01 -2.215765659911014818e-02
1.303173921435702987e+00 -1.198821702367709047e-01 -2.373207101643937111e-02
1.368449665636879198e+00 -1.419911771288330793e-01 -2.685592495166269633e-02
1.471318755183018911e+00 -1.687319083197900138e-01 -3.176225682754374446e-02
1.601341575551104235e+00 -1.992975182750057750e-01 -3.863018264808187885e-02
1.748091254755197888e+00 -2.327543281209868420e-01 -4.754425889492591706e-02
1.901161157886122055e+00 -2.680004471343909178e-01 -5.845796729329655328e-02
2.050172934033346994e+00 -3.037326960193624803e-01 -7.116156342358648246e-02
2.184784978961618496e+00 -3.384215832632608278e-01 -8.525452081609946609e-02
2.294701062906162381e+00 -3.702941634348040356e-01 -1.001229425414098539e-01
2.369678803696766867e+00 -3.973244895199484206e-01 -1.149222879426188837e-01
2.402720313825588594e+00 -4.178760088151689533e-01 -1.287230435196924927e-01
2.399590727966151693e+00 -4.327823047441455295e-01 -1.411147834476956242e-01
2.369206108493004059e+00 -4.436734017620910797e-01 -1.519834694551227827e-01
2.320434391008737496e+00 -4.523783755048820798e-01 -1.614047337442187369e-01
2.262088272752646567e+00 -4.609313598102160459e-01 -1.696557078825419451e-01
2.202919439222979836e+00 -4.715717213806566166e-01 -1.772211426025692704e-01
2.151614515090712221e+00 -4.867388067088618264e-01 -1.847935777885859610e-01
2.116793196781804554e+00 -5.090614084189469812e-01 -1.932671660896445598e-01
2.107008877901208166e+00 -5.413425876695745487e-01 -2.037251614444617054e-01
2.130752122796899517e+00 -5.865401478356691012e-01 -2.174208951143599688e-01
2.193473387596358126e+00 -6.467533744100514292e-01 -2.354415592915372613e-01
2.288689804443021281e+00 -7.201215057894347904e-01 -2.576201078751418905e-01
2.407028948990792117e+00 -8.035996047408529019e-01 -2.832351397505404322e-01
2.539224961115867263e+00 -8.939380659281318531e-01 -3.113038423655055120e-01
2.676114391523829905e+00 -9.877050658507773306e-01 -3.406051683754929282e-01
2.808617429888558892e+00 -1.081332078011957520e+00 -3.697342003936810451e-01
2.927686904703355353e+00 -1.171207300429122800e+00 -3.972226589501846039e-01
3.024312885754159907e+00 -1.253657728368380075e+00 -4.215284878085367448e-01
3.089517020929233748e+00 -1.324956796902093226e+00 -4.410525954540847060e-01
3.114338624369937136e+00 -1.381346858581519177e+00 -4.541739374998455814e-01
3.092734383982885582e+00 -1.420148846681185129e+00 -4.596994317632819849e-01
3.030286674314214057e+00 -1.443084233607868860e+00 -4.581800273770969545e-01
2.935432275051952811e+00 -1.453065294181685507e+00 -4.507188852104800358e-01
2.816556298983969420e+00 -1.453091823873190469e+00 -4.385317509925789614e-01
2.682004405004367431e+00 -1.446228928310932638e+00 -4.229147644041095777e-01
2.540094430923864444e+00 -1.435587030935774999e+00 -4.052143662760591125e-01
2.399127299168814620e+00 -1.424303896076766662e+00 -3.867993870620608510e-01
2.267397081875637710e+00 -1.415528490951755147e+00 -3.690353705222907399e-01
2.153200116880336079e+00 -1.412406572960956064e+00 -3.532611880993620224e-01
2.064843098761243834e+00 -1.418067902560767868e+00 -3.407679724621665018e-01
2.008308595155559484e+00 -1.434621726091166005e+00 -3.324138269051793992e-01
1.980229402843304509e+00 -1.460172426696229042e+00 -3.275383069091530874e-01
1.974900143805531139e+00 -1.491808465693223340e+00 -3.251158861037998227e-01
1.986610299862898499e+00 -1.526606010178096717e+00 -3.241464929326831612e-01
2.009637779604424246e+00 -1.561637965100261871e+00 -3.236716783060785696e-01
2.038243501521342704e+00 -1.593982052553940099e+00 -3.227888742700412150e-01
2.066667014605368724e+00 -1.620727923442352392e+00 -3.206637411489853817e-01
2.089123128656352968e+00 -1.638983311630696438e+00 -3.165406425719903827e-01
2.099799586291260400e+00 -1.645879151137560559e+00 -3.097512312404179791e-01
2.092855763974127647e+00 -1.638573604478331447e+00 -2.997211678502997856e-01
2.063941839483767637e+00 -1.615120588177299421e+00 -2.861866514733564237e-01
2.014772429700934619e+00 -1.577055289378021419e+00 -2.697813030981005555e-01
1.948595720731145065e+00 -1.526773036059611455e+00 -2.513090776150270766e-01
1.868680400181592649e+00 -1.466657104151649849e+00 -2.315127606156660300e-01
1.778317779662599296e+00 -1.399075787130566351e+00 -2.110677129115206829e-01
1.680825934033889801e+00 -1.326376900756833788e+00 -1.905741259380792363e-01
1.579557368625679858e+00 -1.250878037676873777e+00 -1.705463300132241122e-01
1.477888051833137428e+00 -1.174877623516166425e+00 -1.514213048674861728e-01
1.379213604766124979e+00 -1.100657985921370763e+00 -1.335604364362774077e-01
1.286948466863846230e+00 -1.030485007051527679e+00 -1.172487798648579327e-01
1.203896133859967188e+00 -9.662251318814985002e-01 -1.026457698375929095e-01
1.130356015046900309e+00 -9.082033592713655290e-01 -8.966286748304218290e-02
1.065999068938322747e+00 -8.563624728325320845e-01 -7.815524383098360062e-02
1.010494931209913405e+00 -8.106473506094656889e-01 -6.797804988608709131e-02
9.635117571931740565e-01 -7.710049853283597043e-01 -5.898729793455580878e-02
9.247160705525028224e-01 -7.373845222362441776e-01 -5.104072319296143467e-02
8.937726180032310452e-01 -7.097373132453942413e-01 -4.399862619838200428e-02
8.703442320757927009e-01 -6.880169829963316275e-01 -3.772469749834908570e-02
8.540916993652415412e-01 -6.721795080119955523e-01 -3.208682374279747673e-02
8.446736346011175511e-01 -6.621833060637443147e-01 -2.695787605307217033e-02
8.413881649087705528e-01 -6.576456049280426930e-01 -2.220610450542614273e-02
8.420947752421383825e-01 -6.568144933276508501e-01 -1.768297051060165395e-02
8.442834011318377518e-01 -6.576054179006601830e-01 -1.328533614642971039e-02
8.454331327261020990e-01 -6.579451332234488303e-01 -8.967573145744082985e-03
8.430137563558475211e-01 -6.557708811344439281e-01 -4.738044174219753490e-03
8.344873803754194741e-01 -6.490293099305026736e-01 -6.550409636759749188e-04
8.173101403609760451e-01 -6.356751221676314456e-01 3.177818949559083062e-03
7.889339868009097589e-01 -6.136694332390251194e-01 6.616725287318644955e-03
7.468085452217817499e-01 -5.809778440738241345e-01 9.483346877043177803e-03
6.883830469646512462e-01 -5.355682248651095767e-01 1.157104141909136991e-02
6.124429676276509360e-01 -4.764678152838662806e-01 1.268023278842666385e-02
5.231197499567898923e-01 -4.069333840787808243e-01 1.275093378891059906e-02
4.258928954409254564e-01 -3.312621388754848351e-01 1.184498967744293876e-02
3.262527025366129818e-01 -2.537342456279978453e-01 1.011670805523237626e-02
2.296962721394379403e-01 -1.786173502323481488e-01 7.800261885911987172e-03
1.417235890073808846e-01 -1.101713916809347604e-01 5.196708679638857749e-03
6.783298109047330993e-02 -5.265468482604437894e-02 2.658242513739264134e-03
1.351525815629614491e-02 -1.033230199092693459e-02 5.672531770760073791e-04
-1.574903429370283839e-02 1.251976964442632831e-02 -6.746711566652643715e-04
-1.449102097583796281e-02 1.161231901385007328e-02 -6.537398036035496672e-04
2.059450136702745821e-02 -1.567650964513078726e-02 9.510928509249793033e-04
8.419932286383903508e-02 -6.525196366005971138e-02 4.039122130129128851e-03
1.688660923329614594e-01 -1.313376856823521566e-01 8.350023553936110343e-03
2.671444899968473119e-01 -2.081512883504841316e-01 1.357141679203558923e-02
3.715939463301214385e-01 -2.899003732097527042e-01 1.935052150371066940e-02
4.747852399320195982e-01 -3.707800920720216165e-01 2.530272130226590005e-02
5.693009831451582015e-01 -4.449722783212273214e-01 3.101703311174582034e-02
6.477350064108924332e-01 -5.066461621263118609e-01 3.605847500137897982e-02
7.026906498591281025e-01 -5.499606808023892457e-01 3.996732355626462369e-02
7.267779727362851938e-01 -5.690683917380686685e-01 4.225525073978177865e-02
7.150694753936979176e-01 -5.600521530635775846e-01 4.254133785316323302e-02
6.724711572581136831e-01 -5.267277065219987398e-01 4.099579625548279566e-02
6.063360033452618314e-01 -4.748573164359426446e-01 3.794716352184806379e-02
5.240048202265721322e-01 -4.102174726558819318e-01 3.374519631387118412e-02
4.328088224804979012e-01 -3.385953315689780307e-01 2.876413641641114780e-02
3.400732698523601938e-01 -2.657835654934215253e-01 2.340908610854783301e-02
2.531221320877072856e-01 -1.975735986861489879e-01 1.812549602585671743e-02
1.792837524355123391e-01 -1.397471955300359225e-01 1.341176283289596295e-02
1.258974720864836916e-01 -9.806635241450777085e-02 9.834929008004911904e-03
1.003211705775376300e-01 -7.826142446433889677e-02 8.049466785523373691e-03
1.078623040151803353e-01 -8.439191039680785100e-02 8.666108429710639091e-03
1.455441274814957830e-01 -1.139734524285494210e-01 1.176582444382868672e-02
2.083219930570889278e-01 -1.628805572451486050e-01 1.727905000522907825e-02
2.911542730770589893e-01 -2.269812797100427548e-01 2.511813509031601138e-02
3.889974011258874875e-01 -3.021439471340988669e-01 3.516586788515432827e-02
4.967984997315057494e-01 -3.842481103160597655e-01 4.725632098947865622e-02
6.094807990071605674e-01 -4.692084709705058865e-01 6.113268990003196263e-02
7.219373063388065948e-01 -5.529868915012492447e-01 7.642909286064347718e-02
8.290265814654547150e-01 -6.316019300009286797e-01 9.265812284099105012e-02
9.255692246253760525e-01 -7.011380608853226004e-01 1.092000326459176274e-01
1.007259346150046087e+00 -7.584525464283040641e-01 1.253822587132020772e-01
1.073416060143588480e+00 -8.032589006990386027e-01 1.407756160445192695e-01
1.124266002624819460e+00 -8.359913981622012491e-01 1.550138589868384764e-01
1.160035508565431250e+00 -8.570968181235446570e-01 1.677257634588175672e-01
1.180952896787778261e+00 -8.670307198944203764e-01 1.785423298627246691e-01
1.187250458662150843e+00 -8.662535538389961598e-01 1.871035770180690672e-01
1.179166155787903847e+00 -8.552266178149076081e-01 1.930649164489671721e-01
1.156945033936949363e+00 -8.344078788557713899e-01 1.961031087703621334e-01
1.120840370643574335e+00 -8.042476834615988057e-01 1.959217920682217728e-01
1.071114575543295588e+00 -7.651843885570785986e-01 1.922565858657801219e-01
1.008459531876770177e+00 -7.178981715318721868e-01 1.850022982540113214e-01
9.352586786419274656e-01 -6.640715040406520719e-01 1.745963274680339128e-01
8.543322434744665683e-01 -6.055957779568300614e-01 1.616709769691210830e-01
7.685169056386655928e-01 -5.443131768874348575e-01 1.469273756271150533e-01
6.806640571971518394e-01 -4.820214281064366668e-01 1.311264100521842557e-01
5.936377393594637342e-01 -4.204805663064856147e-01 1.150774821337394865e-01
5.103122614316882855e-01 -3.614217294745048492e-01 9.962511195408434161e-02
4.335694852357200313e-01 -3.065579812445319852e-01 8.563339565354433081e-02
3.662957378679805309e-01 -2.575971193126198600e-01 7.396829265948580423e-02
3.113782825974988899e-01 -2.162563972740527696e-01 6.547770615055945043e-02
2.708005575623885219e-01 -1.837280740788231337e-01 6.071909863516631450e-02
2.429361090471466589e-01 -1.590368338410179938e-01 5.919882098295033146e-02
2.252499006334041098e-01 -1.406849320387585645e-01 6.013958083786685727e-02
2.152006740689913489e-01 -1.271915436924657139e-01 6.274627689701563205e-02
2.102431509160450074e-01 -1.170799605907533597e-01 6.622187536219971415e-02
2.078312043951540955e-01 -1.088600578028470905e-01 6.978889969826471140e-02
2.054218426029775502e-01 -1.010028074489494471e-01 7.271897402203922334e-02
2.004767371256160891e-01 -9.193370403373576916e-02 7.434111033249046763e-02
1.904662323640303190e-01 -8.002294197634526873e-02 7.405713184781635705e-02
1.728739714083547263e-01 -6.357585044921654216e-02 7.135770989076672954e-02
1.459837475046788513e-01 -4.134899956193612697e-02 6.603520397917811424e-02
1.112196387503668893e-01 -1.415312460119401081e-02 5.873428473987038489e-02
7.077958439089439280e-02 1.664173955695678886e-02 5.024418903183600765e-02
2.684644977229247789e-02 4.961032013257114098e-02 4.126997782293502504e-02
-1.841597280103011297e-02 8.326581597414643710e-02 3.242067687512162344e-02
-6.286666229565784914e-02 1.160564057075956085e-01 2.420062318530650375e-02
-1.043905922455574398e-01 1.463643481912577926e-01 1.700413128062284313e-02
-1.409012864015782851e-01 1.725074402617358671e-01 1.111359662608216170e-02
-1.703425092685878217e-01 1.927425748549458917e-01 6.701149853468549300e-03
-1.906888932325215003e-01 2.052711322194163968e-01 3.833962801012525193e-03
-2.005386982886472325e-01 2.087838268533187824e-01 2.410496101631342050e-03
-2.008740449460937882e-01 2.041093662596698832e-01 2.010783508447104226e-03
-1.932466744444807094e-01 1.926522083134965257e-01 2.222297950453450133e-03
-1.791778360653129565e-01 1.758604681013123394e-01 2.729014884586159623e-03
-1.601570929666765453e-01 1.552234521989341864e-01 3.310149604077735393e-03
-1.376423573450656357e-01 1.322683105815815607e-01 3.835824514254092699e-03
-1.130612739930357824e-01 1.085560063920879004e-01 4.259644953622602689e-03
-8.781405312918665051e-02 8.567676482525966863e-02 4.608172497519900067e-03
-6.327781334639875910e-02 6.524513063032923166e-02 4.967290438756908483e-03
-4.081247356413075789e-02 4.889469752042751444e-02 5.465463373077577777e-03
-2.171825453701297162e-02 3.804147038456096031e-02 6.233342793854195277e-03
-7.097925975108296780e-03 3.318446592885795909e-02 7.315264913688583268e-03
1.981009788543136758e-03 3.459180054186639791e-02 8.704804960890273613e-03
4.431837376425630352e-03 4.252445683631735779e-02 1.035058181550699979e-02
-8.548071277708519126e-04 5.722794010948332316e-02 1.214210872990437694e-02
-1.501319099050781904e-02 7.892235300019746769e-02 1.389660319579970674e-02
-3.919956357055042612e-02 1.077924100485850162e-01 1.535604318853914414e-02
-7.459078030534224690e-02 1.439816213245411758e-01 1.618472955798858082e-02
-1.223820641945179838e-01 1.875867112204398779e-01 1.596865988894678734e-02
-1.837836762972114291e-01 2.386521745960694385e-01 1.421706221164531492e-02
-2.591595264103379037e-01 2.966779192695475631e-01 1.040705344261366565e-02
-3.454370297880511864e-01 3.591811889902322141e-01 4.169757102246414091e-03
-4.386491035528133353e-01 4.232175742543041186e-01 -4.714206660128724552e-03
-5.347784135739584999e-01 4.858975115043261406e-01 -1.630417016371416006e-02
-6.297499465254221551e-01 5.444088158431720226e-01 -3.046576802391019051e-02
-7.194267008256653995e-01 5.960382783954478736e-01 -4.684416737850727319e-02
-7.996083846413868379e-01 6.381919685492284389e-01 -6.484417237753346830e-02
-8.660329285670749222e-01 6.684137724626419974e-01 -8.361716321635774551e-02
-9.143805504305536624e-01 6.844016168877733453e-01 -1.020547572209836718e-01
-9.402800481524730136e-01 6.840207714592334565e-01 -1.187890323115637775e-01
-9.409614160292433249e-01 6.663307074203431712e-01 -1.324360756559428975e-01
-9.202366112801262377e-01 6.345378098062053329e-01 -1.424958957519686098e-01
-8.836373154307757272e-01 5.927516530296341735e-01 -1.489686015381528617e-01
-8.367785452592620965e-01 5.449199722536649526e-01 -1.521779504387770210e-01
-7.853540155896920893e-01 4.948095227805718310e-01 -1.527791950403456500e-01
-7.351289502614049010e-01 4.459918157913946302e-01 -1.517581149701358878e-01
-6.919309139245648499e-01 4.018345601016405366e-01 -1.504216126285963240e-01
-6.616392333106236867e-01 3.654996376777522316e-01 -1.503802455955651207e-01
-6.501736260766554087e-01 3.399482452018739997e-01 -1.535231825900261193e-01
-6.634825922681961696e-01 3.279538063751840093e-01 -1.619860025695101791e-01
-7.053570101001244153e-01 3.310203972450244669e-01 -1.775540489445858461e-01
-7.708737900629411000e-01 3.462352401913730837e-01 -1.997698303742976855e-01
-8.528857670308442884e-01 3.698233009395544557e-01 -2.272860230162480621e-01
-9.442034035954303128e-01 3.982750289143378031e-01 -2.584059095417524099e-01
-1.037607023812235241e+00 4.283269050377218057e-01 -2.911207412280679141e-01
-1.125859081369107839e+00 4.569181829702460562e-01 -3.231697092890758460e-01
-1.201716856769777353e+00 4.811020092670246218e-01 -3.521453448380310047e-01
-1.257936272933024124e+00 4.980285012682404422e-01 -3.755120296544554037e-01
-1.287276123861215149e+00 5.049162653767231834e-01 -3.906372698664261622e-01
-1.282501859924184862e+00 4.990148006795006586e-01 -3.948318418930235607e-01
-1.238872800329658519e+00 4.785800334912897469e-01 -3.861682579763942580e-01
-1.161595920866229870e+00 4.458262524240728664e-01 -3.659263110067042524e-01
-1.058366933891521144e+00 4.038148786179611704e-01 -3.363570948537295546e-01
-9.368804129207495279e-01 3.554718137244992082e-01 -2.998749373219812275e-01
-8.048259539566766652e-01 3.036284308764800044e-01 -2.590151561427633253e-01
-6.698854732970825898e-01 2.510596766791772794e-01 -2.163956917956631754e-01
-5.397313662113918387e-01 2.005189675186456466e-01 -1.746823489657847450e-01
-4.220252905275211908e-01 1.547696288135132492e-01 -1.365574547793222959e-01
-3.244173743233745855e-01 1.166127258716616460e-01 -1.046917720188570849e-01
-2.545456833689556109e-01 8.891116964820541813e-02 -8.171958760885182638e-02
-2.177964344916688000e-01 7.375848464611758915e-02 -6.948760094288758404e-02
-2.105920225495035436e-01 6.991554897988049022e-02 -6.685904508137763269e-02
-2.271199295283728159e-01 7.531840712261744786e-02 -7.192158809791389384e-02
-2.615741334123650175e-01 8.790362087954504966e-02 -8.273938115477053046e-02
-3.081556983691104423e-01 1.055893355620205892e-01 -9.737283858229024702e-02
-3.610732834982566808e-01 1.262591542069437800e-01 -1.138960362600724141e-01
-4.145436307025429645e-01 1.477488096462320211e-01 -1.304116805640271326e-01
-4.627920708754147405e-01 1.678355612740550784e-01 -1.450636297380374640e-01
-5.000530771057628554e-01 1.842302660987474583e-01 -1.560468669673937270e-01
-5.205708777373810880e-01 1.945720403473991944e-01 -1.616148318868477485e-01
-5.204568995738082515e-01 1.971392319081178568e-01 -1.606580754428748592e-01
-5.032544066917459258e-01 1.930334765515442086e-01 -1.543950098208032584e-01
-4.743572317284397988e-01 1.841169148092121344e-01 -1.445879809072407596e-01
-4.391510260670143384e-01 1.723139456562299276e-01 -1.329544122272458828e-01
-4.030127567043331194e-01 1.596140978676882927e-01 -1.211623448650657742e-01
-3.713102504494046885e-01 1.480731102269459420e-01 -1.108277370296967823e-01
-3.494018555598866760e-01 1.398124801749061619e-01 -1.035131731528168425e-01
-3.426355691831923789e-01 1.370150696629119369e-01 -1.007337469872394142e-01
-3.563486590057630687e-01 1.419206257515590319e-01 -1.039618496684161786e-01
-3.958676154490681776e-01 1.568204628314712745e-01 -1.146324116747254457e-01
-4.643919573484916463e-01 1.832187552437137268e-01 -1.335412922334867636e-01
-5.566531980873513641e-01 2.192860684307443853e-01 -1.590583837148042690e-01
-6.652788009171778372e-01 2.622794029712534614e-01 -1.890080970721784437e-01
-7.829111040333998073e-01 3.093686439082287132e-01 -2.212808093581731805e-01
-9.022073623402405707e-01 3.576436988186237342e-01 -2.538259174600503987e-01
-1.015839450250512810e+00 4.041233614019124065e-01 -2.846429230124889465e-01
-1.116493198350120952e+00 4.457658959475371829e-01 -3.117705490493232201e-01
-1.196867343127032468e+00 4.794813582040843847e-01 -3.332738874154588804e-01
-1.249672074191748639e+00 5.021456732897652264e-01 -3.472296065887582883e-01
-1.267627172292649096e+00 5.106165092973871111e-01 -3.517092561827866448e-01
-1.245855804334305983e+00 5.027282625331833676e-01 -3.454254288573086473e-01
-1.189063930720006379e+00 4.802594589540496450e-01 -3.297047271288544579e-01
-1.104339913818651153e+00 4.460352313878209185e-01 -3.064856694986978214e-01
-9.987577481815190783e-01 4.029435844686449220e-01 -2.776649050694384169e-01
-8.793785715513492418e-01 3.539216801224608355e-01 -2.451118423202808816e-01
-7.532525698501222333e-01 3.019403393003656233e-01 -2.106850714863597873e-01
-6.274212562298426832e-01 2.499866789797939026e-01 -1.762505073159520430e-01
-5.089200969326801438e-01 2.010447783065860139e-01 -1.437011521169159756e-01
-4.047814263123577505e-01 1.580742710289358977e-01 -1.149783870322046847e-01
-3.220375899698482702e-01 1.239867264489325632e-01 -9.209465916351494696e-02
-2.660881249806548721e-01 1.009472255060256535e-01 -7.668280904028865197e-02
-2.357941610453872239e-01 8.835719382399695454e-02 -6.855942606503660774e-02
-2.283867830620363026e-01 8.490791804858777159e-02 -6.709305845261979984e-02
-2.411018665853514042e-01 8.926460782620698753e-02 -7.166311422848742341e-02
-2.711786416228329499e-01 1.000734860578438717e-01 -8.165133119604262024e-02
-3.158580547823521267e-01 1.159721214541757084e-01 -9.642998796823799845e-02
-3.723808801238309707e-01 1.356090426322672515e-01 -1.153406085428351768e-01
-4.379862724632440640e-01 1.576548557516569971e-01 -1.376835736594486104e-01
-5.099104717850068136e-01 1.808149283101685711e-01 -1.627073399282943089e-01
-5.853857302456280109e-01 2.038426388652829491e-01 -1.895984889082227565e-01
-6.618353661842584224e-01 2.256539291520627821e-01 -2.175436352646623328e-01
-7.374619867490527225e-01 2.456358714227444284e-01 -2.459429385685143465e-01
-8.106619579723880475e-01 2.633291821861997728e-01 -2.742205433928736613e-01
-8.798300392768183542e-01 2.783276480098967887e-01 -3.017591178334032009e-01
-9.433595891544643841e-01 2.902813378245105436e-01 -3.279020214680843370e-01
-9.996427485367486154e-01 2.988986605291244492e-01 -3.519566174126304015e-01
-1.047070558722560607e+00 3.039471915520215450e-01 -3.731986325841226138e-01
-1.084032982508517096e+00 3.052531784581618002e-01 -3.908774474977465552e-01
-1.108918776167964193e+00 3.026996807311036486e-01 -4.042222264096283491e-01
-1.120115172497473832e+00 2.962232948969773516e-01 -4.124487852062900806e-01
-1.116707937773629755e+00 2.859734256626804139e-01 -4.150240723697615208e-01
-1.100584333090159239e+00 2.727594322343080413e-01 -4.124640092575895811e-01
-1.074334230473133367e+00 2.574855381964132328e-01 -4.055983368277724099e-01
-1.040550040696875067e+00 2.409745551879055037e-01 -3.953140287610510950e-01
-1.001826974194433006e+00 2.239674929489620103e-01 -3.825488462649946908e-01
-9.607635463324962766e-01 2.071253081461517653e-01 -3.682834813088372572e-01
-9.199623836700426827e-01 1.910328190432919182e-01 -3.535324089236497880e-01
-8.820313025017360031e-01 1.762050236824289629e-01 -3.393336196947869254e-01
-8.495847816556618692e-01 1.630955486907610663e-01 -3.267372309278848141e-01
-8.252458334256073114e-01 1.521072280371260632e-01 -3.167930265147235191e-01
-8.107352593929237905e-01 1.434514290904089218e-01 -3.101898722154535770e-01
-8.041284901666926332e-01 1.367308665714442317e-01 -3.062049535920476906e-01
-8.025837082219785534e-01 1.314528564551207812e-01 -3.037507768880562953e-01
-8.032511809348487075e-01 1.271791835809565618e-01 -3.017344583369754862e-01
-8.032705097631352986e-01 1.235121729869123192e-01 -2.990711233820050885e-01
-7.997653263733902618e-01 1.200694644283871321e-01 -2.947082811227127452e-01
-7.898336419198118685e-01 1.164398848221501609e-01 -2.876699426762875378e-01
-7.705520825269238649e-01 1.121980391445286662e-01 -2.770407969880493426e-01
-7.389765429400050323e-01 1.069020622479333188e-01 -2.619682588895319020e-01
-6.921414238804237673e-01 1.000843495161783947e-01 -2.416721174487697354e-01
-6.284491426910998602e-01 9.142237199445180096e-02 -2.159241634858665437e-01
-5.518576493779597802e-01 8.127874254816358501e-02 -1.864116184297502643e-01
-4.677460066529687266e-01 7.019744450947972003e-02 -1.552107293933971122e-01
-3.815321079188268572e-01 5.874880848465675875e-02 -1.242816227884297187e-01
-2.986740428594833463e-01 4.754604209202893672e-02 -9.545249809124201068e-02
-2.246700184914890985e-01 3.725730382012600039e-02 -7.040783605534295386e-02
-1.650569345724033077e-01 2.861359555038816768e-02 -5.068079125991512002e-02
-1.254077414848079330e-01 2.241279144454436448e-02 -3.764998436629846124e-02
-1.113277163103493089e-01 1.952023665994268020e-02 -3.254093755979977493e-02
-1.284498169189272343e-01 2.086630473704826488e-02 -3.643240679810805932e-02
-1.801650946600549530e-01 2.712920054234678122e-02 -4.964629227727989508e-02
-2.608005232003993146e-01 3.774884728372315118e-02 -7.000910191166669072e-02
-3.623681766282987882e-01 5.178162194826620157e-02 -9.492151778536048190e-02
-4.768274545852507207e-01 6.819812628932381271e-02 -1.220100206520226271e-01
-5.960908177318227086e-01 8.588361713911624173e-02 -1.491218205361780624e-01
-7.120305247585808628e-01 1.036420368088354915e-01 -1.743122079909053823e-01
-8.164861609604787684e-01 1.202031020762842212e-01 -1.958240589168228907e-01
-9.012728456792834519e-01 1.342317301635876925e-01 -2.120591631439319724e-01
-9.581899805869112940e-01 1.443394515559357494e-01 -2.215412370684154142e-01
-9.790304893046429813e-01 1.490974795302680844e-01 -2.228704966482477068e-01
-9.583203204458760061e-01 1.474631252047717833e-01 -2.152829486929534741e-01
-9.015244687466287266e-01 1.400598478201431074e-01 -2.003774969435175857e-01
-8.168723502832846428e-01 1.279962707538899735e-01 -1.801649476295640873e-01
-7.126226419014844993e-01 1.124522209707404657e-01 -1.564714782995930142e-01
-5.970544875727210599e-01 9.466673532461759855e-02 -1.309809738015038083e-01
-4.784591782537384042e-01 7.592702906501881677e-02 -1.052792533125164326e-01
-3.651311793264205852e-01 5.755607501552640476e-02 -8.090611303527872611e-02
-2.653508152710910561e-01 4.088221536095739544e-02 -5.946014057418983617e-02
-1.873723408161721560e-01 2.722253301241917695e-02 -4.266683406657405947e-02
-1.394136641152608214e-01 1.787105697046477079e-02 -3.243098049488066931e-02
-1.270976674446619159e-01 1.371880869873495432e-02 -3.028413203175003496e-02
-1.458175921882409465e-01 1.414603228916359694e-02 -3.553457292068529227e-02
-1.884167137271712533e-01 1.814531726054606497e-02 -4.689686124266798095e-02
-2.477501752384046463e-01 2.470358744162962084e-02 -6.302273815784277533e-02
-3.166943390766165378e-01 3.281321794576107925e-02 -8.245715410436245396e-02
-3.881562113588262752e-01 4.148260230268229626e-02 -1.035994355472355383e-01
-4.550829438563628870e-01 4.974630789701521560e-02 -1.246696663662931609e-01
-5.104713575526658165e-01 5.667486876145527014e-02 -1.436803438692076662e-01
-5.473773865352514756e-01 6.138417696290851544e-02 -1.584133281763732137e-01
-5.589252971503581024e-01 6.304436174803676463e-02 -1.664020779502687064e-01
-5.405658056524628163e-01 6.115293399659637447e-02 -1.656082950229645079e-01
-4.967898895011376714e-01 5.630394776856752909e-02 -1.566319017532072089e-01
-4.343061115253634141e-01 4.933481592134759258e-02 -1.409131206270207992e-01
-3.597722644595819363e-01 4.104485973711446967e-02 -1.200989791703904325e-01
-2.797867315066286942e-01 3.218694513004011909e-02 -9.605819068937639094e-02
-2.008804396346072774e-01 2.346000011088070214e-02 -7.089127374772126455e-02
-1.295096250877759703e-01 1.550267245191998787e-02 -4.693601834195123418e-02
-7.204963622813737034e-02 8.888409313056754024e-03 -2.676844235683317752e-02
-3.479002853424192215e-02 4.122240351934043645e-03 -1.319933866944117580e-02
-2.393118149005114825e-02 1.639560045384713541e-03 -9.266600143380680429e-03
-4.351012087191079986e-02 1.635147799163456754e-03 -1.738468992803728075e-02
-8.923757710767186990e-02 3.592078933192188305e-03 -3.667131971419019393e-02
-1.548145059338632834e-01 6.875378396217741474e-03 -6.520735272396457893e-02
-2.340231968653345984e-01 1.091811523683246070e-02 -1.008422865012358616e-01
-3.207307944480078943e-01 1.522296611358530533e-02 -1.412008874956341975e-01
-4.088903998659226824e-01 1.936050821831922231e-02 -1.836949575872064422e-01
-4.925378212684098922e-01 2.296145042983613327e-02 -2.255439160846663404e-01
-5.657893790431656189e-01 2.571072391518237910e-02 -2.637905641669489598e-01
-6.228389288553942693e-01 2.734082941193101413e-02 -2.953168013050848639e-01
-6.579534676449896313e-01 2.762357978975528774e-02 -3.168607402471304013e-01
-6.671680032900959567e-01 2.646090382861472634e-02 -3.258865577509621470e-01
-6.533388499005216010e-01 2.415306666933040095e-02 -3.232430921459928941e-01
-6.209675795366527140e-01 2.105623211160653069e-02 -3.107589961316128968e-01
-5.744921961153732770e-01 1.748119000518225108e-02 -2.904010659103762326e-01
-5.182901180702762511e-01 1.369922107533523559e-02 -2.642618548537005174e-01
-4.566819636960907647e-01 9.948728086882246621e-03 -2.345468913448774950e-01
-3.939361314744158626e-01 6.442593123278789018e-03 -2.035614915623630283e-01
-3.342741664586817985e-01 3.376221531126906775e-03 -1.736971421724379239e-01
-2.818768855600406464e-01 9.362277348634823280e-04 -1.474174447115770281e-01
-2.408912370657983748e-01 -6.902807596952703802e-04 -1.272435886897587687e-01
-2.146905939120204998e-01 -1.386312797084624654e-03 -1.152696381669854608e-01
-2.036527972168976075e-01 -1.337967878752339577e-03 -1.117201023614513289e-01
-2.074267176559549120e-01 -7.909898005962165716e-04 -1.163192187260120303e-01
-2.256826371924655072e-01 2.913866501322092762e-05 -1.287560514351895891e-01
-2.581119729066577162e-01 9.164972041169175453e-04 -1.486852151986482740e-01
-3.044268531746229800e-01 1.683933761788940393e-03 -1.757275429520040178e-01
-3.643595418642076034e-01 2.162183408971282000e-03 -2.094707001694749715e-01
-4.376617112729418446e-01 2.198886680126760623e-03 -2.494697416706940507e-01
-5.241035587410656227e-01 1.657520415423995768e-03 -2.952476178021493647e-01
-6.234727644070261476e-01 4.162427856033525434e-04 -3.462956336866929163e-01
-7.347223750683862242e-01 -1.537490512508795900e-03 -4.017267791163238178e-01
-8.534132830908004452e-01 -3.837362317789610143e-03 -4.592386706594248635e-01
-9.742552724560961108e-01 -6.061537716765533733e-03 -5.161711576724532513e-01
-1.091946457661142178e+00 -7.845227227356380006e-03 -5.698749800360711770e-01
-1.201161942831808771e+00 -8.894062151479514150e-03 -6.177346234086957821e-01
-1.296538033590806549e+00 -9.003855602217385179e-03 -6.572009528897849728e-01
-1.372646345307713789e+00 -8.095356136594806379e-03 -6.858461993459301631e-01
-1.423995268285029869e+00 -6.210488220770553000e-03 -7.013687181719286956e-01
-1.445028952458506932e+00 -3.512014935366947893e-03 -7.016031620049156814e-01
-1.430124635608447159e+00 -2.856221026223369763e-04 -6.845349667627271817e-01
-1.375978271821470145e+00 3.065887092483888382e-03 -6.493629459199501408e-01
-1.288804666641737207e+00 6.127427935159777267e-03 -5.995696622569332002e-01
-1.177255163568272645e+00 8.617417300962663257e-03 -5.395955711560320722e-01
-1.050052618156445128e+00 1.041767537478839774e-02 -4.737331434093983162e-01
-9.160003173222023287e-01 1.158283319099710947e-02 -4.060973909729057030e-01
-7.839877162217523399e-01 1.234511177237619141e-02 -3.406013122644879765e-01
-6.629932082386457148e-01 1.311459708239195825e-02 -2.809364952903156132e-01
-5.620841745288879254e-01 1.447516484532079990e-02 -2.305591403263956285e-01
-4.904145974627305282e-01 1.717621771767349065e-02 -1.926817428568435575e-01
-4.572205295556667215e-01 2.212042540546765509e-02 -1.702706961830886545e-01
-4.686558874162895516e-01 3.010980692472755779e-02 -1.648939875266790256e-01
-5.182610823622422203e-01 4.101369067330670748e-02 -1.734213852615573148e-01
-5.963453096141311249e-01 5.430051129972700980e-02 -1.917831077910657211e-01
-6.931339540013549128e-01 6.925845937591339208e-02 -2.161747069652919795e-01
-7.987728205175095297e-01 8.500832255676078753e-02 -2.430595548378858273e-01
-9.033339026027050744e-01 1.005201357806410900e-01 -2.691643306449830186e-01
-9.968223865648799809e-01 1.146334050049481051e-01 -2.914673124436361062e-01
-1.069184606365811918e+00 1.260807201003310840e-01 -3.071793460254982344e-01
-1.110316725352718414e+00 1.335145396029809584e-01 -3.137173521370099638e-01
-1.110073966866833350e+00 1.355369779739250546e-01 -3.086702917686856562e-01
-1.061567389314246546e+00 1.311336666451435040e-01 -2.906897027999132965e-01
-9.710620192482167790e-01 1.209483346866837838e-01 -2.621256817000534589e-01
-8.481649229348354746e-01 1.061511280126625351e-01 -2.260156210171529734e-01
-7.025379367284441123e-01 8.802414692209854785e-02 -1.851450895211007586e-01
-5.438895511549732831e-01 6.793362783806387861e-02 -1.420795878952442748e-01
-3.819672192468024363e-01 4.730172317129133913e-02 -9.920021933248895918e-02
-2.265486358174342019e-01 2.757294975140225923e-02 -5.875102335570028117e-02
-8.742807811485961422e-02 1.016216308803880031e-02 -2.291872745664741071e-02
2.559201395645878743e-02 -3.578723439714103036e-03 6.114439831454345636e-03
1.027077648065925913e-01 -1.238642542479194593e-02 2.612822085422308177e-02
1.368322733656098800e-01 -1.544814697808380086e-02 3.550473585631053197e-02
1.317402486464615829e-01 -1.340060041415607091e-02 3.523843162130676360e-02
9.393828663863337813e-02 -7.243094830443957792e-03 2.691121610797948815e-02
2.994920824171098256e-02 2.031080795029509452e-03 1.204548857579283185e-02
-5.369283617876637049e-02 1.345380361437442315e-02 -7.865260434898385319e-03
-1.504470533413635736e-01 2.609901781134836563e-02 -3.132857018661190651e-02
-2.537705680463197555e-01 3.909747857589816744e-02 -5.682791996764108983e-02
-3.571229068792960426e-01 5.164940959756052219e-02 -8.280047852468741532e-02
-4.539704208152481324e-01 6.303512792066817694e-02 -1.076177275356962337e-01
-5.377906340370400828e-01 7.262367519456604248e-02 -1.295689801741373992e-01
-6.034860352920534687e-01 8.000754912484026038e-02 -1.472320468335818755e-01
-6.516103178284589070e-01 8.535364056543945366e-02 -1.606512946831930300e-01
-6.841298563038038516e-01 8.895252660517552479e-02 -1.702462958392692016e-01
-7.030113232794805711e-01 9.107717073921679785e-02 -1.764426912987326901e-01
-7.102202491874051171e-01 9.197939244945461945e-02 -1.796782426501504493e-01
-7.077196324666793492e-01 9.188693358532676325e-02 -1.804080190191807431e-01
-6.974686191456125339e-01 9.100111880698784350e-02 -1.791087233610344498e-01
-6.814212791784379775e-01 8.949510484004088995e-02 -1.762821555244881155e-01
-6.615255041967245120e-01 8.751272592920142368e-02 -1.724578325231027887e-01
-6.397220573246021891e-01 8.516794030427041196e-02 -1.681947783071918723e-01
-6.175705508913910124e-01 8.253316652143888321e-02 -1.639589013602093248e-01
-5.951325081503703318e-01 7.961530922636753105e-02 -1.597410889831313296e-01
-5.720970167905221615e-01 7.640977809643387242e-02 -1.554082043328727791e-01
-5.481549386157874570e-01 7.291462136607178290e-02 -1.508240842388754999e-01
-5.229989404676708142e-01 6.913013370412382508e-02 -1.458498940707823044e-01
-4.963232296323177306e-01 6.505658803980410299e-02 -1.403462574084858305e-01
-4.678228074400372360e-01 6.068910576051995964e-02 -1.341780223161981589e-01
-4.371941760469623128e-01 5.602378283846033702e-02 -1.272083923382494874e-01
-4.041354987498581575e-01 5.105931484335266696e-02 -1.192974158304332122e-01
-3.683465048961414023e-01 4.579669781323275624e-02 -1.103023047736559348e-01
-3.299560307513207391e-01 4.029270569784910994e-02 -1.002105713472217774e-01
-2.908019287126055730e-01 3.481384416405933907e-02 -8.955102947266763147e-02
-2.531428538673074491e-01 2.966371459994920912e-02 -7.901592250028331710e-02
-2.192297296009378671e-01 2.512985736010628704e-02 -6.932929771867757385e-02
-1.913056720752728257e-01 2.148611791140223742e-02 -6.124508352658708521e-02
-1.716059872854505119e-01 1.899486280000456384e-02 -5.554519861392355484e-02
-1.623582334086281498e-01 1.790905343343780765e-02 -5.303769334702126970e-02
-1.657823419875363025e-01 1.847418293518343982e-02 -5.455492353947788420e-02
-1.840907924521573147e-01 2.093008614021919789e-02 -6.095175381936383807e-02
-2.194888351494805878e-01 2.551262754597971930e-02 -7.310378913335624507e-02
-2.732545596518006215e-01 3.235102589641831311e-02 -9.159963264456029430e-02
-3.429846263238787163e-01 4.116418384100219846e-02 -1.158007523822169593e-01
-4.253654252849932704e-01 5.158606035853622457e-02 -1.447239679974807181e-01
-5.170946410578486363e-01 6.326895741995415545e-02 -1.773447315276837355e-01
-6.148810688597280416e-01 7.588062246967616775e-02 -2.125996791222903304e-01
-7.154443728013374360e-01 8.910153938421729036e-02 -2.493891185097447116e-01
-8.155147920801999462e-01 1.026224036919603511e-01 -2.865794539987245315e-01
-9.118327972988968799e-01 1.161417650581934302e-01 -3.230055649957120911e-01
-1.001148702199302409e+00 1.293638392116906455e-01 -3.574731363765522585e-01
-1.080222233902539353e+00 1.419964854358311823e-01 -3.887609462408075922e-01
-1.146506950797046009e+00 1.537965284549635270e-01 -4.158694646865671585e-01
-1.200200636317011682e+00 1.647077318529703294e-01 -4.387725275261253888e-01
-1.242184061608716528e+00 1.747154898804803569e-01 -4.576976229077882596e-01
-1.273335279811789178e+00 1.837998926428914270e-01 -4.728818882258480349e-01
-1.294529680579849407e+00 1.919365094561938379e-01 -4.845717331070321654e-01
-1.306639983466464372e+00 1.990975039479045139e-01 -4.930224900311501179e-01
-1.310536056734153521e+00 2.052533982877970398e-01 -4.984982281546616045e-01
-1.307084991434872334e+00 2.103723848561802612e-01 -5.012718448303536967e-01
-1.297151176372283388e+00 2.144203950429017791e-01 -5.016248945668577708e-01
-1.281596352609428280e+00 2.173615512639979208e-01 -4.998473315369810210e-01
-1.261145287266354664e+00 2.191609498044903570e-01 -4.961735443343664453e-01
-1.235983287773347650e+00 2.197920064632701009e-01 -4.905897027203388605e-01
-1.206160488547901366e+00 2.192294507044519059e-01 -4.830223248624961885e-01
-1.171726329779542164e+00 2.174468863300897670e-01 -4.734016412509575167e-01
-1.132729475339104397e+00 2.144167048534280640e-01 -4.616616264340679399e-01
-1.089217729910574306e+00 2.101100151484096012e-01 -4.477400276057343920e-01
-1.041237955575284868e+00 2.044965885116757920e-01 -4.315783901771010900e-01
-9.888359874101726454e-01 1.975448241259718796e-01 -4.131220792509495143e-01
-9.320565487730863019e-01 1.892217286679735155e-01 -3.923202983906421415e-01
-8.709431664239439819e-01 1.794929104508597995e-01 -3.691261053374449985e-01
-8.058301549269561992e-01 1.683989616348442464e-01 -3.436415791619170101e-01
-7.382181550043653839e-01 1.562862218275607173e-01 -3.165537489515337644e-01
-6.698970775226804619e-01 1.435808665041272136e-01 -2.886989247255187796e-01
-6.026545695586325024e-01 1.307136974481272751e-01 -2.609156244844337280e-01
-5.382768041771311962e-01 1.181208678584502597e-01 -2.340424385822119924e-01
-4.785492988684984517e-01 1.062445163784432323e-01 -2.089158765230258730e-01
-4.252577609380138179e-01 9.553330624260042425e-02 -1.863681958357162882e-01
-3.801889580240323530e-01 8.644286517829205541e-02 -1.672252132367260113e-01
-3.451316114843135385e-01 7.943612448959030958e-02 -1.523040978576927773e-01
-3.218773103795902202e-01 7.498355447395699258e-02 -1.424111469311541422e-01
-3.117622111946726227e-01 7.346068974431783916e-02 -1.381491056138843543e-01
-3.142895368473738182e-01 7.483741434565920059e-02 -1.393469093564690120e-01
-3.285064111900592443e-01 7.898047011982695098e-02 -1.456360359086141254e-01
-3.534626837286926615e-01 8.575497584138556950e-02 -1.566426361672112744e-01
-3.882106133453892549e-01 9.502408664692854612e-02 -1.719885719864659435e-01
-4.318042402055154994e-01 1.066482801161486998e-01 -1.912933754571825018e-01
-4.832978620605099529e-01 1.204834767628290143e-01 -2.141789088125241880e-01
-5.417459364539513045e-01 1.363811982877723705e-01 -2.402697028170858728e-01
-6.062026931433786014e-01 1.541883805291955067e-01 -2.691941405502850659e-01
-6.757215635219659955e-01 1.737469926004184817e-01 -3.005861758902559355e-01
-7.492024404116259806e-01 1.947969669077665722e-01 -3.339635235329691532e-01
-8.249329643181255722e-01 2.166831947061497732e-01 -3.683628609683418098e-01
-9.010418465285892076e-01 2.386421282858928739e-01 -4.027177486602055434e-01
-9.756499946907915000e-01 2.598989649824881565e-01 -4.359838008334540604e-01
-1.046869957426084685e+00 2.796690066224755133e-01 -4.671390145194841415e-01
-1.112805542288819005e+00 2.971593767223422167e-01 -4.951835147821276317e-01
-1.171551602832418215e+00 3.115710820437013195e-01 -5.191387090717686226e-01
-1.221193989687780368e+00 3.221014081038294785e-01 -5.380458455214531810e-01
-1.259809662193798641e+00 3.279466362880703034e-01 -5.509639702801951699e-01
-1.285466956728562149e+00 3.283050735144208421e-01 -5.569672816399160453e-01
-1.296735157598150501e+00 3.226401947231902212e-01 -5.554404119823965758e-01
-1.294217152097407064e+00 3.114646555735119948e-01 -5.469611744930247266e-01
-1.279030885634351300e+00 2.955643352174463501e-01 -5.323869367237168415e-01
-1.252301893428847679e+00 2.757380049587120352e-01 -5.125537247901477134e-01
-1.215163629295821890e+00 2.527960525965116112e-01 -4.882767487466673773e-01
-1.168757675721904254e+00 2.275589648450550284e-01 -4.603514192676690930e-01
-1.114233838365600526e+00 2.008555732100038571e-01 -4.295548575358497656e-01
-1.052750121619661083e+00 1.735210799329077735e-01 -3.966479073769384467e-01
-9.854725938996001799e-01 1.463948505825875823e-01 -3.623776386799347771e-01
-9.135751416321740148e-01 1.203179735670162620e-01 -3.274803402307069899e-01
-8.382259480282967523e-01 9.602506917915637485e-02 -2.926319008085214168e-01
-7.605463416843005753e-01 7.382541270511366882e-02 -2.582916044549834478e-01
-6.816476934535606880e-01 5.391791488271892308e-02 -2.248631454190351542e-01
-6.026437772094790368e-01 3.649464784129999306e-02 -1.927497821510098519e-01
-5.246502000457901049e-01 2.173861662694826988e-02 -1.623567033860323083e-01
-4.487841533243008829e-01 9.823051410749628065e-03 -1.340921357800048952e-01
-3.761643361502945981e-01 9.114449780201552831e-04 -1.083681001132577731e-01
-3.079081285771364529e-01 -4.853747719309491580e-03 -8.561080178362699689e-02
-2.451305140460516008e-01 -7.354336344417337912e-03 -6.626319008625369822e-02
-1.889435972443244682e-01 -6.496846555638639831e-03 -5.078496532794265356e-02
-1.404678612524211667e-01 -2.407676177187484390e-03 -3.952051695922114555e-02
-1.008655211679172908e-01 3.986816835062005453e-03 -3.229573769107128151e-02
-7.130325382702418224e-02 1.155603961341909562e-02 -2.879815710239215856e-02
-5.294082951989224906e-02 1.916446944716679313e-02 -2.870375622454273204e-02
-4.693191216737419014e-02 2.567469382209229198e-02 -3.167432060267387495e-02
-5.442496601392739913e-02 2.995042778550165152e-02 -3.735534230720893856e-02
-7.656426474679060845e-02 3.085949324497910470e-02 -4.537447726601910591e-02
-1.144909982794341391e-01 2.727674178143702638e-02 -5.534056070274209066e-02
-1.693444701318627676e-01 1.808690114360810702e-02 -6.684318017318330307e-02
-2.422633776552818308e-01 2.187324263900100596e-03 -7.945280192798781504e-02
-3.333083446795490623e-01 -2.108416047228574633e-02 -9.268421222676065385e-02
-4.382299202777589775e-01 -5.066235749168900016e-02 -1.058958755460368828e-01
-5.517109357293523697e-01 -8.501566786177824908e-02 -1.184200394125515254e-01
-6.684452069908473071e-01 -1.225735975536635380e-01 -1.296032040469936308e-01
-7.831361193087406081e-01 -1.617326768447210628e-01 -1.388067674862720202e-01
-8.904948273889011778e-01 -2.008635451184476728e-01 -1.454075464163277209e-01
-9.852380761218761940e-01 -2.383191873776816516e-01 -1.487981457145935438e-01
-1.062085645782954613e+00 -2.724443253723477509e-01 -1.483871644357538933e-01
-1.115757434330836517e+00 -3.015859452662030815e-01 -1.435992355185669034e-01
-1.140970191909030040e+00 -3.241049533552500805e-01 -1.338749124743279229e-01
-1.134138965131064047e+00 -3.387683645727047610e-01 -1.189593670804890424e-01
-1.098489312019996111e+00 -3.459020617077963045e-01 -9.976463605180463379e-02
-1.038941518009721898e+00 -3.462573592031858993e-01 -7.749392180333192215e-02
-9.604069961586771953e-01 -3.406229053795441497e-01 -5.334898115883446312e-02
-8.677904164585830138e-01 -3.298132309091758030e-01 -2.852717917853325735e-02
-7.659911099180712890e-01 -3.146584187745340988e-01 -4.217522008846286141e-03
-6.599037844837548628e-01 -2.959927048243561898e-01 1.840653442131043316e-02
-5.544268169313300021e-01 -2.746230586488419556e-01 3.819062580826021458e-02
-4.544664497258154023e-01 -2.513116866550491602e-01 5.400126426604970331e-02
-3.649390693864539292e-01 -2.267644212652988323e-01 6.472745633726770254e-02
-2.897802724039627020e-01 -2.016489540550579218e-01 6.964517026970677704e-02
-2.289654426452915892e-01 -1.766927153136060302e-01 6.949925727430113220e-02
-1.814834258864573002e-01 -1.526384951837056470e-01 6.539616281056637170e-02
-1.463280124562600371e-01 -1.302295758869000675e-01 5.843361381195780191e-02
-1.224973869512457347e-01 -1.102168958572056212e-01 4.969613396305680442e-02
-1.089936782327429465e-01 -9.336520542633004738e-02 4.025121612977185931e-02
-1.048226016348328127e-01 -8.045821831103693034e-02 3.114614739958101314e-02
-1.089931811984852505e-01 -7.230276827778171767e-02 2.340549153627495549e-02
-1.205175347029365657e-01 -6.973198698953762820e-02 1.802924068354156556e-02
-1.384107025852108486e-01 -7.360752188264850504e-02 1.599165500890067926e-02
-1.615591853227826835e-01 -8.436981595574225001e-02 1.792101547385207411e-02
-1.883219859036367461e-01 -1.006762584002513783e-01 2.315557895038691111e-02
-2.169158394943144497e-01 -1.207373581601908635e-01 3.073111031538089399e-02
-2.455451982205034134e-01 -1.427642211958328189e-01 3.970701234553562775e-02
-2.724023548384233440e-01 -1.649674332031000890e-01 4.916830346123841899e-02
-2.956678252528853190e-01 -1.855560714570181902e-01 5.822687723740767318e-02
-3.135109999811870329e-01 -2.027368159028089256e-01 6.602204380405701789e-02
-3.240910774727567278e-01 -2.147131232210251761e-01 7.172035717714496383e-02
-3.255582872542008843e-01 -2.196844378829317934e-01 7.451472456962379698e-02
-3.160554117226188064e-01 -2.158454122963384403e-01 7.362279554028730577e-02
-2.945808286269627208e-01 -2.021410980823662440e-01 6.861493007189094218e-02
-2.635811073650543568e-01 -1.805342012083332448e-01 6.038342415850382616e-02
-2.263799878627983375e-01 -1.537377548095315016e-01 5.011748659389765603e-02
-1.863171188094751296e-01 -1.244607721178433157e-01 3.896926016563159734e-02
-1.467455653702484653e-01 -9.541015516818478204e-02 2.805588666674425913e-02
-1.110290188636451764e-01 -6.929263863751805586e-02 1.846231372269800663e-02
-8.253851900399843122e-02 -4.881683887543015327e-02 1.124527483034494513e-02
-6.464776778027032933e-02 -3.669709923966519433e-02 7.438851179654846352e-03
-6.072971991435443390e-02 -3.565636931252846864e-02 8.057839440486082305e-03
-7.415365472597990060e-02 -4.842875399717544438e-02 1.410024210604229195e-02
-1.069762042872336033e-01 -7.670889915756733124e-02 2.613440798135689691e-02
-1.560203642700575821e-01 -1.179891132405206794e-01 4.307194063113539001e-02
-2.167945405914632195e-01 -1.687075847263498074e-01 6.343889106918301768e-02
-2.848024562433807416e-01 -2.252966621006843029e-01 8.579084690646329725e-02
-3.555470971982489514e-01 -2.841793956458497084e-01 1.087095222295751673e-01
-4.245344179027121800e-01 -3.417661262854123638e-01 1.307999513225020505e-01
-4.872768018290072889e-01 -3.944511421108909399e-01 1.506882886643102215e-01
-5.392962742140744448e-01 -4.386094198007420841e-01 1.670202156853493325e-01
-5.761274625259659166e-01 -4.705934633743061313e-01 1.784599675491478077e-01
-5.933203002189332276e-01 -4.867302504209243819e-01 1.836899950253285396e-01
-5.878726874627691057e-01 -4.844889413208862128e-01 1.818628380906600894e-01
-5.625156534557786969e-01 -4.660052302801199753e-01 1.739433795959612061e-01
-5.214082707113116832e-01 -4.345953169910209968e-01 1.613319367094099566e-01
-4.687025690419789337e-01 -3.935916162126880113e-01 1.454105128147713533e-01
-4.085407870686538212e-01 -3.463457504404113263e-01 1.275434483406324981e-01
-3.450528430149122916e-01 -2.962314871703966568e-01 1.090774405435264577e-01
-2.823540322204518005e-01 -2.466476124959053606e-01 9.134090913930285882e-02
-2.245429612081429604e-01 -2.010207284552488483e-01 7.564268929035787570e-02
-1.756997300685439467e-01 -1.628079681915913512e-01 6.327000862782188040e-02
-1.398843789257484538e-01 -1.354996124418119674e-01 5.548571952982088440e-02
-1.201090184941678296e-01 -1.217575852544182519e-01 5.317753268544028744e-02
-1.152664593755433065e-01 -1.208090782015710518e-01 5.582531030326724764e-02
-1.232269747015017625e-01 -1.310098712641794561e-01 6.256351456773760755e-02
-1.418687265251125929e-01 -1.507024483361278366e-01 7.253184663287046141e-02
-1.690792057256077230e-01 -1.782139594704062469e-01 8.487591472734043463e-02
-2.027567589795627734e-01 -2.118535313673531040e-01 9.874926175547105167e-02
-2.408124191831338690e-01 -2.499077761174224310e-01 1.133190279717974369e-01
-2.811705283395298238e-01 -2.906397072463730580e-01 1.277675169478805495e-01
-3.217691649797200792e-01 -3.322877345836534602e-01 1.412943147658069776e-01
-3.605604219304857638e-01 -3.730646690477188998e-01 1.531189503550087760e-01
-3.959943250009967386e-01 -4.116441585873329423e-01 1.628046148390489001e-01
-4.284604800006157621e-01 -4.486406005728125201e-01 1.712099123271004775e-01
-4.588182507126070120e-01 -4.851830087760328758e-01 1.795002404494460413e-01
-4.879092931087659069e-01 -5.224349721279705205e-01 1.888210473338655659e-01
-5.165569284115441029e-01 -5.615960726774400502e-01 2.002960108406778295e-01
-5.455660347867643534e-01 -6.039024385747435719e-01 2.150255971250851772e-01
-5.757234409963800648e-01 -6.506264530806991075e-01 2.340860621267831787e-01
-6.077987965344542332e-01 -7.030756559793459592e-01 2.585289419847575099e-01
-6.425459015727170708e-01 -7.625908551548936654e-01 2.893811107920542525e-01
-6.807044730377653785e-01 -8.305434794510430097e-01 3.276454659276315518e-01
-7.224641605408813616e-01 -9.074384682876202035e-01 3.736037908865225687e-01
-7.658733868496405695e-01 -9.901859188006221224e-01 4.247630641984833089e-01
-8.084903045228630791e-01 -1.074705773580259649e+00 4.780226028161306262e-01
-8.479230081757100912e-01 -1.156814831702557722e+00 5.303832811401609781e-01
-8.818251372237566610e-01 -1.232233184418927596e+00 5.789461305467816787e-01
-9.078905067324496425e-01 -1.296592515044169280e+00 6.209085209851438192e-01
-9.238468489548926632e-01 -1.345446147886163679e+00 6.535578001851234387e-01
-9.274486971909745581e-01 -1.374280764015063161e+00 6.742623015136806064e-01
-9.164694983119932026e-01 -1.378529676239107049e+00 6.804596417679573683e-01
-8.886929898373892023e-01 -1.353587597673122644e+00 6.696422678694882169e-01
-8.429934420782674298e-01 -1.296776094278198066e+00 6.406025034213262970e-01
-7.825769729200796609e-01 -1.213255636775273594e+00 5.971407780688595679e-01
-7.116825513131382897e-01 -1.110262083488235962e+00 5.441710197268935234e-01
-6.344997495799957754e-01 -9.951506377486267763e-01 4.864577178165491178e-01
-5.551825547219881862e-01 -8.753727336078933607e-01 4.286357572642534031e-01
-4.778616854357262689e-01 -7.584542112841525796e-01 3.752306151966563474e-01
-4.066551607469978680e-01 -6.519750752172118746e-01 3.306790276640885207e-01
-3.456956259285769439e-01 -5.635255225288025027e-01 2.993784317274372220e-01
-2.991449099255644173e-01 -5.006788131278019360e-01 2.857196445588486844e-01
-2.712026790104740126e-01 -4.709715097028365771e-01 2.941124508941214133e-01
-2.646972255501349180e-01 -4.792843414177093697e-01 3.272774803747452443e-01
-2.768257489413241124e-01 -5.200292060591062970e-01 3.810738668883310587e-01
-3.033654975799704445e-01 -5.849755729068384369e-01 4.496945734653587379e-01
-3.400706129818316659e-01 -6.658822338316647826e-01 5.273707811980613558e-01
-3.826594126085003378e-01 -7.545241318120148311e-01 6.083435138410753229e-01
-4.268046307606425116e-01 -8.427161404596945626e-01 6.868376143345381601e-01
-4.681265704825693375e-01 -9.223338952789454925e-01 7.570381247421438253e-01
-5.021891506639758473e-01 -9.853317486760074795e-01 8.130690697224003394e-01
-5.244988525536757873e-01 -1.023757892922257939e+00 8.489746066069333574e-01
-5.305065930898626991e-01 -1.029766672180919773e+00 8.587024687982894866e-01
-5.169849377261303003e-01 -9.981937259494662040e-01 8.381074697790105166e-01
-4.861853246808425788e-01 -9.341998703789293756e-01 7.910472905677033983e-01
-4.417843600964899142e-01 -8.454632884701100970e-01 7.234262109936889784e-01
-3.875224788196678927e-01 -7.395826581556800283e-01 6.412071513982101623e-01
-3.272037485714919813e-01 -6.240627673885259519e-01 5.504274428931665852e-01
-2.646925344650608025e-01 -5.063030954801552852e-01 4.572124611323498122e-01
-2.039069497078280779e-01 -3.935893934290015106e-01 3.677872648377826792e-01
-1.488090100670040605e-01 -2.930883162210314863e-01 2.884863753412759690e-01
-1.033914000998932547e-01 -2.118451318244239101e-01 2.257618743223448743e-01
-7.166075413194067378e-02 -1.567845640815713759e-01 1.861899566812627860e-01
-5.649291139535124462e-02 -1.326604823124620247e-01 1.745930493758153235e-01
-5.623215850035732932e-02 -1.359646597885416364e-01 1.883265555994954599e-01
-6.804741321418487920e-02 -1.612096254475215984e-01 2.228074289104639005e-01
-8.906283770255957188e-02 -2.030022781987941283e-01 2.733743604292079854e-01
-1.163691893579023168e-01 -2.560444021650897239e-01 3.352825084995255667e-01
-1.470412899525345429e-01 -3.151287995726300695e-01 4.036995004066037396e-01
-1.781697560234417332e-01 -3.751263792425763022e-01 4.737031480448924414e-01
-2.068781276826004156e-01 -4.309808265405830063e-01 5.402785070090914132e-01
-2.303389183427188014e-01 -4.777030988951867507e-01 5.983160369401074874e-01
-2.457897031778036034e-01 -5.103650614500959692e-01 6.426109163275991465e-01
-2.512787957798640615e-01 -5.253823866267000042e-01 6.691148815481349210e-01
-2.478405607406395372e-01 -5.243467572657714015e-01 6.787398311951754470e-01
-2.372456010367163248e-01 -5.101077735808062785e-01 6.736887732352250246e-01
-2.212525111050944737e-01 -4.854797324352323473e-01 6.562177697687949784e-01
-2.015994032719259921e-01 -4.532445341824457574e-01 6.286368258865469016e-01
-1.799965344414865831e-01 -4.161543555707893915e-01 5.933101881416200651e-01
-1.581200488452980946e-01 -3.769341103146780503e-01 5.526560416094150607e-01
-1.376068601752270248e-01 -3.382837136564399438e-01 5.091456040650648163e-01
-1.200506855927612193e-01 -3.028801778601845629e-01 4.653016184220379325e-01
-1.069992547684281980e-01 -2.733795574976400911e-01 4.236962525771825194e-01
-9.951934198578965551e-02 -2.518684808068908376e-01 3.867786037344809746e-01
-9.690618109830530236e-02 -2.382141203892330084e-01 3.563404765922517647e-01
-9.800073068227632689e-02 -2.317155137510740759e-01 3.339855225496871638e-01
-1.016253248449395796e-01 -2.316566764549883861e-01 3.212924353715481129e-01
-1.065838850609774624e-01 -2.373100063271189053e-01 3.198142534353216604e-01
-1.116625281223908445e-01 -2.479398758492639687e-01 3.310780743450005281e-01
-1.156305595872376968e-01 -2.628064131813087068e-01 3.565851876899590600e-01
-1.172418485621923578e-01 -2.811694681599350987e-01 3.978116322480230727e-01
-1.152365708989840781e-01 -3.022927664591441577e-01 4.562091813180489952e-01
-1.083433155879724719e-01 -3.254482504553928290e-01 5.332067600108876260e-01
-9.565796106884452699e-02 -3.498209984540804895e-01 6.288716769883727631e-01
-7.781121603640739348e-02 -3.742246454500903763e-01 7.378990408755294883e-01
-5.590122906106620437e-02 -3.974143803730719182e-01 8.536528211716937209e-01
-3.112121533231770876e-02 -4.181780132703631914e-01 9.695117071978902601e-01
-4.752049424194881855e-03 -4.353238652293412447e-01 1.078871356635157541e+00
2.185298508722971489e-02 -4.476698488874358284e-01 1.175145375920778612e+00
4.729915015981206450e-02 -4.540356766070220984e-01 1.251763481631124497e+00
7.014946927870036042e-02 -4.532250311333965165e-01 1.302173080384687376e+00
8.892853794520239052e-02 -4.440087693567066340e-01 1.319841174460422817e+00
1.021301645537882608e-01 -4.251085800035329099e-01 1.298256122044388006e+00
1.086393223937240915e-01 -3.957823260792696085e-01 1.233510344981459950e+00
1.090211709989699629e-01 -3.576364005786323852e-01 1.132033542610658250e+00
1.043381598879774552e-01 -3.128552176011318298e-01 1.002831053431765040e+00
9.573142157141373287e-02 -2.636208168380786976e-01 8.548973679585200047e-01
8.440801447918752642e-02 -2.121325865153613488e-01 6.972125128384236703e-01
7.162930958359484124e-02 -1.606283248138772324e-01 5.387379316944356233e-01
5.870047826679070102e-02 -1.114066096227603470e-01 3.884117794578123561e-01
4.696103850064380081e-02 -6.685044827280120505e-02 2.551435408592196419e-01
3.777642618203851110e-02 -2.945217616288203777e-02 1.478078766526862708e-01
3.253055275381745715e-02 -1.839575340042251496e-03 7.523759346271419179e-02
3.235531638414627237e-02 1.393483559626969986e-02 4.376342574738527336e-02
3.731975521618838970e-02 1.865029889152038794e-02 4.987122559832325719e-02
4.719910064920121440e-02 1.381836421845561089e-02 8.759494631161077183e-02
6.174133477728734054e-02 9.754021814727320203e-04 1.509778825275989722e-01
8.067298826885588303e-02 -1.830153645901778231e-02 2.340771697658726169e-01
1.037042721429159015e-01 -4.237799378936920464e-02 3.309688653046728435e-01
1.305335674513089794e-01 -6.954453314404511477e-02 4.357536910121151963e-01
1.608512853419115929e-01 -9.799835294299816257e-02 5.425635277337278461e-01
1.943431179465063552e-01 -1.258241182385988477e-01 6.455687546226236417e-01
2.306926964068098385e-01 -1.509740458496291460e-01 7.389865361138737709e-01
2.693924670165591673e-01 -1.717236283116851947e-01 8.180729557685884057e-01
3.091690040693053088e-01 -1.881253965032868014e-01 8.820587887047297571e-01
3.485523343587049738e-01 -2.006481387673533789e-01 9.311667510611248977e-01
3.860658595769362322e-01 -2.097101036786219175e-01 9.656229034931166355e-01
4.202257592520274310e-01 -2.156782533795506274e-01 9.856561255635192254e-01
4.495383891797314901e-01 -2.188614253573802348e-01 9.915001629283579643e-01
4.724938198729422001e-01 -2.194917688407725387e-01 9.834009076196876808e-01
4.875730561015959585e-01 -2.177471189280252850e-01 9.616091884218657126e-01
4.932514580461019316e-01 -2.137622869029198180e-01 9.263770155641727344e-01
4.879999781296107120e-01 -2.076339324657891783e-01 8.779560742739136447e-01
4.708885896525159542e-01 -1.993912916792218160e-01 8.170336295781434055e-01
4.434007439405627249e-01 -1.889525314268815370e-01 7.460376336534814135e-01
4.076382657047955549e-01 -1.763268999394420611e-01 6.678121649313188968e-01
3.657194449381721002e-01 -1.616696760175682090e-01 5.851741941568797678e-01
3.197771571003015234e-01 -1.452881039088479986e-01 5.009089125519214925e-01
2.719565879182015422e-01 -1.276453909539793097e-01 4.177652252184820281e-01
2.244125913715768750e-01 -1.093627926834926933e-01 3.384515618374381862e-01
1.793067074808413208e-01 -9.121982457566467362e-02 2.656321608186976158e-01
1.388038751164658857e-01 -7.415262741843685335e-02 2.019239855208208034e-01
1.050688688468075782e-01 -5.925053538315737389e-02 1.498944302054508459e-01
7.979608047152239592e-02 -4.756024863885552345e-02 1.114296205034670251e-01
6.280643671141535045e-02 -3.944018625530940070e-02 8.586344103708677677e-02
5.344527162784314112e-02 -3.501014543608887974e-02 7.190601717027712836e-02
5.104954305520927049e-02 -3.432293844194393012e-02 6.828192401400483280e-02
5.494891438511249893e-02 -3.736315015706175025e-02 7.373277844026938921e-02
6.446697354768429755e-02 -4.404671367645927871e-02 8.701957709235499938e-02
7.892257483349326974e-02 -5.422128117679043957e-02 1.069247128856743306e-01
9.763129044993944239e-02 -6.766736167564479931e-02 1.322536063996693212e-01
1.199069578399475644e-01 -8.410019933416493232e-02 1.618358916779158163e-01
1.450633094510049848e-01 -1.031723639241551443e-01 1.945261015812153327e-01
1.725014342022088421e-01 -1.245287734416691550e-01 2.293320774417316188e-01
2.019673279572923863e-01 -1.479762493755067687e-01 2.657961102687858013e-01
2.332931979482810725e-01 -1.733492897335065508e-01 3.036040752527619513e-01
2.663119273727476699e-01 -2.004622666153998145e-01 3.424563472061742386e-01
3.008576269645120149e-01 -2.291107637386974871e-01 3.820676461508152322e-01
3.367678659088755300e-01 -2.590772317182964968e-01 4.221627529233177856e-01
3.738905329520868515e-01 -2.901482392598347393e-01 4.624606052094884512e-01
4.120815940064819771e-01 -3.221090936096492885e-01 5.026785428754281249e-01
4.512041952202218154e-01 -3.547420111599838832e-01 5.425337744997786871e-01
4.911289894411978163e-01 -3.878274914481152913e-01 5.817419457255212922e-01
5.316992277976395620e-01 -4.211503780959274801e-01 6.200253103727039194e-01
5.726253017987481542e-01 -4.545144141700058760e-01 6.571397044247282437e-01
6.135896300027758876e-01 -4.877265024318208075e-01 6.928448527104664745e-01
6.542815644161112942e-01 -5.205921045659402946e-01 7.268941729352766945e-01
6.943971454924093845e-01 -5.529156683489770963e-01 7.590342931348759148e-01
7.336387556243064711e-01 -5.845009430301049136e-01 7.890047727606885886e-01
7.717146739066875760e-01 -6.151511723853546609e-01 8.165380296681454819e-01
8.083385155463508331e-01 -6.446692012573109754e-01 8.413594575897606065e-01
8.432285687288996190e-01 -6.728574518441367003e-01 8.631877491999294660e-01
8.761070284880884129e-01 -6.995177670201109255e-01 8.817354227528630961e-01
9.066646456346125760e-01 -7.244229064933573881e-01 8.967378694670016248e-01
9.344571220321139515e-01 -7.472305459140076156e-01 9.080392862288645395e-01
9.590088878661868765e-01 -7.675658286665404395e-01 9.155090411823407770e-01
9.798466103148397721e-01 -7.850489660631950750e-01 9.190150142924680132e-01
9.964979236726625444e-01 -7.992948755962596685e-01 9.184256230427003675e-01
1.008490054913235179e+00 -8.099128328435186708e-01 9.136122290746824248e-01
1.015348340204964561e+00 -8.165061462979064100e-01 9.044519340202676894e-01
1.016594692084883622e+00 -8.186718200060087991e-01 8.908307464491826977e-01
1.011745967622410092e+00 -8.160002557489958175e-01 8.726471513914327849e-01
1.000312251013834919e+00 -8.080750071166994397e-01 8.498160876691749355e-01
9.822003182293397305e-01 -7.947786333019671856e-01 8.225069840662933007e-01
9.589250727444106337e-01 -7.772211354758831181e-01 7.918397847286655633e-01
9.323908855277224239e-01 -7.568400466717944974e-01 7.591669029440368810e-01
9.044907529017487402e-01 -7.350969221719509950e-01 7.258302966140078860e-01
8.771121470466755055e-01 -7.134776957018325039e-01 6.931524986718305970e-01
8.521380352297461824e-01 -6.934889289337651253e-01 6.624377691003673352e-01
8.314392307909216351e-01 -6.766471066851522664e-01 6.349927117144049671e-01
8.168995723738881054e-01 -6.644962538451207879e-01 6.120755174726464354e-01
8.104266410245180019e-01 -6.586124924275080783e-01 5.948744948799596921e-01
8.139557964917280009e-01 -6.606027663373701397e-01 5.845004587713205080e-01
8.288539019307493705e-01 -6.716122660912119402e-01 5.815762066270592223e-01
8.541110727996642504e-01 -6.908320727249414039e-01 5.850584868430023233e-01
8.881162966791588120e-01 -7.169375515003948429e-01 5.935238378651068736e-01
9.292485898592485194e-01 -7.485736556271262998e-01 6.055925434305935440e-01
9.758720226994270774e-01 -7.843548750570330519e-01 6.199376635389824974e-01
1.026331547031988922e+00 -8.228659073591693129e-01 6.352927516045794309e-01
1.078949606103484449e+00 -8.626630072420387041e-01 6.504582199440251955e-01
1.132023491832806705e+00 -9.022759814345449048e-01 6.643063011064866963e-01
1.183823429404499583e+00 -9.402107465085226545e-01 6.757845696475186514e-01
1.232591355541345246e+00 -9.749523788593448259e-01 6.839179804626795978e-01
1.276996661317705284e+00 -1.005345357030653197e+00 6.880752509563723418e-01
1.317518472236656857e+00 -1.031736635127126434e+00 6.887297324780055074e-01
1.355100645886164745e+00 -1.054862551615803667e+00 6.865973870636019605e-01
1.390699709992279098e+00 -1.075473284496424320e+00 6.823606063726735949e-01
1.425285513557648986e+00 -1.094331421531956394e+00 6.766676825521701355e-01
1.459841553502738254e+00 -1.112210349482962934e+00 6.701331332074441649e-01
1.495365004417784860e+00 -1.129892489943896017e+00 6.633388985055200804e-01
1.532866400377448368e+00 -1.148167518741753268e+00 6.568364121162154623e-01
1.573369053433157028e+00 -1.167830510290715385e+00 6.511495681843375571e-01
1.617908215564665353e+00 -1.189680049200400713e+00 6.467785911885637340e-01
1.667192594477349354e+00 -1.214215111069842035e+00 6.440463819106727605e-01
1.720582507461595467e+00 -1.240728635409121150e+00 6.426484675319881212e-01
1.777087051410961127e+00 -1.268209736417783340e+00 6.421642276682442141e-01
1.835700276712865620e+00 -1.295646736948989464e+00 6.422163776851057548e-01
1.895402399155950990e+00 -1.322029287822753307e+00 6.424656289976108381e-01
1.955165688131728530e+00 -1.346354121764710587e+00 6.425829260261585185e-01
2.013969652862154458e+00 -1.367637692518938408e+00 6.421740234826041061e-01
2.070789678669386014e+00 -1.384905652797345788e+00 6.408298215172008039e-01
2.124594127327647186e+00 -1.397190200507731905e+00 6.381409025209707764e-01
2.174345764666709702e+00 -1.403530985415397891e+00 6.336923817263253600e-01
2.219192608273474310e+00 -1.403221011308475319e+00 6.271589254104642519e-01
2.259041198912830506e+00 -1.396541117647483787e+00 6.185968090299098776e-01
2.293994812605919531e+00 -1.384020771455957366e+00 6.081407991821498049e-01
2.324164318032320153e+00 -1.366191308267457938e+00 5.959073768938303317e-01
2.349667535662841367e+00 -1.343584912227117956e+00 5.819982057580989077e-01
2.370628615559076557e+00 -1.316733704307642805e+00 5.665033523732950771e-01
2.387177426078685549e+00 -1.286168924996846208e+00 5.495042518289889877e-01
2.399448947895376438e+00 -1.252420193533181125e+00 5.310764259595776027e-01
2.407582668181284635e+00 -1.216014840188194501e+00 5.112919396361194080e-01
2.411721971404797937e+00 -1.177477304552279058e+00 4.902215936844596111e-01
2.411938193750934989e+00 -1.137299505680054335e+00 4.679640666238563673e-01
2.408003681485314740e+00 -1.095853351917186025e+00 4.447285242653540305e-01
2.399616557607316736e+00 -1.053477798949781663e+00 4.207529789542746590e-01
2.386475380930871637e+00 -1.010507188274766488e+00 3.962777080541348695e-01
2.368278613028226953e+00 -9.672705168673649823e-01 3.715459441653224948e-01
2.344724129188553885e+00 -9.240908158269396377e-01 3.468044879992189800e-01
2.315508774391831004e+00 -8.812846409091529276e-01 3.223042473485990822e-01
2.280327975263957363e+00 -8.391616556345912192e-01 2.983006963118619570e-01
2.238875399283582368e+00 -7.980243298290689014e-01 2.750542675635900824e-01
2.190842664997504130e+00 -7.581677525458723199e-01 2.528306802986790558e-01
2.136294491494703518e+00 -7.199271679743372010e-01 2.318255432077165890e-01
2.076795251158265465e+00 -6.838218072568714723e-01 2.119405995011498511e-01
2.014283266057169008e+00 -6.504147159999960071e-01 1.930155815745718539e-01
1.950694862581359823e+00 -6.202673929649173967e-01 1.749030739664561018e-01
1.887963649289072787e+00 -5.939419668313129508e-01 1.574661861172126087e-01
1.828020443292551533e+00 -5.719984330227039226e-01 1.405866949681281730e-01
1.772794748838904866e+00 -5.549838989075525086e-01 1.241921267705969056e-01
1.724212364008817833e+00 -5.434529461543354811e-01 1.082147590143542337e-01
1.684194455259326872e+00 -5.379743591717014439e-01 9.257904299906961898e-02
1.654657437674990517e+00 -5.391319566136506536e-01 7.720169990972489127e-02
1.636878874022569264e+00 -5.472780362353623085e-01 6.201540317132415991e-02
1.629597423048106730e+00 -5.617866750219689953e-01 4.703840892165449261e-02
1.630919703718725300e+00 -5.817837799058225290e-01 3.230740988005159631e-02
1.638956024809165024e+00 -6.063907353246950072e-01 1.785756393713967827e-02
1.651821294528535100e+00 -6.347226936226159077e-01 3.724908789435849021e-03
1.667635752061379373e+00 -6.658872424842543492e-01 -1.005201245663991938e-02
1.684525519675542649e+00 -6.989834450946943445e-01 -2.343131710750757934e-02
1.700622971868331668e+00 -7.331012511853171043e-01 -3.636774237636979795e-02
1.714066920523594995e+00 -7.673212697941319549e-01 -4.881340302628597860e-02
1.723002614236098573e+00 -8.007148983690116628e-01 -6.071935082276473661e-02
1.725909383775635630e+00 -8.324300585928069429e-01 -7.202231521164416395e-02
1.722582798226584888e+00 -8.619511254807827871e-01 -8.259893222016385927e-02
1.713148951338822057e+00 -8.888497108865049956e-01 -9.231167410102023019e-02
1.697735769295341202e+00 -9.127005568568730132e-01 -1.010256498505361228e-01
1.676472294592356915e+00 -9.330817350945814770e-01 -1.086103248046902392e-01
1.649487871947335371e+00 -9.495747754396663964e-01 -1.149413859442822705e-01
1.616911239763892727e+00 -9.617647306740420010e-01 -1.199027516049509245e-01
1.578869546955073755e+00 -9.692401594506975249e-01 -1.233887379512023652e-01
1.535487288450869237e+00 -9.715930631244619198e-01 -1.253063699155922972e-01
1.486885168710483152e+00 -9.684187837580604530e-01 -1.255778400246434223e-01
1.433178903707729823e+00 -9.593158734668401078e-01 -1.241431189098449184e-01
1.374477971237453522e+00 -9.438859510825934329e-01 -1.209627203922983146e-01
1.310884320528566294e+00 -9.217335648044735485e-01 -1.160206247059376583e-01
1.242491053384333410e+00 -8.924660823583918656e-01 -1.093273640439604844e-01
1.169381090419110647e+00 -8.556936332053932670e-01 -1.009232751354804392e-01
1.091620327784286193e+00 -8.110342729365686010e-01 -9.090220965756132254e-02
1.009243115249570000e+00 -7.581268507389342659e-01 -7.946466295900053711e-02
9.222749239886285366e-01 -6.966109747086607351e-01 -6.683663363707462168e-02
8.307408627080975494e-01 -6.261211198079765783e-01 -5.324116020250951875e-02
7.346681000576188447e-01 -5.462864211276395876e-01 -3.889208284139634986e-02
6.340883447784083637e-01 -4.567303316028910598e-01 -2.398736072082550269e-02
5.290403801233474201e-01 -3.570701368061405256e-01 -8.701934904560372497e-03
4.195726559220172014e-01 -2.469163320516482019e-01 6.819870935907133488e-03
3.057459493066153056e-01 -1.258718809582560216e-01 2.247241785476096487e-02
