5.136982446649501100e+00 4.479898719937305818e-01 -4.531697992747474868e-01
4.648400638526286599e+00 4.040312699326579216e-01 -4.089087929770304219e-01
4.218747802101994182e+00 3.654571864852772523e-01 -3.700586381331252839e-01
3.844611621814322699e+00 3.319622732918958707e-01 -3.363069881202507272e-01
3.522579782100976775e+00 3.032411819928210739e-01 -3.073414963156255175e-01
3.249239967399657480e+00 2.789885642283604361e-01 -2.828498160964684760e-01
3.021179862148063666e+00 2.588990716388210878e-01 -2.625196008399980907e-01
2.834987150783897292e+00 2.426673558645105755e-01 -2.460385039234332938e-01
2.687249517744859872e+00 2.299880685457362794e-01 -2.330941787239926843e-01
2.574554647468654256e+00 2.205558613228055798e-01 -2.233742786188952223e-01
2.493490224392978849e+00 2.140653858360258288e-01 -2.165664569853594512e-01
2.440643932955537387e+00 2.102112937257044623e-01 -2.123583672006041922e-01
2.412603457594028278e+00 2.086882366321487492e-01 -2.104376626418481000e-01
2.405956482746155256e+00 2.091908661956661253e-01 -2.104919966863099123e-01
2.417290692849617617e+00 2.114138340565640539e-01 -2.122090227112084504e-01
2.443193772342118653e+00 2.150517918551497765e-01 -2.152763940937623688e-01
2.480253405661357213e+00 2.197993912317307286e-01 -2.193817642111904331e-01
2.525057277245036147e+00 2.253512838266144014e-01 -2.242127864407113813e-01
2.574193071530856525e+00 2.314021212801080363e-01 -2.294571141595439512e-01
2.624248472956518530e+00 2.376465552325190689e-01 -2.348024007449067974e-01
2.671811165959725454e+00 2.437792373241549626e-01 -2.399362995740188798e-01
2.713468834978176147e+00 2.494948191953229033e-01 -2.445464640240986309e-01
2.745809164449573458e+00 2.544879524863304376e-01 -2.483205474723649830e-01
2.765419838811616238e+00 2.584532888374848625e-01 -2.509462032960365629e-01
2.768888542502008665e+00 2.610854798890935857e-01 -2.521110848723321363e-01
2.752802959958450923e+00 2.620791772814640708e-01 -2.515028455784705796e-01
2.714677816296891422e+00 2.611947791652405315e-01 -2.488883579364872256e-01
2.655736007634674767e+00 2.584556703202356420e-01 -2.443513717559604170e-01
2.578127474911595662e+00 2.539509823305092784e-01 -2.380548563454231437e-01
2.484002159067451032e+00 2.477698467801215665e-01 -2.301617810134085063e-01
2.375510001042034691e+00 2.400013952531324379e-01 -2.208351150684492448e-01
2.254800941775143119e+00 2.307347593336018243e-01 -2.102378278190786265e-01
2.124024922206571464e+00 2.200590706055897960e-01 -1.985328885738295024e-01
1.985331883276115761e+00 2.080634606531562847e-01 -1.858832666412349177e-01
1.840871765923572045e+00 1.948370610603613606e-01 -1.724519313298279732e-01
1.692794511088735465e+00 1.804690034112650387e-01 -1.584018519481415754e-01
1.543448915936202592e+00 1.650998789231357122e-01 -1.439232317670348094e-01
1.395979204663276629e+00 1.490761178981791779e-01 -1.293152101988601366e-01
1.253728458758814446e+00 1.327956105478614590e-01 -1.149041607643910418e-01
1.120039759711671801e+00 1.166562470836485371e-01 -1.010164569844007737e-01
9.982561890107043423e-01 1.010559177170064216e-01 -8.797847237966276157e-02
8.917208281447679408e-01 8.639251265940113556e-02 -7.611658047095033741e-02
8.037767586027183553e-01 7.306392212229859129e-02 -6.575715477903680550e-02
7.377670618734109009e-01 6.146803631716480504e-02 -5.722656882469549788e-02
6.970348194457023361e-01 5.200274545546582777e-02 -5.085119612869981598e-02
6.849231128084476428e-01 4.506593974866761332e-02 -4.695741021182307795e-02
7.032454803648289232e-01 4.091436810738894453e-02 -4.573496062318603561e-02
7.476972827052531523e-01 3.924021373409872920e-02 -4.682710053669320027e-02
8.124443345994168952e-01 3.959451827803817103e-02 -4.974045891029368199e-02
8.916524508170141639e-01 4.152832338844839738e-02 -5.398166470193647287e-02
9.794874461277408573e-01 4.459267071457059806e-02 -5.905734686957062052e-02
1.070115135301290987e+00 4.833860190564590736e-02 -6.447413437114511703e-02
1.157701333107359787e+00 5.231715861091550124e-02 -6.973865616460903083e-02
1.236411854315643044e+00 5.607938247962053480e-02 -7.435754120791139565e-02
1.300412513695835104e+00 5.917631516100216316e-02 -7.783741845900117584e-02
1.343869126017631199e+00 6.115899830430155532e-02 -7.968491687582748839e-02
1.362821220740133565e+00 6.169752313012581701e-02 -7.957626393615639671e-02
1.360803212883827662e+00 6.093818084756678910e-02 -7.786608362315318443e-02
1.343223245560505763e+00 5.914631308859411712e-02 -7.507859965286754755e-02
1.315489461881959476e+00 5.658726148517752297e-02 -7.173803574134930694e-02
1.283010004959981742e+00 5.352636766928668688e-02 -6.836861560464828347e-02
1.251193017906364169e+00 5.022897327289128910e-02 -6.549456295881421475e-02
1.225446643832899696e+00 4.696041992796105152e-02 -6.364010151989692166e-02
1.211179025851379487e+00 4.398604926646563357e-02 -6.332945500394615568e-02
1.213798307073596927e+00 4.157120292037477793e-02 -6.508684712701173769e-02
1.238712630611343402e+00 3.998122252165812324e-02 -6.943650160514344694e-02
1.289345530743922108e+00 3.940285049403401824e-02 -7.669592842989590709e-02
1.361182092225635687e+00 3.970843186602941721e-02 -8.635578121630996251e-02
1.447722783880770026e+00 4.069171217682673869e-02 -9.769999911566408513e-02
1.542468074533611011e+00 4.214643696560835956e-02 -1.100125212792366358e-01
1.638918433008447417e+00 4.386635177155676774e-02 -1.225772868583064057e-01
1.730574328129563355e+00 4.564520213385431235e-02 -1.346782350041516862e-01
1.810936228721246932e+00 4.727673359168344663e-02 -1.455993048680510327e-01
1.873504603607783370e+00 4.855469168422657522e-02 -1.546244356012828614e-01
1.911779921613459443e+00 4.927282195066610276e-02 -1.610375663551256720e-01
1.919262651562560151e+00 4.922486993018442003e-02 -1.641226362808579364e-01
1.891951345691969655e+00 4.827021236119868192e-02 -1.634746850851558075e-01
1.835836889888948553e+00 4.653075077906468349e-02 -1.599331546962856621e-01
1.759408253453357496e+00 4.419401791837300475e-02 -1.546485875979116686e-01
1.671154405685054023e+00 4.144754651371417020e-02 -1.487715262736977739e-01
1.579564315883898118e+00 3.847886929967871822e-02 -1.434525132073082299e-01
1.493126953349747543e+00 3.547551901085718717e-02 -1.398420908824069553e-01
1.420331287382461838e+00 3.262502838184015708e-02 -1.390908017826580911e-01
1.369666287281897876e+00 3.011493014721808303e-02 -1.423491883917256395e-01
1.349620922347915419e+00 2.813275704158154852e-02 -1.507677931932737414e-01
1.368684161880372674e+00 2.686604179952108151e-02 -1.654971586709663989e-01
1.432262579863511798e+00 2.643742598595699364e-02 -1.872678175260727718e-01
1.533433191066091883e+00 2.670998695126597378e-02 -2.151302663344230592e-01
1.662190625964742541e+00 2.748191110822299082e-02 -2.477149933915220592e-01
1.808529515036090496e+00 2.855138486960297206e-02 -2.836524869928742643e-01
1.962444488756764249e+00 2.971659464818087945e-02 -3.215732354339844168e-01
2.113930177603392302e+00 3.077572685673167496e-02 -3.601077270103571482e-01
2.252981212052600934e+00 3.152696790803027893e-02 -3.978864500174970065e-01
2.369592222581019758e+00 3.176850421485166026e-02 -4.335398927509086509e-01
2.453757839665275498e+00 3.129852218997078439e-02 -4.656985435060965739e-01
2.495472693781997098e+00 2.991520824616257512e-02 -4.929928905785659898e-01
2.487656751080408402e+00 2.749064078859560570e-02 -5.143351223061856103e-01
2.434931278552923128e+00 2.419246513498129678e-02 -5.297642231665384838e-01
2.344842857940996339e+00 2.026221806690986157e-02 -5.396008756647033833e-01
2.224938070986081762e+00 1.594143636597150984e-02 -5.441657623057593041e-01
2.082763499429634901e+00 1.147165681375645827e-02 -5.437795655947853524e-01
1.925865725013108154e+00 7.094416191854915725e-03 -5.387629680368601903e-01
1.761791329477957024e+00 3.051251281857095873e-03 -5.294366521370627021e-01
1.598086894565635907e+00 -4.163011346467902427e-04 -5.161213004004719940e-01
1.442299002017598308e+00 -3.066704276066529403e-03 -4.991375953321667835e-01
1.301974233575298845e+00 -4.658421360811916198e-03 -4.788062194372261771e-01
1.183264820187228672e+00 -5.053548521282737183e-03 -4.557621280209583903e-01
1.086745569683642110e+00 -4.528715028322182271e-03 -4.318973720853057641e-01
1.011596929128620870e+00 -3.464183808006470779e-03 -4.094182776803020896e-01
9.569993455862469967e-01 -2.240217786411803809e-03 -3.905311708559818240e-01
9.221332661206017578e-01 -1.237079889614382030e-03 -3.774423776623782589e-01
9.061791377957673088e-01 -8.350330436904277939e-04 -3.723582241495259626e-01
9.083174076758252502e-01 -1.414340174716133963e-03 -3.774850363674586151e-01
9.277285228248567384e-01 -3.355264208767657838e-03 -3.950291403662097300e-01
9.635929303069441509e-01 -7.038068071921286389e-03 -4.271968621958139867e-01
1.015091077186169199e+00 -1.284301469025319470e-02 -4.761945279063050651e-01
1.080722277231477069e+00 -2.098957343280356824e-02 -5.430264013718664184e-01
1.156261281800037288e+00 -3.105403253992055149e-02 -6.238884461760884070e-01
1.236801694338192092e+00 -4.245188324462385171e-02 -7.137745379329790696e-01
1.317437118292283271e+00 -5.459861677993312068e-02 -8.076785522565449460e-01
1.393261157108653059e+00 -6.690972437886806568e-02 -9.005943647607941305e-01
1.459367414233642801e+00 -7.880069727444834193e-02 -9.875158510597336070e-01
1.510849493113593844e+00 -8.968702669969362551e-02 -1.063436886767370249e+00
1.542800997194849311e+00 -9.898420388762363409e-02 -1.123351347497712149e+00
1.550315529923748992e+00 -1.061077200712579882e-01 -1.162253108864765849e+00
1.528486694746636010e+00 -1.104730664836163917e-01 -1.175136046482539109e+00
1.474306212712911179e+00 -1.117136717679021035e-01 -1.158813128535479686e+00
1.392358275284210745e+00 -1.103347142080524368e-01 -1.117373693489797759e+00
1.289125191525230418e+00 -1.070593094981882321e-01 -1.056726172382144391e+00
1.171089270500666801e+00 -1.026105733324304686e-01 -9.827789962491704223e-01
1.044732821275214496e+00 -9.771162140489994541e-02 -9.014405961275261392e-01
9.165381529135697702e-01 -9.308556940971758620e-02 -8.186194030538628263e-01
7.929875744804286697e-01 -8.945553304100431480e-02 -7.402238480648314356e-01
6.805633950404867960e-01 -8.754462799288095787e-02 -6.721623621970825857e-01
5.857479236584398619e-01 -8.807596995946842533e-02 -6.203433764872671174e-01
5.150234693989832468e-01 -9.177267463488758548e-02 -5.906753219720356496e-01
4.730097752234883601e-01 -9.911995417027670563e-02 -5.873045948860708965e-01
4.568763996122623960e-01 -1.096514167545010049e-01 -6.073295278741048797e-01
4.619303749081920540e-01 -1.226627721382442388e-01 -6.460864565876602850e-01
4.834787334541642001e-01 -1.374497300721910786e-01 -6.989117166782621293e-01
5.168285075930658667e-01 -1.533080003070252939e-01 -7.611416437974329874e-01
5.572867296677835869e-01 -1.695332925934310286e-01 -8.281125735966965440e-01
6.001604320212041710e-01 -1.854213166820921632e-01 -8.951608417275755958e-01
6.407566469962145961e-01 -2.002677823236929389e-01 -9.576227838415941607e-01
6.743824069357013951e-01 -2.133683992689174025e-01 -1.010834735590275368e+00
6.963447441825511008e-01 -2.240188772684494900e-01 -1.050133032625142349e+00
7.031461681029086419e-01 -2.317935022351239605e-01 -1.072250563355028108e+00
6.960710790545452387e-01 -2.373808607453211927e-01 -1.079506407240190535e+00
6.775993458678020165e-01 -2.417481135450469942e-01 -1.075616186509308569e+00
6.502108373730210999e-01 -2.458624213803076441e-01 -1.064295523391061593e+00
6.163854224005438365e-01 -2.506909449971090331e-01 -1.049260040114128767e+00
5.786029697807116845e-01 -2.572008451414572461e-01 -1.034225358907189252e+00
5.393433483438665466e-01 -2.663592825593583679e-01 -1.022907101998922208e+00
5.010864269203497701e-01 -2.791334179968184559e-01 -1.019020891618007241e+00
4.663120743405030355e-01 -2.964904121998434006e-01 -1.026282349993122844e+00
4.375001594346681344e-01 -3.193974259144395367e-01 -1.048407099352949068e+00
4.164842048073350567e-01 -3.485559818652079755e-01 -1.088123146707556943e+00
4.025123389135142338e-01 -3.836050468911422762e-01 -1.144208024064613083e+00
3.941863393593200149e-01 -4.239179479098331149e-01 -1.214451641149176586e+00
3.901079837508664716e-01 -4.688680118388716678e-01 -1.296643907686307440e+00
3.888790496942676200e-01 -5.178285655958482225e-01 -1.388574733401063410e+00
3.891013147956376428e-01 -5.701729360983538442e-01 -1.488034028018504484e+00
3.893765566610906670e-01 -6.252744502639795421e-01 -1.592811701263690205e+00
3.883065528967408753e-01 -6.825064350103143829e-01 -1.700697662861676562e+00
3.844930811087022837e-01 -7.412422172549520960e-01 -1.809481822537528428e+00
3.765379189030891860e-01 -8.008551239154819701e-01 -1.916954090016301571e+00
3.632401748277130360e-01 -8.608068145200008514e-01 -2.020933741307658238e+00
3.441882896657459390e-01 -9.209122828294725727e-01 -2.119357518819938946e+00
3.191680393763654533e-01 -9.810748571107991145e-01 -2.210191531876225302e+00
2.879651999187494149e-01 -1.041197865630882902e+00 -2.291401889799600244e+00
2.503655472520754932e-01 -1.101184636656626470e+00 -2.360954701913145826e+00
2.061548573355211911e-01 -1.160938498454931578e+00 -2.416816077539944096e+00
1.551189061282642334e-01 -1.220362779292700761e+00 -2.456952126003075776e+00
9.704346958948222024e-02 -1.279360807436836556e+00 -2.479328956625625136e+00
3.171432367835283483e-02 -1.337835911154240387e+00 -2.481912678730671562e+00
-4.108275564594626728e-02 -1.395691418711815013e+00 -2.462669401641298883e+00
-1.211762724143286701e-01 -1.452564473666366984e+00 -2.420412387722214564e+00
-2.068518506180724859e-01 -1.507027480734318692e+00 -2.357343511504623290e+00
-2.960093942385471077e-01 -1.557386659921996319e+00 -2.276511800561357379e+00
-3.865488072571219846e-01 -1.601948231235727382e+00 -2.180966282465249595e+00
-4.763699936551664682e-01 -1.639018414681838065e+00 -2.073755984789129592e+00
-5.633728574140499656e-01 -1.666903430266655439e+00 -1.957929935105829689e+00
-6.454573025151417731e-01 -1.683909497996506577e+00 -1.836537160988181538e+00
-7.205232329398115754e-01 -1.688342837877717217e+00 -1.712626690009016794e+00
-7.864705526694282245e-01 -1.678509669916614433e+00 -1.589247549741166221e+00
-8.411991656853615718e-01 -1.652716214119525517e+00 -1.469448767757461694e+00
-8.833099386790913554e-01 -1.610109324151365096e+00 -1.355803294648710189e+00
-9.142075591006439961e-01 -1.553198352235511948e+00 -1.248979793508517622e+00
-9.359976620692901372e-01 -1.485333266216088299e+00 -1.149170860663862426e+00
-9.507858827043011996e-01 -1.409864033937210159e+00 -1.056569092441715929e+00
-9.606778561249473825e-01 -1.330140623242999087e+00 -9.713670851690560104e-01
-9.677792174504988854e-01 -1.249513001977573978e+00 -8.937574351728585498e-01
-9.741956018002265738e-01 -1.171331137985055282e+00 -8.239327387800993163e-01
-9.820326442934006472e-01 -1.098944999109561893e+00 -7.620855923177539681e-01
-9.933959800492926373e-01 -1.035704553195214261e+00 -7.084085921127990515e-01
-1.010391244187172299e+00 -9.849597680861319482e-01 -6.630943344922096694e-01
-1.034443639120858460e+00 -9.490598409958163062e-01 -6.260951567430771414e-01
-1.064256646176013232e+00 -9.263509009314112586e-01 -5.964023634298810661e-01
-1.097853318839662640e+00 -9.141783134274859002e-01 -5.727670017956763004e-01
-1.133256710598833150e+00 -9.098874440186098811e-01 -5.539401190835182565e-01
-1.168489874940551454e+00 -9.108236582393526293e-01 -5.386727625364616800e-01
-1.201575865351843353e+00 -9.143323216242829066e-01 -5.257159793975623163e-01
-1.230537735319736869e+00 -9.177587997079710291e-01 -5.138208169098742450e-01
-1.253398538331256473e+00 -9.184484580249859809e-01 -5.017383223164538775e-01
-1.268181327873429742e+00 -9.137466621098968567e-01 -4.882195428603549048e-01
-1.272909157433282701e+00 -9.009987774972736396e-01 -4.720155257846339603e-01
-1.266344521720418337e+00 -8.783454908677588158e-01 -4.522378836469734265e-01
-1.250207638023884460e+00 -8.471087279779787593e-01 -4.294404696320077708e-01
-1.226958143700022319e+00 -8.094057129766341063e-01 -4.045376919232882562e-01
-1.199055676105177382e+00 -7.673536700124322651e-01 -3.784439587043699760e-01
-1.168959872595690230e+00 -7.230698232340726506e-01 -3.520736781588034159e-01
-1.139130370527906111e+00 -6.786713967902628930e-01 -3.263412584701437802e-01
-1.112026807258166050e+00 -6.362756148297028513e-01 -3.021611078219419988e-01
-1.090108820142815516e+00 -5.979997015010994899e-01 -2.804476343977528874e-01
-1.075836046538195312e+00 -5.659608809531534446e-01 -2.621152463811275424e-01
-1.071668123800650019e+00 -5.422763773345709026e-01 -2.480783519556205574e-01
-1.079623869901809918e+00 -5.284926179772431176e-01 -2.390089332133833733e-01
-1.099958837886352070e+00 -5.238728592763929326e-01 -2.346092748168103204e-01
-1.132487767720170346e+00 -5.271095689756866154e-01 -2.343392388048022856e-01
-1.177025399369154179e+00 -5.368952148187908779e-01 -2.376586872162609609e-01
-1.233386472799200551e+00 -5.519222645493734314e-01 -2.440274820900880104e-01
-1.301385727976195783e+00 -5.708831859111000995e-01 -2.529054854651844875e-01
-1.380837904866038413e+00 -5.924704466476388154e-01 -2.637525593804525004e-01
-1.471557743434613208e+00 -6.153765145026549588e-01 -2.760285658747925752e-01
-1.573359983647821148e+00 -6.382938572198172400e-01 -2.891933669871074031e-01
-1.686059365471545224e+00 -6.599149425427904836e-01 -3.027068247562972325e-01
-1.808548964590208419e+00 -6.790641417729160745e-01 -3.160366310497914055e-01
-1.936035199562343490e+00 -6.950934404422274282e-01 -3.286817970491281438e-01
-2.062802824664994095e+00 -7.074867276404299687e-01 -3.401491637643712651e-01
-2.183136594175225209e+00 -7.157278924572308965e-01 -3.499455722055868079e-01
-2.291321262370078937e+00 -7.193008239823356353e-01 -3.575778633828387010e-01
-2.381641583526619144e+00 -7.176894113054511637e-01 -3.625528783061925386e-01
-2.448382311921891930e+00 -7.103775435162839047e-01 -3.643774579857130824e-01
-2.485828201832957163e+00 -6.968491097045396154e-01 -3.625584434314651494e-01
-2.488264007536864941e+00 -6.765879989599256072e-01 -3.566026756535137787e-01
-2.449974483310669360e+00 -6.490781003721466380e-01 -3.460169956619235654e-01
-2.367925924467871202e+00 -6.142107565256128554e-01 -3.305934298341028921e-01
-2.249810867187514329e+00 -5.735071356409152665e-01 -3.112647541760765746e-01
-2.106003427045128440e+00 -5.288958652620635581e-01 -2.892489341408535086e-01
-1.946877719616223690e+00 -4.823055729330597008e-01 -2.657639351814390372e-01
-1.782807860476333772e+00 -4.356648861979140475e-01 -2.420277227508425832e-01
-1.624167965200964847e+00 -3.909024326006286798e-01 -2.192582623020692956e-01
-1.481332149365651274e+00 -3.499468396852133401e-01 -1.986735192881284584e-01
-1.364674528545901211e+00 -3.147267349956708316e-01 -1.814914591620254980e-01
-1.284569218317246797e+00 -2.871707460760102859e-01 -1.689300473767693378e-01
-1.251390334255200854e+00 -2.692075004702352281e-01 -1.622072493853660702e-01
-1.272083776236867303e+00 -2.621301510827769299e-01 -1.621353310472045395e-01
-1.339882385180190649e+00 -2.646899158973472499e-01 -1.679037366327140457e-01
-1.444590688221248032e+00 -2.750025200767469702e-01 -1.782961992113798466e-01
-1.576013212496130356e+00 -2.911836887837777055e-01 -1.920964518526886988e-01
-1.723954485140908766e+00 -3.113491471812387945e-01 -2.080882276261249997e-01
-1.878219033291671947e+00 -3.336146204319316855e-01 -2.250552596011753115e-01
-2.028611384084508806e+00 -3.560958336986582706e-01 -2.417812808473260855e-01
-2.164936064655488934e+00 -3.769085121442174446e-01 -2.570500244340616636e-01
-2.276997602140706789e+00 -3.941683809314118769e-01 -2.696452234308692186e-01
-2.354600523676235291e+00 -4.059911652230407397e-01 -2.783506109072333978e-01
-2.390748630746403425e+00 -4.109547633237615738e-01 -2.822978112421565267e-01
-2.391242639165854555e+00 -4.094857396600831145e-01 -2.820099941463458104e-01
-2.365082447566816182e+00 -4.024728185776803580e-01 -2.783582106869169071e-01
-2.321267954581510917e+00 -3.908047244222280225e-01 -2.722135119309855300e-01
-2.268799058842161820e+00 -3.753701815393999941e-01 -2.644469489456667821e-01
-2.216675658980995944e+00 -3.570579142748720458e-01 -2.559295727980768764e-01
-2.173897653630234572e+00 -3.367566469743174529e-01 -2.475324345553306660e-01
-2.149464941422104314e+00 -3.153551039834124881e-01 -2.401265852845445303e-01
-2.152377420988827783e+00 -2.937420096478298714e-01 -2.345830760528332948e-01
-2.191634990962628926e+00 -2.728060883132461534e-01 -2.317729579273130891e-01
-2.273101099856502216e+00 -2.531872751007325228e-01 -2.322837721496795460e-01
-2.390093485440742072e+00 -2.345303553508502614e-01 -2.355690287712025599e-01
-2.532793480233383576e+00 -2.162313287384880212e-01 -2.407987320733439851e-01
-2.691382416752438278e+00 -1.976861949385383399e-01 -2.471428863375652041e-01
-2.856041627515947479e+00 -1.782909536258901473e-01 -2.537714958453286540e-01
-3.016952445041923170e+00 -1.574416044754358701e-01 -2.598545648780953288e-01
-3.164296201848402212e+00 -1.345341471620643270e-01 -2.645620977173275268e-01
-3.288254230453398375e+00 -1.089645813606682778e-01 -2.670640986444867138e-01
-3.379007863374948961e+00 -8.012890674613609709e-02 -2.665305719410347440e-01
-3.426738433131070405e+00 -4.742312299336107206e-02 -2.621315218884335274e-01
-3.424744151557653105e+00 -1.047237877760304192e-02 -2.533181987496566090e-01
-3.378790747762013158e+00 3.018158122439750651e-02 -2.406668367137236308e-01
-3.297760830169333968e+00 7.376786333552415309e-02 -2.250349159511680075e-01
-3.190537007204786946e+00 1.195155738786680688e-01 -2.072799166325204057e-01
-3.066001887293559047e+00 1.666538191767123755e-01 -1.882593189283145174e-01
-2.933038078860819908e+00 2.144117055525485149e-01 -1.688306030090808429e-01
-2.800528190331760481e+00 2.620183393290594354e-01 -1.498512490453532686e-01
-2.677354830131545960e+00 3.087028268291366895e-01 -1.321787372076622114e-01
-2.572400606685365965e+00 3.536942743756633090e-01 -1.166705476665413493e-01
-2.494548128418391464e+00 3.962217882915305411e-01 -1.041841605925215575e-01
-2.450122506844877979e+00 4.356044519233998602e-01 -9.534319893376137778e-02
-2.435218792664518794e+00 4.715212592873253006e-01 -8.983585005818643665e-02
-2.443374503080536719e+00 5.037411827102732387e-01 -8.711644076597069297e-02
-2.468127155296151454e+00 5.320331945192159351e-01 -8.663929785728731459e-02
-2.503014266514581809e+00 5.561662670411201548e-01 -8.785874813230978853e-02
-2.541573353939049706e+00 5.759093726029577143e-01 -9.022911839121168509e-02
-2.577341934772773069e+00 5.910314835316962112e-01 -9.320473543416622764e-02
-2.603857526218973373e+00 6.013015721543061298e-01 -9.623992606134708361e-02
-2.614657645480870318e+00 6.064886107977566221e-01 -9.878901707292753187e-02
-2.603279809761684049e+00 6.063615717890171730e-01 -1.003063352690811288e-01
-2.565011716587696888e+00 6.008440385348734480e-01 -1.003721362345984663e-01
-2.502141884924268478e+00 5.904780476083549834e-01 -9.907039789849332589e-02
-2.418709064133606645e+00 5.759602510858310431e-01 -9.661103057729987509e-02
-2.318752003577905452e+00 5.579873010436683378e-01 -9.320394458755193456e-02
-2.206309452619375389e+00 5.372558495582364646e-01 -8.905905024578374130e-02
-2.085420160620213625e+00 5.144625487059028002e-01 -8.438625786852921307e-02
-1.960122876942614667e+00 4.903040505630341661e-01 -7.939547777232207337e-02
-1.834456350948793002e+00 4.654770072060008257e-01 -7.429662027369679511e-02
-1.712459332000938694e+00 4.406780707111687678e-01 -6.929959568918694912e-02
-1.598170569461263124e+00 4.166038931549080893e-01 -6.461431433532696667e-02
-1.494898179904768476e+00 3.938564077576334754e-01 -6.041210519101400389e-02
-1.403027790564558064e+00 3.726586777357758784e-01 -5.670997409222632707e-02
-1.322214416789800895e+00 3.531390501597008735e-01 -5.348634664111023146e-02
-1.252113073929680631e+00 3.354258720997770893e-01 -5.071964843981253968e-02
-1.192378777333368056e+00 3.196474906263701565e-01 -4.838830509047962330e-02
-1.142666542350045722e+00 3.059322528098486482e-01 -4.647074219525827027e-02
-1.102631384328885966e+00 2.944085057205785838e-01 -4.494538535629491460e-02
-1.071928318619068898e+00 2.852045964289280366e-01 -4.379066017573627484e-02
-1.050212360569769077e+00 2.784488720052634703e-01 -4.298499225572882665e-02
-1.037138525530165278e+00 2.742696795199525694e-01 -4.250680719841924693e-02
-1.031897295838039241e+00 2.726207617993770538e-01 -4.231770179364193613e-02
-1.031821035075947135e+00 2.727574496894287770e-01 -4.231195806345735416e-02
-1.033777580460201850e+00 2.737604722897299392e-01 -4.236702945835017081e-02
-1.034634769207114724e+00 2.747105586999030735e-01 -4.236036942880506279e-02
-1.031260438532998869e+00 2.746884380195706576e-01 -4.216943142530667904e-02
-1.020522425654167176e+00 2.727748393483551137e-01 -4.167166889833975180e-02
-9.992885677869305372e-01 2.680504917858785308e-01 -4.074453529838886756e-02
-9.644267021476033985e-01 2.595961244317638861e-01 -3.926548407593880019e-02
-9.128046659524953199e-01 2.464924663856328801e-01 -3.711196868147409456e-02
-8.412902964179227450e-01 2.278202467471089898e-01 -3.416144256547960778e-02
-7.483905982012331037e-01 2.031224622393549561e-01 -3.035677452126830933e-02
-6.391692457239142033e-01 1.737911800796949346e-01 -2.590249471346646112e-02
-5.203290808485061536e-01 1.416807351089980904e-01 -2.106854864952933254e-02
-3.985729454375285807e-01 1.086454621681278987e-01 -1.612488183691134988e-02
-2.806036813535219276e-01 7.653969609795362172e-02 -1.134143978306780161e-02
-1.731241304590061536e-01 4.721777173933901922e-02 -6.988167995453156527e-03
-8.283713461652095211e-02 2.253402393315299956e-02 -3.335011981522635009e-03
-1.644553568858819759e-02 4.342787520259794309e-03 -6.519172487307956301e-04
1.934782446225633001e-02 -5.501602658472548590e-03 7.911706954672834829e-04
1.784010397348517740e-02 -5.144811762178486125e-03 7.243063436168512004e-04
-2.503886333603334499e-02 6.543274291231642066e-03 -1.015826368336276465e-03
-1.028284656001192815e-01 2.779586582854540536e-02 -4.166022680140039902e-03
-2.064353776101875704e-01 5.612194205763588323e-02 -8.356446862783977955e-03
-3.267662741576686791e-01 8.903048218638008604e-02 -1.321726318725824009e-02
-4.547278300339733237e-01 1.240304654226499631e-01 -1.837863592455219602e-02
-5.812267200305341053e-01 1.586308709743232404e-01 -2.347072934565608976e-02
-6.971696189387617260e-01 1.903406780492718220e-01 -2.812370772155928580e-02
-7.934632015500870938e-01 2.166688658553729274e-01 -3.196773532325196399e-02
-8.610141426559241307e-01 2.351244136004992380e-01 -3.463297642172361718e-02
-8.907291170476994147e-01 2.432163004925270433e-01 -3.574959528796425173e-02
-8.765313009348711937e-01 2.392809600326807618e-01 -3.507185288184111460e-02
-8.244100488058846432e-01 2.249646902432395901e-01 -3.285040401965207135e-02
-7.433713028712614079e-01 2.027412671138307532e-01 -2.946000375705827568e-02
-6.424210053415124744e-01 1.750844666340780342e-01 -2.527540714972042329e-02
-5.305650984271640391e-01 1.444680647936097684e-01 -2.067136925329984484e-02
-4.168095243387288651e-01 1.133658375820504605e-01 -1.602264512345733666e-02
-3.101602252867193821e-01 8.425156098902458757e-02 -1.170398981585366559e-02
-2.196231434816626749e-01 5.959901100416054032e-02 -8.090158386150202163e-03
-1.542042211340683699e-01 4.188196361708202559e-02 -5.555905890007602210e-03
-1.229094004544594998e-01 3.357419481741638623e-02 -4.475987383087064522e-03
-1.321999318050905148e-01 3.644734909501209930e-02 -5.112863960372262227e-03
-1.783584437625683750e-01 4.946458511661046969e-02 -7.279827299603990054e-03
-2.551229458584207133e-01 7.088695013703355530e-02 -1.067787833055610335e-02
-3.562314476241643657e-01 9.897549141110038862e-02 -1.500801798300195264e-02
-4.754219585913311286e-01 1.319912561936341100e-01 -1.997124718671556068e-02
-6.064324882914344794e-01 1.681952917394528568e-01 -2.526856687147016264e-02
-7.430010462560092677e-01 2.058486453033806507e-01 -3.060097796703987322e-02
-8.788656420165666949e-01 2.432123641402350045e-01 -3.566948140319788768e-02
-1.007764285104642665e+00 2.785474955048400370e-01 -4.017507810971828602e-02
-1.123434985051748658e+00 3.101150866520136495e-01 -4.381876901637435373e-02
-1.220723167493043215e+00 3.364920815041441693e-01 -4.637233896388564397e-02
-1.298903890794849580e+00 3.575190016160317841e-01 -4.789070641161692621e-02
-1.358359613585528702e+00 3.733522606911392483e-01 -4.849957271731421271e-02
-1.399472794493430428e+00 3.841482724329266518e-01 -4.832463923872330758e-02
-1.422625892146914151e+00 3.900634505448564715e-01 -4.749160733359009123e-02
-1.428201365174331716e+00 3.912542087303891858e-01 -4.612617835966046492e-02
-1.416581672204038966e+00 3.878769606929863833e-01 -4.435405367468021193e-02
-1.388149271864391965e+00 3.800881201361095418e-01 -4.230093463639534451e-02
-1.343286622783743001e+00 3.680441007632194728e-01 -4.009252260255154882e-02
-1.282376183590450580e+00 3.519013162777784309e-01 -3.785451893089489261e-02
-1.206296539841174909e+00 3.319186226996573286e-01 -3.567840177975421800e-02
-1.117910784805797642e+00 3.087646453143662040e-01 -3.351875650979069254e-02
-1.020578138682521230e+00 2.832104517238283048e-01 -3.129594528224886874e-02
-9.176578216695303603e-01 2.560271095299627153e-01 -2.893033025837288968e-02
-8.125090539650268173e-01 2.279856863346927387e-01 -2.634227359940730789e-02
-7.084910557671951770e-01 1.998572497399372927e-01 -2.345213746659624565e-02
-6.089630472742383338e-01 1.724128673476201523e-01 -2.018028402118430750e-02
-5.172842486843406418e-01 1.464236067596599022e-01 -1.644707542441554635e-02
-4.368138801957033857e-01 1.226605355779800816e-01 -1.217287383753463091e-02
-3.709111620065134174e-01 1.018947214044998717e-01 -7.278041421785542975e-03
-3.218756496935973876e-01 8.466890301493601445e-02 -1.731795730737117466e-03
-2.877682100309265634e-01 7.061249734761361474e-02 4.301222714977453489e-03
-2.655900300123748559e-01 5.912658924836090846e-02 1.060751730351291305e-02
-2.523422966318109584e-01 4.961226356300381390e-02 1.697359142302509033e-02
-2.450261968831070059e-01 4.147060513737017839e-02 2.318594846166869422e-02
-2.406429177601331071e-01 3.410269881728621860e-02 2.903109180759953431e-02
-2.361936462567605088e-01 2.690962944857957020e-02 3.429552484897238629e-02
-2.286795693668595697e-01 1.929248187707655743e-02 3.876575097394294872e-02
-2.151018740843017862e-01 1.065234094860485412e-02 4.222827357066614301e-02
-1.924617474029568509e-01 3.902915089906283663e-04 4.446959602729751160e-02
-1.586962784657382497e-01 -1.188119909757147895e-02 4.534281391778886838e-02
-1.154862185648511813e-01 -2.570412143793177409e-02 4.496739536974189017e-02
-6.544824791830648747e-02 -4.040907753278326353e-02 4.352940260179995885e-02
-1.119904674410684281e-02 -5.532666940282150031e-02 4.121489783260623430e-02
4.464470473973571052e-02 -6.978749906873929487e-02 3.820994328080425106e-02
9.946632631521676315e-02 -8.312216855123158443e-02 3.470060116503720371e-02
1.506491377643292828e-01 -9.466127987099261232e-02 3.087293370394840822e-02
1.955764588690699635e-01 -1.037354350487173504e-01 2.691300311618082322e-02
2.316316094114238000e-01 -1.096752361050983698e-01 2.300687162037845165e-02
2.561979091733880276e-01 -1.118112850608308090e-01 1.934060143518424868e-02
2.674224409584565199e-01 -1.097238749727154211e-01 1.606784649759806713e-02
2.665072959535677022e-01 -1.039920487546448641e-01 1.321262947244916143e-02
2.554183065160390287e-01 -9.544453321300433446e-02 1.076656567011917594e-02
2.361213050031879257e-01 -8.491005515417758553e-02 8.721270400988977850e-03
2.105821237723315975e-01 -7.321734138454880081e-02 7.068358975439717126e-03
1.807665951807841120e-01 -6.119511871050099805e-02 5.799446703852430100e-03
1.486405515858681969e-01 -4.967211393842051875e-02 4.906148896608487041e-03
1.161698253448983920e-01 -3.947705387469045007e-02 4.380080864088900863e-03
8.532024881519176263e-02 -3.143866532569490613e-02 4.212857916674809383e-03
5.805765435406320257e-02 -2.638567509781774428e-02 4.396095364747388580e-03
3.620150662343363940e-02 -2.496033462342047218e-02 4.911540004924604824e-03
2.098582462875302201e-02 -2.705902584870140126e-02 5.701466272778201588e-03
1.349827224237373779e-02 -3.239167135045880469e-02 6.698280937101769479e-03
1.482651333664869626e-02 -4.066819370549179524e-02 7.834390766688997115e-03
2.605821178393016857e-02 -5.159851549059715076e-02 9.042202530333273008e-03
4.828103145657022810e-02 -6.489255928257374462e-02 1.025412299682827363e-02
8.258263622692126049e-02 -8.026024765821980489e-02 1.140255893496758613e-02
1.300506899673405381e-01 -9.741150319433522498e-02 1.241991711354488437e-02
1.917728565501719828e-01 -1.160562484677151729e-01 1.323860430135356640e-02
2.688367998477717014e-01 -1.359044060551593824e-01 1.379102726718731999e-02
3.613453982354872807e-01 -1.565966056503429460e-01 1.402715029948229525e-02
4.654623881006474395e-01 -1.774963054144485797e-01 1.396716776524490645e-02
5.763667203335857137e-01 -1.978976706255374807e-01 1.364883155112408750e-02
6.892373458246062734e-01 -2.170948665616655449e-01 1.310989354376888676e-02
7.992532154640422659e-01 -2.343820585008941360e-01 1.238810562982825200e-02
9.015932801422177345e-01 -2.490534117212827303e-01 1.152121969595116570e-02
9.914364907494637169e-01 -2.604030915008916924e-01 1.054698762878652010e-02
1.063961798176087603e+00 -2.677252631177785003e-01 9.503161314983460742e-03
1.114348153312421985e+00 -2.703140918500038237e-01 8.427492641190888548e-03
1.137774507048790573e+00 -2.674637429756271945e-01 7.357733494057774708e-03
1.131342008591439185e+00 -2.587847533663291677e-01 6.326394203438930573e-03
1.099840930384602622e+00 -2.451532005782304791e-01 5.345017972220932750e-03
1.049983908179123793e+00 -2.277615609166289967e-01 4.419905996590258249e-03
9.884835777258453859e-01 -2.078023106868231162e-01 3.557359472733484258e-03
9.220525747756045387e-01 -1.864679261941091792e-01 2.763679596837117277e-03
8.574035350792549304e-01 -1.649508837437893838e-01 2.045167565087871973e-03
8.012490943876340310e-01 -1.444436596411602658e-01 1.408124573672248124e-03
7.603018884515841957e-01 -1.261387301915201098e-01 8.588518187768198840e-04
7.412745530219473356e-01 -1.112285717001662289e-01 4.036504965881263320e-04
7.508797238495700244e-01 -1.009056604723995998e-01 4.882180329282192132e-05
7.933565516141591889e-01 -9.598852181365860603e-02 -2.026750501822060266e-04
8.630501051759319475e-01 -9.579985563214840627e-02 -3.612489851798904067e-04
9.518318975559934003e-01 -9.928840013723908009e-02 -4.406510039191423203e-04
1.051573441775424111e+00 -1.054028935382996524e-01 -4.546321086188561040e-04
1.154146250855327738e+00 -1.130920740447000222e-01 -4.169433014979497844e-04
1.251421837816801164e+00 -1.213046798658098391e-01 -3.413355847753306543e-04
1.335271715680941496e+00 -1.289894492109988633e-01 -2.415599606699063862e-04
1.397567397468849393e+00 -1.350951202896371328e-01 -1.313674314005743254e-04
1.430180396201609971e+00 -1.385704313110932562e-01 -2.450899918626254432e-05
1.424982224900326777e+00 -1.383641204847375350e-01 6.526433375413098498e-05
1.376620362355943206e+00 -1.337420991836695827e-01 1.271795333283618303e-04
1.290845991597882492e+00 -1.252389532872435485e-01 1.623752675513561816e-04
1.176186182005557912e+00 -1.137064327642787059e-01 1.749680873655626832e-04
1.041168002958360317e+00 -9.999628758359231651e-02 1.690745437134402794e-04
8.943185238356877731e-01 -8.496026771400211342e-02 1.488111875374436861e-04
7.441648140169244696e-01 -6.945012312432451151e-02 1.182945697800245291e-04
5.992339428814950075e-01 -5.431760378338008899e-02 8.164124138364308109e-05
4.680529798087835758e-01 -4.041445965998526069e-02 4.296775329075180807e-05
3.591489941781876305e-01 -2.859244072295778066e-02 6.390656443805324343e-06
2.810490553690993543e-01 -1.970329694111481317e-02 -2.397349821474402927e-05
2.397871768527776171e-01 -1.436089893597174150e-02 -4.492325591651008028e-05
2.314255764200746079e-01 -1.222764077364554836e-02 -5.691738950611345641e-05
2.495336299252205181e-01 -1.272805758942211971e-02 -6.132968946228169529e-05
2.876807132224497021e-01 -1.528668451858765723e-02 -5.953394626374206011e-05
3.394362021659853013e-01 -1.932805669642757504e-02 -5.290395038922251201e-05
3.983694726100600603e-01 -2.427670925822791870e-02 -4.281349231745071397e-05
4.580499004089039761e-01 -2.955717733927455335e-02 -3.063636252715429509e-05
5.120468614167520416e-01 -3.459399607485383332e-02 -1.774635149705969185e-05
5.539297314878243172e-01 -3.881170060025070784e-02 -5.517249705896865249e-06
5.772678864763560735e-01 -4.163482605075153470e-02 4.677152367607728762e-06
5.776947663059431859e-01 -4.265014795473089093e-02 1.176748604622577661e-05
5.591000671776423792e-01 -4.209340341291801374e-02 1.590206985872611169e-05
5.274375493618733701e-01 -4.036256991913059894e-02 1.753364413537689646e-05
4.886609731290645353e-01 -3.785562496718691827e-02 1.711494920644598340e-05
4.487240987496359801e-01 -3.497054605090473001e-02 1.509872540220172470e-05
4.135806864940104188e-01 -3.210531066410197282e-02 1.193771305291223880e-05
3.891844966326086785e-01 -2.965789630059635293e-02 8.084652488845269730e-06
3.814892894358580810e-01 -2.802628045420624270e-02 3.992284040269653365e-06
3.964488251741783986e-01 -2.760844061874929631e-02 1.133480374531714334e-07
4.400168641179920681e-01 -2.880235428804342468e-02 -3.099415189336057213e-06
5.157974366689608292e-01 -3.186351129614225369e-02 -5.293274219541400135e-06
6.179952503871274372e-01 -3.647742637788720793e-02 -6.515550439486568155e-06
7.384650812761966998e-01 -4.218711437801697661e-02 -6.913582729409207227e-06
8.690617053398687064e-01 -4.853559014127012405e-02 -6.634709969546719358e-06
1.001639898581854649e+00 -5.506586851238573499e-02 -5.826271040136415926e-06
1.128054437005829636e+00 -6.132096433610116637e-02 -4.635604821415847169e-06
1.240160096615505969e+00 -6.684389245715552375e-02 -3.210050193622370627e-06
1.329811653414583184e+00 -7.117766772028734368e-02 -1.696946036993379414e-06
1.388863883406764144e+00 -7.386530497023527375e-02 -2.436312317661614547e-07
1.409171562595737948e+00 -7.444981905173737868e-02 1.002555341821616916e-06
1.385256983072307824e+00 -7.262374880211183714e-02 1.924635150102266513e-06
1.322312653913247926e+00 -6.867773758488662783e-02 2.527072782931659655e-06
1.228198676601758077e+00 -6.305195703414538666e-02 2.844694045364168210e-06
1.110775152621064965e+00 -5.618657878397337324e-02 2.912324742454092475e-06
9.779021834543718539e-01 -4.852177446845442471e-02 2.764790679255832271e-06
8.374398705848878910e-01 -4.049771572167272515e-02 2.436917660823740833e-06
6.972483154958232232e-01 -3.255457417771251416e-02 1.963531492212176055e-06
5.651876196703762290e-01 -2.513252147065741030e-02 1.379457978475435480e-06
4.491178845917804252e-01 -1.867172923459297154e-02 7.195229246679830920e-07
3.568992117432335798e-01 -1.361236910360274881e-02 1.855213584412659819e-08
2.945636752514425027e-01 -1.028236438196747544e-02 -6.881601057339238200e-07
2.608313444169172435e-01 -8.560651477608800450e-03 -1.363445635778888926e-06
2.525943134832064341e-01 -8.213921680049803692e-03 -1.969667826198505490e-06
2.667446766938488256e-01 -9.008866278813034215e-03 -2.469190048900691544e-06
3.001745282923872216e-01 -1.071217656342127005e-02 -2.824375675793305618e-06
3.497759625223695878e-01 -1.309054382339752166e-02 -2.997588078784211961e-06
4.124410736273298461e-01 -1.591065934826413342e-02 -2.951190629781234584e-06
4.850619558508146856e-01 -1.893921442754406548e-02 -2.647546700692258065e-06
5.645307034363667986e-01 -2.194290035076009587e-02 -2.049019663425137756e-06
6.477394106275367047e-01 -2.468840840743522641e-02 -1.117972889887633720e-06
7.318078998321067008e-01 -2.698478574079665390e-02 1.560722538429933817e-07
8.147668670236067889e-01 -2.881049563818384451e-02 1.674967086891399355e-06
8.948747167945880765e-01 -3.018635360536486151e-02 3.313407265102243124e-06
9.703898537376078881e-01 -3.113317514810782713e-02 4.946088444320322418e-06
1.039570682445204008e+00 -3.167177577218062423e-02 6.447706280390001949e-06
1.100675607509933540e+00 -3.182297098335142710e-02 7.692956429156085405e-06
1.151963033524348035e+00 -3.160757628738826430e-02 8.556534546463232899e-06
1.191691365081001264e+00 -3.104640719005914706e-02 8.913136288156107086e-06
1.218119006772437007e+00 -3.016027919713222538e-02 8.637457310079294390e-06
1.229504363191210148e+00 -2.897000781437552436e-02 7.604193268077514218e-06
1.224869883525009584e+00 -2.749850029947971050e-02 5.741984420651448019e-06
1.206294195342077158e+00 -2.577703091782593270e-02 3.195249436925912990e-06
1.176619970805787396e+00 -2.383896568671775226e-02 1.623515886814593518e-07
1.138689882079526372e+00 -2.171767062345929603e-02 -3.158345852300520721e-06
1.095346601326670388e+00 -1.944651174535413918e-02 -6.568479614239446726e-06
1.049432800710598190e+00 -1.705885506970605120e-02 -9.869686425354465414e-06
1.003791152394685637e+00 -1.458806661381857432e-02 -1.286360301386498897e-05
9.612643285423198014e-01 -1.206751239499589436e-02 -1.535186610798963805e-05
9.246950013168756533e-01 -9.530558430541557005e-03 -1.713611243594785404e-05
8.969258428817319384e-01 -7.010570737759323073e-03 -1.801797872595878869e-05
8.798108213951493228e-01 -4.544050310375650527e-03 -1.785500845804093638e-05
8.712489192689858442e-01 -2.180038585975234942e-03 -1.672838171664633522e-05
8.681503300451897109e-01 2.928775234624502876e-05 -1.477519013674735349e-05
8.674252472657113522e-01 2.031752021492887715e-03 -1.213252535331632048e-05
8.659838644725001977e-01 3.775177538368929518e-03 -8.937479001325270749e-06
8.607363752075062324e-01 5.207387619878158305e-03 -5.327142715747109573e-06
8.485929730126799964e-01 6.276205582924839453e-03 -1.438608131553905800e-06
8.264638514299712524e-01 6.929454744413070071e-03 2.591033116282011264e-06
7.912592040013262107e-01 7.114958421246939460e-03 6.624689392788652818e-06
7.398892242687014065e-01 6.780539930330511771e-03 1.052526906299296704e-05
6.707418821833074363e-01 5.911574401446169011e-03 1.416445906096562922e-05
5.881163378930627239e-01 4.643646364636564404e-03 1.744906109926488072e-05
4.977895702352671536e-01 3.149893237203813413e-03 2.029465571065230549e-05
4.055385580472454787e-01 1.603452436450445665e-03 2.261682342788873872e-05
3.171402801662982496e-01 1.774613796785852980e-04 2.433114478373582705e-05
2.383717154297338159e-01 -9.549425158095147491e-04 2.535320031095490540e-05
1.750098426748605274e-01 -1.620621832711607608e-03 2.559857054230734938e-05
1.328316407389842080e-01 -1.646439153725403476e-03 2.498283601055439565e-05
1.176140884594208957e-01 -8.592570615486416069e-04 2.342157724845751466e-05
1.351341646734742497e-01 9.140618611209027494e-04 2.083037478877803797e-05
1.888014552896004616e-01 3.770859183634336139e-03 1.715694386257756305e-05
2.725561099631958473e-01 7.505297420580766578e-03 1.247753665536909551e-05
3.779709531514668375e-01 1.183574540710270392e-02 6.900539131599239394e-06
4.966188093116409297e-01 1.648057197834361040e-02 5.343372557133849662e-07
6.200725029009398481e-01 2.115814596944667891e-02 -6.512683007842699743e-06
7.399048583765952536e-01 2.558683621555545365e-02 -1.413213569462394127e-05
8.476887001958072210e-01 2.948501155181232347e-02 -2.221563484018324004e-05
9.349968528158083547e-01 3.257104081336088808e-02 -3.065479448007547261e-05
9.934021406938198240e-01 3.456329283534429614e-02 -3.934122864985486334e-05
1.014477388287063686e+00 3.518013645290574143e-02 -4.816655138507644463e-05
9.926213787886771778e-01 3.424548141201375767e-02 -5.698335005521802752e-05
9.335362452379289966e-01 3.200538298502969559e-02 -6.548811206468777761e-05
8.457498368664287947e-01 2.881142829687999632e-02 -7.333830150136014139e-05
7.377900029057762321e-01 2.501520447249069509e-02 -8.019138245311012100e-05
6.181845925876010561e-01 2.096829863678892694e-02 -8.570481900781088899e-05
4.954614551435037040e-01 1.702229791470077219e-02 -8.953607525333754237e-05
3.781484398050944384e-01 1.352878943115266158e-02 -9.134261527756447341e-05
2.747733958039745850e-01 1.083936031107081248e-02 -9.078190316836602018e-05
1.938641723717726695e-01 9.305597679382130935e-03 -8.751140301361664273e-05
1.439486187400887129e-01 9.279088661012761460e-03 -8.118857890119084175e-05
1.309140821256400966e-01 1.098405247643909413e-02 -7.160515915174439866e-05
1.500859016855742578e-01 1.413523672833739628e-02 -5.908992901705858373e-05
1.941489145621508594e-01 1.832002111493431437e-02 -4.410593798169452494e-05
2.557879578976167134e-01 2.312578533445533088e-02 -2.711623553021752105e-05
3.276878688342298451e-01 2.813990908512703157e-02 -8.583871147188905010e-06
4.025334845142450879e-01 3.294977206517563789e-02 1.102810568282865868e-05
4.730096420799232981e-01 3.714275397282773561e-02 3.125664547527444692e-05
5.318011786735065138e-01 4.030623450630881066e-02 5.163869874558221735e-05
5.715929314372564241e-01 4.202759336384550432e-02 7.171121600919117065e-05
5.850697375134279454e-01 4.189421024366404150e-02 9.101114778153868807e-05
5.672787613636179893e-01 3.964812689468512341e-02 1.090733871266377303e-04
5.227168822558725392e-01 3.565005981867925416e-02 1.254245969496000322e-04
4.582435095464610919e-01 3.041540084343116040e-02 1.395893825275161678e-04
3.807180525916533109e-01 2.445954179672567286e-02 1.510923491374751388e-04
2.969999207477113101e-01 1.829787450634708448e-02 1.594581020565663673e-04
2.139485233709199352e-01 1.244579080008133276e-02 1.642112465618773235e-04
1.384232698175416332e-01 7.418682505712717590e-03 1.648763879304978360e-04
7.728356944384602578e-02 3.731941451026050613e-03 1.609781314395167576e-04
3.738883160610029233e-02 1.900959463806112248e-03 1.520410823660220466e-04
2.559846566058168738e-02 2.441128371838078431e-03 1.375898459871041819e-04
4.653652349790885628e-02 5.689422735866235536e-03 1.192483483488719588e-04
9.588549923702496813e-02 1.126913783928303915e-02 1.070379186984731835e-04
1.670924655762292543e-01 1.862514659380941351e-02 1.130792671149859251e-04
2.536044952138006292e-01 2.720232191116420117e-02 1.494931036774861384e-04
3.488686608480366935e-01 3.644553670306820842e-02 2.284001384650497239e-04
4.463320351772293582e-01 4.579966388124163956e-02 3.619210815567529076e-04
5.394416908996709781e-01 5.470957635740469199e-02 5.621766430316718069e-04
6.216447007136600700e-01 6.262014704327820147e-02 8.412875329689115415e-04
6.863881373174736122e-01 6.897624885058094291e-02 1.211374461447499440e-03
7.271190734094117314e-01 7.322275469103388390e-02 1.684558138546533249e-03
7.391825041711524991e-01 7.496321026325972192e-02 2.261681361755947008e-03
7.255150061186986798e-01 7.443584333422652299e-02 2.898475923531884831e-03
6.909510239522228536e-01 7.203754991820514320e-02 3.539396026400225097e-03
6.403250023718948247e-01 6.816522602946641085e-02 4.128895872887015754e-03
5.784713860778852856e-01 6.321576768228112653e-02 4.611429665518252709e-03
5.102246197703572683e-01 5.758607089091954956e-02 4.931451606819950081e-03
4.404191481494938998e-01 5.167303166965348665e-02 5.033415899318040461e-03
3.738894159154592667e-01 4.587354603275324572e-02 4.861776745538560519e-03
3.154698677684231178e-01 4.058450999448958568e-02 4.360988348007499224e-03
2.699949484085524820e-01 3.620281956913298099e-02 3.475504909250756204e-03
2.414144437750421479e-01 3.309553731662280562e-02 2.194130152533782779e-03
2.301396566216225015e-01 3.151039710071040084e-02 6.830582711425663579e-04
2.356973068686571693e-01 3.166530189133140438e-02 -8.471708272840949155e-04
2.576141144365124980e-01 3.377815465842171766e-02 -2.186017235107505247e-03
2.954167992455482006e-01 3.806685837191661065e-02 -3.122941044688615393e-03
3.486320812161290417e-01 4.474931600175181823e-02 -3.447402348388755797e-03
4.167866802686188699e-01 5.404343051786293650e-02 -2.948861238569127664e-03
4.994073163233891943e-01 6.616710489018684527e-02 -1.416777807590745286e-03
5.960207093007888757e-01 8.133824208865697569e-02 1.359387852184930356e-03
7.061535791211883684e-01 9.977474508320996471e-02 5.590175648396786962e-03
8.284452766943746216e-01 1.214606613227918741e-01 1.137842854674117089e-02
9.579856768878279860e-01 1.454446161723906283e-01 1.839620174514459278e-02
1.088977285558463182e+00 1.705413794760067825e-01 2.620785349959182248e-02
1.215622608563160068e+00 1.955657210776342858e-01 3.437774206606553085e-02
1.332124151758834474e+00 2.193324108212736934e-01 4.247022570055042356e-02
1.432684421002388797e+00 2.406562185509233398e-01 5.004966265903054712e-02
1.511505922150733428e+00 2.583519141105830030e-01 5.668041119749051698e-02
1.562791161060756995e+00 2.712342673442478258e-01 6.192682957191317922e-02
1.580742643589371221e+00 2.781180480959179468e-01 6.535327603828325338e-02
1.559562875593479392e+00 2.778180262095917286e-01 6.652410885258475126e-02
1.496013755610479556e+00 2.696142452994270688e-01 6.518313798942927673e-02
1.397095192258094754e+00 2.546479239314767273e-01 6.179201110352991466e-02
1.272366706518398116e+00 2.345255943784340102e-01 5.699184297135279770e-02
1.131387819373466996e+00 2.108537889129928067e-01 5.142374836936414867e-02
9.837180518053652012e-01 1.852390398078444245e-01 4.572884207402957979e-02
8.389169247961965059e-01 1.592878793356872213e-01 4.054823886181631309e-02
7.065439593280248287e-01 1.346068397692127827e-01 3.652305350919001631e-02
5.961586763829271884e-01 1.128024533811147895e-01 3.429440079261680124e-02
5.173205969429753859e-01 9.548125244408575685e-02 3.450339548856302951e-02
4.795892419902612058e-01 8.424976923082252989e-02 3.779115237349484069e-02
4.892018565988932033e-01 8.020451450283271055e-02 4.453928332386637712e-02
5.391063921076395538e-01 8.240188379301444099e-02 5.409137376710303202e-02
6.189284288948805335e-01 8.938823653104102651e-02 6.553149880607561650e-02
7.182935473389742143e-01 9.970993214658373238e-02 7.794373354365181916e-02
8.268273278182992625e-01 1.119133300693155447e-01 9.041215308270234008e-02
9.341553507112281274e-01 1.245447897289089639e-01 1.020208325260969356e-01
1.029903196396134035e+00 1.361506705550366847e-01 1.118538469767053761e-01
1.103696445251394431e+00 1.452773319773717486e-01 1.189952715373979175e-01
1.145160677655367998e+00 1.504711334255851019e-01 1.225291813110429562e-01
1.143921473986435400e+00 1.502784343293502578e-01 1.215396514005110673e-01
1.092998776702308161e+00 1.436992205782214593e-01 1.154386071885688536e-01
9.989897823524754861e-01 1.315479579447500769e-01 1.049493564179601462e-01
8.718859524537039274e-01 1.150927256832013218e-01 9.112304773159109195e-02
7.216787485227371679e-01 9.560160304783729690e-02 7.501082977236517291e-02
5.583596320763241083e-01 7.434266929292103476e-02 5.766385118318667624e-02
3.919200646312003822e-01 5.258400367271359038e-02 4.013326060695824454e-02
2.323515077041450605e-01 3.159368544148181968e-02 2.347020668658734988e-02
8.964542281189341599e-02 1.263979385348678632e-02 8.725838064976652181e-03
-2.620672852880534531e-02 -3.009591837008551707e-03 -3.048696614969623880e-03
-1.052134848012067359e-01 -1.408639237574194417e-02 -1.080224871034769080e-02
-1.401616831339421443e-01 -1.967673067762922001e-02 -1.377793157858969893e-02
-1.349508783209109886e-01 -2.028347753278522334e-02 -1.239585606614491096e-02
-9.625868534834718104e-02 -1.676367550039292720e-02 -7.370369764173270548e-03
-3.076271920247772990e-02 -9.974367139634628121e-03 5.841797361660822953e-04
5.485940513045159395e-02 -7.725950096945953310e-04 1.075344484371175760e-02
1.539300726642117423e-01 9.984598330244658787e-03 2.242307796730440977e-02
2.597716684125687681e-01 2.144017032100009601e-02 3.487873151578407827e-02
3.657065773892981264e-01 3.273707840338971331e-02 4.740605789799193226e-02
4.650571846081469340e-01 4.301828001822844555e-02 5.929070952276575823e-02
5.511458750828908126e-01 5.142673260633429805e-02 6.981833879894672190e-02
6.187407117628661579e-01 5.730195339236800883e-02 7.842382335038314278e-02
6.683924693396906536e-01 6.076969873636522274e-02 8.513894166095625771e-02
7.020976004405550253e-01 6.215228478220535813e-02 9.014469742955598386e-02
7.218525576926413390e-01 6.177202767376757664e-02 9.362209435507096167e-02
7.296537937231413196e-01 5.995124355493144236e-02 9.575213613639119159e-02
7.274977611592430282e-01 5.701224856957634590e-02 9.671582647240618835e-02
7.173809126281331938e-01 5.327735886158131706e-02 9.669416906200543893e-02
7.012997007570019870e-01 4.906889057482638483e-02 9.586816760407845806e-02
6.812505781730366916e-01 4.470915985319066227e-02 9.441882579751480209e-02
6.592299975034255910e-01 4.052048284055349142e-02 9.252714734120397189e-02
6.368474735753613114e-01 3.676283237785622077e-02 9.034057668531687846e-02
6.141647035923695208e-01 3.344679739212325781e-02 8.787231552420100844e-02
5.908564137454128673e-01 3.052061815624202215e-02 8.510200342294778342e-02
5.665973302254568855e-01 2.793253494310025259e-02 8.200927994664887477e-02
5.410621792234640015e-01 2.563078802558551791e-02 7.857378466039557918e-02
5.139256869304036357e-01 2.356361767658596632e-02 7.477515712928013702e-02
4.848625795372389358e-01 2.167926416898914230e-02 7.059303691839392825e-02
4.535475832349347147e-01 1.992596777568279159e-02 6.600706359282855484e-02
4.196554242144530655e-01 1.825196876955452810e-02 6.099687671767521635e-02
3.828608286667650740e-01 1.660550742349239592e-02 5.554211585802643070e-02
3.432849259624913829e-01 1.495287485583665817e-02 4.968414346478360749e-02
3.028344837344688067e-01 1.333256659962344000e-02 4.371121706392654127e-02
2.638626855670692661e-01 1.180112954978762042e-02 3.797331883317590917e-02
2.287227150446751733e-01 1.041511060126447223e-02 3.282043095025390100e-02
1.997677557516584212e-01 9.231056648988865757e-03 2.860253559288118003e-02
1.793509912723944000e-01 8.305514587895803172e-03 2.566961493877891604e-02
1.698256051912583331e-01 7.695031312920294457e-03 2.437165116566827189e-02
1.735447810926267209e-01 7.456153718997334846e-03 2.505862645127057697e-02
1.928617025608743707e-01 7.645428701061978555e-03 2.808052297330689701e-02
2.301295531803763672e-01 8.319403154049193061e-03 3.378732290949838096e-02
2.867376727519476143e-01 9.498032916915751661e-03 4.238431718424642142e-02
3.602200810933574582e-01 1.105491169844768744e-02 5.349803998791517051e-02
4.471469818141916575e-01 1.282704319831590688e-02 6.661033839713670357e-02
5.440885785240547889e-01 1.465143111619170851e-02 8.120305948854585065e-02
6.476150748325458784e-01 1.636507915174628333e-02 9.675805033877672712e-02
7.542966743492732773e-01 1.780499100465092466e-02 1.127571580244647459e-01
8.607035806838172487e-01 1.880817037457655286e-02 1.286822296222411011e-01
9.634059974457858111e-01 1.921162096119449075e-02 1.440151122087412749e-01
1.058974128244777768e+00 1.885234646417592932e-02 1.582376528605991817e-01
1.143978176690399140e+00 1.756735058319188955e-02 1.708316986544499982e-01
1.215708003551734473e+00 1.524693603573881034e-02 1.813850961110307081e-01
1.274331974701205850e+00 1.199459246142649607e-02 1.899096713318825513e-01
1.320738051404709346e+00 7.967103943194784113e-03 1.965232407650360225e-01
1.355814194928143701e+00 3.321254563983066892e-03 2.013436208585219767e-01
1.380448366537399219e+00 -1.786171593267994869e-03 2.044886280603699924e-01
1.395528527498375082e+00 -7.198390445618963428e-03 2.060760788186110359e-01
1.401942639076967811e+00 -1.275861791012999555e-02 2.062237895812755739e-01
1.400578662539072816e+00 -1.831006990386176495e-02 2.050495767963939342e-01
1.392324559150586172e+00 -2.369596234387343417e-02 2.026712569119968055e-01
1.378068290177404842e+00 -2.875951114722568105e-02 1.992066463761145712e-01
1.358550859143261569e+00 -3.336526547518979535e-02 1.947651554861564438e-01
1.333925438603237090e+00 -3.746310746588158574e-02 1.894225699370465643e-01
1.304198243370246590e+00 -4.102425250162827775e-02 1.832462692730870146e-01
1.269375488257213691e+00 -4.401991596475619828e-02 1.763036330385817918e-01
1.229463388077053354e+00 -4.642131323759258327e-02 1.686620407778331721e-01
1.184468157642683872e+00 -4.819965970246439801e-02 1.603888720351439034e-01
1.134396011767018431e+00 -4.932617074169863558e-02 1.515515063548159846e-01
1.079253165262983982e+00 -4.977206173762203922e-02 1.422173232811538846e-01
1.019045832943493712e+00 -4.950854807256167139e-02 1.324537023584595186e-01
9.537802296214659137e-01 -4.850684512884444882e-02 1.223280231310357180e-01
8.837950381504745545e-01 -4.677097445514683677e-02 1.119320789019344065e-01
8.107588706199090334e-01 -4.443618789721708040e-02 1.014553222001996630e-01
7.366728356969872715e-01 -4.167054628304935754e-02 9.111162140916244379e-02
6.635380420489346287e-01 -3.864211044063799866e-02 8.111484491215469050e-02
5.933555983429694702e-01 -3.551894119797702198e-02 7.167886109250751203e-02
5.281266132463284801e-01 -3.246909938306131310e-02 6.301753833355445977e-02
4.698521954262304123e-01 -2.966064582388491105e-02 5.534474501862660101e-02
4.205334535498994608e-01 -2.726164134844211162e-02 4.887434953105581487e-02
3.821714962845576546e-01 -2.544014678472711691e-02 4.382022025417367517e-02
3.567674322974365153e-01 -2.436422296073455923e-02 4.039622557131295616e-02
3.458201904347729672e-01 -2.417203527897306137e-02 3.874833218021327130e-02
3.488199515237088710e-01 -2.488216572936719981e-02 3.875089615085427347e-02
3.647547022027187724e-01 -2.648330002102901315e-02 4.021036992491339862e-02
3.926124291102724428e-01 -2.896412386307006467e-02 4.293320594406763169e-02
4.313811188848435951e-01 -3.231332296460232706e-02 4.672585664999431149e-02
4.800487581649047208e-01 -3.651958303473764461e-02 5.139477448437067275e-02
5.376033335889287557e-01 -4.157158978258788246e-02 5.674641188887401960e-02
6.030328317953943529e-01 -4.745802891726544348e-02 6.258722130518211413e-02
6.753252394227624578e-01 -5.416758614788115545e-02 6.872365517497117104e-02
7.534685431095116126e-01 -6.168894718354733797e-02 7.496216593991895938e-02
8.362456180120020344e-01 -6.994094826469535175e-02 8.113766201535178857e-02
9.216189050946435035e-01 -7.856303175382529924e-02 8.719887408294059450e-02
1.007345739707913523e+00 -8.712479254313518218e-02 9.312298798388346510e-02
1.091183457202311802e+00 -9.519582552482534765e-02 9.888718955938008426e-02
1.170889392928330830e+00 -1.023457255910953378e-01 1.044686646506296362e-01
1.244220882236469761e+00 -1.081440876341451390e-01 1.098445990988317078e-01
1.308935260477207541e+00 -1.121605065461732942e-01 1.149921787451845534e-01
1.362789863001043766e+00 -1.139645772193799561e-01 1.198885894308878292e-01
1.403542025158471152e+00 -1.131258945459646670e-01 1.245110169971406361e-01
1.428949082299983075e+00 -1.092140534181265110e-01 1.288366472851425748e-01
1.437390759028319920e+00 -1.019668212373401467e-01 1.328284182396090585e-01
1.429736230117328644e+00 -9.179462657407215509e-02 1.363922786650861585e-01
1.407477006175301470e+00 -7.927605607432094970e-02 1.394199306924908954e-01
1.372104597810525961e+00 -6.498969638408357008e-02 1.418030764527404286e-01
1.325110515631298780e+00 -4.951413414936095547e-02 1.434334180767513345e-01
1.267986270245909486e+00 -3.342795601615029116e-02 1.442026576954408834e-01
1.202223372262648526e+00 -1.730974863045000450e-02 1.440024974397260960e-01
1.129313332289800798e+00 -1.738098638257097768e-03 1.427246394405237984e-01
1.050747660935670069e+00 1.270840731442722006e-02 1.402607858287512055e-01
9.680178688085415706e-01 2.545118258160599528e-02 1.365026387353253101e-01
8.825640615844967396e-01 3.601162508542208457e-02 1.313804524569405774e-01
7.956207252107770911e-01 4.431107102058339658e-02 1.249786899534016255e-01
7.083709407024069149e-01 5.037084114993950479e-02 1.174203663502898232e-01
6.219977890744339266e-01 5.421225623633851853e-02 1.088284967731886210e-01
5.376843513418820830e-01 5.585663704263020557e-02 9.932609634767945728e-02
4.566137085197834455e-01 5.532530433166372302e-02 8.903618019934447791e-02
3.799689416231634143e-01 5.263957886628788108e-02 7.808176345376476035e-02
3.089331316670677618e-01 4.782078140935233646e-02 6.658586123652435185e-02
2.446893596665211668e-01 4.089023272370609363e-02 5.467148867320439920e-02
1.884207066365556904e-01 3.186925357219826116e-02 4.246166088938699290e-02
1.412354756377931786e-01 2.097164258017314431e-02 3.019302633032194469e-02
1.039428450764800782e-01 9.181142864686582528e-03 1.855678622680830697e-02
7.727720898592473076e-02 -2.326008073495876988e-03 8.357784882955191647e-03
6.197296139944000193e-02 -1.237357273360776763e-02 4.008666028728381792e-04
5.876449635033913210e-02 -1.978531361488313628e-02 -4.509124309328782845e-03
6.838620787193559758e-02 -2.338499321655414936e-02 -5.567343549538507352e-03
9.157248999754152852e-02 -2.199637403785512785e-02 -1.968946813646683947e-03
1.290577367604697767e-01 -1.444321857801963288e-02 7.090910202456911227e-03
1.815763421940386202e-01 4.507106637205021693e-04 2.241707180288419338e-02
2.498627003315517237e-01 2.386165118812913488e-02 4.481438229174272703e-02
3.337276643981200164e-01 5.642029837090231648e-02 7.464551961806879798e-02
4.292878715402202450e-01 9.657514787105551946e-02 1.105044710094549021e-01
5.317363916730394324e-01 1.422291376142283126e-01 1.505430446877602801e-01
6.362662947117381229e-01 1.912852055260480244e-01 1.929130488748335426e-01
7.380706505715027843e-01 2.416462895321537518e-01 2.357662917925335000e-01
8.323425291675118354e-01 2.912153275581809697e-01 2.772545816627157711e-01
9.142750004149439169e-01 3.378952575297652361e-01 3.155297267072363909e-01
9.790611342289768926e-01 3.795890173725419703e-01 3.487435351479505896e-01
1.021894000524789403e+00 4.141995450121463973e-01 3.750478152067141524e-01
1.037966669217559756e+00 4.396297783742176835e-01 3.925943751053850295e-01
1.024073641539499979e+00 4.543287744283904250e-01 4.000563329213038810e-01
9.834155105400211871e-01 4.589301913206541572e-01 3.981921654755590789e-01
9.207944838653254749e-01 4.546138687429420733e-01 3.882817191073184571e-01
8.410127691616149370e-01 4.425596463871877551e-01 3.716048401557500158e-01
7.488725740750920012e-01 4.239473639453244513e-01 3.494413749600217001e-01
6.491761062519585401e-01 3.999568611092855219e-01 3.230711698593016212e-01
5.467255733384172034e-01 3.717679775710044376e-01 2.937740711927575021e-01
4.463231829806527107e-01 3.405605530224088962e-01 2.628299252995520141e-01
3.527711428249035719e-01 3.075144271554434705e-01 2.315185785188641210e-01
2.708716605173538405e-01 2.738094396620361359e-01 2.011198771898564386e-01
2.043836705133904308e-01 2.405584739099930758e-01 1.727550072949528559e-01
1.528928951102900835e-01 2.086065803079580616e-01 1.469104952321042823e-01
1.149417237162353722e-01 1.787318491090664485e-01 1.239141979636394220e-01
8.907254573940923126e-02 1.517123705664536470e-01 1.040939724518869236e-01
7.382775058799430357e-02 1.283262349332548458e-01 8.777767565917554693e-02
6.774972767017302389e-02 1.093515324626024576e-01 7.529316454783201162e-02
6.938086639413008905e-02 9.556635340763870723e-02 6.696829608018958768e-02
7.726355616804642112e-02 8.774878802149507773e-02 6.313092721857431477e-02
8.994018640010476018e-02 8.667692655730693807e-02 6.410891492531491098e-02
1.059531464984878324e-01 9.312885926820957394e-02 7.023011616274003888e-02
1.239289802238753985e-01 1.074043284218133276e-01 8.152740090982091292e-02
1.428308487469349963e-01 1.278896843436286568e-01 9.685369121209864984e-02
1.617060675908311151e-01 1.524929293736411451e-01 1.147669221317569738e-01
1.796019522787282441e-01 1.791220658518360986e-01 1.338250287309794839e-01
1.955658183337934952e-01 2.056850961182037640e-01 1.525859460719531380e-01
2.086449812791856262e-01 2.300900225127198162e-01 1.696076092168546656e-01
2.178867566380720266e-01 2.502448473753745017e-01 1.834479532278711078e-01
2.223384599336173939e-01 2.640575730461533488e-01 1.926649131671862025e-01
2.210474066889860645e-01 2.694362018650419133e-01 1.958164240969835768e-01
2.130609124273425969e-01 2.642887361720255290e-01 1.914604210794468853e-01
1.979217807976523247e-01 2.474094604280280552e-01 1.787803801703681250e-01
1.771547112487789621e-01 2.211376861522375004e-01 1.594618698135114865e-01
1.527798630041358463e-01 1.886989562727556524e-01 1.358159636535263004e-01
1.268173952871498034e-01 1.533188137177021737e-01 1.101537353350752479e-01
1.012874673212345727e-01 1.182228014151795042e-01 8.478625850280828435e-02
7.821023832980802948e-02 8.663646229329532988e-02 6.202460680137933391e-02
5.960586753628800000e-02 6.178533928015746829e-02 4.417985387544218906e-02
4.749451416409234544e-02 4.689497530387359836e-02 3.356307336965080879e-02
4.389633743663885757e-02 4.519091329255141287e-02 3.248533892865902717e-02
5.083149657734540444e-02 5.989869617429870174e-02 4.325772419712069217e-02
6.953333499057454126e-02 9.299543422290382222e-02 6.729142079780973951e-02
9.808811288713537024e-02 1.414647928302101565e-01 1.023982982267002545e-01
1.337953646975588162e-01 2.010421475973543926e-01 1.454904469353247853e-01
1.739546248523736183e-01 2.674628741254693742e-01 1.934799573752128965e-01
2.158654277821084322e-01 3.364623480156874180e-01 2.432789199978939998e-01
2.568273079172919138e-01 4.037759448691413122e-01 2.917994252548977152e-01
2.941397996884528299e-01 4.651390402869634566e-01 3.359535635977534684e-01
3.251024375261197807e-01 5.162870098702866395e-01 3.726534254779906852e-01
3.470147558608214777e-01 5.529552292202432051e-01 3.988111013471390409e-01
3.571762891230872983e-01 5.708790739379673296e-01 4.113386816567287663e-01
3.537441416716340381e-01 5.671655983698652426e-01 4.081497140315950567e-01
3.383058938657502179e-01 5.444088858048109492e-01 3.911638040117388915e-01
3.133067941396184275e-01 5.065748552621104350e-01 3.633021289247037600e-01
2.811920909274220337e-01 4.576294257610702965e-01 3.274858660980337066e-01
2.444070326633437096e-01 4.015385163209969632e-01 2.866361928592724984e-01
2.053968677815665167e-01 3.422680459611967541e-01 2.436742865359638188e-01
1.666068447162734889e-01 2.837839337009762097e-01 2.015213244556517402e-01
1.304822119016413873e-01 2.300520985596326562e-01 1.630984839458735070e-01
9.946821777186652669e-02 1.850384595564923407e-01 1.313269423341872355e-01
7.601011076112512699e-02 1.527089357108515622e-01 1.091278769481293931e-01
6.194756946744255782e-02 1.360374955559972565e-01 9.866729099888564558e-02
5.669792384125510454e-02 1.340301921597911727e-01 9.909040480815402285e-02
5.907289934486621014e-02 1.447010713425897765e-01 1.087872213686285894e-01
6.788422144057941476e-02 1.660641789247497002e-01 1.261477436730035484e-01
8.194361559069809897e-02 1.961335607266272707e-01 1.495619747139728950e-01
1.000628072575293487e-01 2.329232625685861424e-01 1.774199174842361060e-01
1.210535219033699456e-01 2.744473302709693474e-01 2.081115749764771428e-01
1.437274849905263718e-01 3.187198096541394854e-01 2.400269501833947328e-01
1.668964219813019734e-01 3.637547465384529666e-01 2.715560460976829127e-01
1.893720583380003042e-01 4.075661867442662567e-01 3.010888657120359135e-01
2.101715954226819061e-01 4.486905238123823914e-01 3.275247710684089930e-01
2.291341381964358825e-01 4.877535421653903525e-01 3.518005604058024871e-01
2.463042675201082832e-01 5.259033739463253587e-01 3.753623910124778140e-01
2.617265642545453797e-01 5.642881512982227399e-01 3.996564201766965030e-01
2.754456092605954143e-01 6.040560063641253752e-01 4.261288051867250792e-01
2.875059833990998848e-01 6.463550712870544945e-01 4.562257033308158016e-01
2.979522675309073110e-01 6.923334782100520890e-01 4.913932718972344738e-01
3.068290425168640478e-01 7.431393592761541544e-01 5.330776681742428469e-01
3.141808892178160617e-01 7.999208466283955765e-01 5.827250494501021727e-01
3.200523884946095965e-01 8.638260724098116849e-01 6.417815730130740359e-01
3.244539747027209153e-01 9.351584071200945703e-01 7.107652224547967856e-01
3.272595000838482426e-01 1.010842271359475131e+00 7.864813927999455556e-01
3.283086723281429808e-01 1.086957372421121226e+00 8.648073584855924256e-01
3.274411991257559218e-01 1.159583417598157862e+00 9.416203939487657326e-01
3.244967881668386345e-01 1.224800114183753230e+00 1.012797773626537445e+00
3.193151471415425213e-01 1.278687169471060203e+00 1.074216771955964544e+00
3.117359837400186517e-01 1.317324290753233207e+00 1.121754663374105121e+00
3.015990056524184837e-01 1.336791185323425779e+00 1.151288722318016378e+00
2.887439205688930866e-01 1.333167560474790792e+00 1.158696223224755517e+00
2.730104361795938073e-01 1.302533123500483114e+00 1.139854440531380853e+00
2.543545527211546475e-01 1.242743876541999359e+00 1.092487605556895280e+00
2.331974139996752515e-01 1.158760594584308468e+00 1.021707354425374303e+00
2.100764430598677235e-01 1.057320144191524536e+00 9.344720687874789045e-01
1.855290629464469432e-01 9.451593919277703204e-01 8.377401302938767280e-01
1.600926967041280680e-01 8.290152043571672458e-01 7.384699205952351964e-01
1.343047673776261441e-01 7.156244480438381794e-01 6.436198213422220649e-01
1.087026980116562042e-01 6.117239895519051007e-01 5.601482141855045338e-01
8.382391165093329433e-02 5.240506954454906552e-01 4.950134807757504696e-01
6.020583134017247484e-02 4.593414322887166001e-01 4.551740027636271280e-01
3.838588012408512828e-02 4.243330666457023614e-01 4.475881617998039852e-01
1.880339880672931424e-02 4.234564325794619166e-01 4.766757096842452190e-01
1.505376779606597704e-03 4.519177063244480541e-01 5.367012977511944616e-01
-1.355929003170618270e-02 5.026167676944240936e-01 6.193906569444387333e-01
-2.644170570163215800e-02 5.684534965031537990e-01 7.164695182077653879e-01
-3.719297430459446441e-02 6.423277725644006564e-01 8.196636124849615568e-01
-4.586419991501621690e-02 7.171394756919282631e-01 9.206986707198142605e-01
-5.250648660732056688e-02 7.857884856994998835e-01 1.011300423856110298e+00
-5.717093845593129026e-02 8.411746824008875523e-01 1.083194602837647347e+00
-5.990865953526988003e-02 8.761979456098338837e-01 1.128106938608186116e+00
-6.077075391976046598e-02 8.837581551401136881e-01 1.137763162111528059e+00
-5.987173676781966380e-02 8.589981016213749099e-01 1.106628170528485500e+00
-5.757977483076432562e-02 8.060324756312463590e-01 1.040123839465153077e+00
-5.432644957241997141e-02 7.312190069072994625e-01 9.464113675054841579e-01
-5.054334245661206565e-02 6.409154251871054253e-01 8.336519532334309979e-01
-4.666203494716608668e-02 5.414794602082352304e-01 7.100067952329468524e-01
-4.311410850790695082e-02 4.392688417082421526e-01 5.836370920879624391e-01
-4.033114460266147561e-02 3.406412994247345893e-01 4.627040423824769211e-01
-3.874472469525443857e-02 2.519545630952654269e-01 3.553688447004202389e-01
-3.878643024951134582e-02 1.795663624574061201e-01 2.697926976257460363e-01
-4.088784272925767571e-02 1.298344272487278184e-01 2.141367997424067915e-01
-4.533885851950595486e-02 1.072869786191620461e-01 1.941825883609641090e-01
-5.186263369001690299e-02 1.091342033680820917e-01 2.061924556984136014e-01
-6.004063923173830197e-02 1.307567797072217153e-01 2.440490326983596747e-01
-6.945434613561787818e-02 1.675353858483145664e-01 3.016349503044062907e-01
-7.968522539260532167e-02 2.148507000031035508e-01 3.728328394601715390e-01
-9.031474799364466732e-02 2.680834003833047485e-01 4.515253311092332078e-01
-1.009243849296854317e-01 3.226141652006595528e-01 5.315950561952071940e-01
-1.110956071916754107e-01 3.738236726669017518e-01 6.069246456616977925e-01
-1.204098857705623860e-01 4.170926009937649392e-01 6.713967304523092983e-01
-1.284486916572940562e-01 4.478016283929828201e-01 7.188939415106458952e-01
-1.348562853239937964e-01 4.625258115285935667e-01 7.448261985683304331e-01
-1.395280779819042805e-01 4.626175841900413976e-01 7.507124017272299721e-01
-1.424222667307038226e-01 4.506236902781442510e-01 7.395986524875624024e-01
-1.434970486700694048e-01 4.290908736937277257e-01 7.145310523495528310e-01
-1.427106208996798409e-01 4.005658783376116472e-01 6.785557028134219237e-01
-1.400211805192131120e-01 3.675954481106167848e-01 6.347187053793905687e-01
-1.353869246283472272e-01 3.327263269135644075e-01 5.860661615476795427e-01
-1.287660503267603618e-01 2.985052586472752845e-01 5.356441728185101780e-01
-1.201167547141304276e-01 2.674789872125702961e-01 4.864988406921029185e-01
-1.093972348901355585e-01 2.421942565102704059e-01 4.416762666686790961e-01
-9.682437809614719004e-02 2.246281222244652653e-01 4.038647866207888959e-01
-8.364977293254652335e-02 2.144790175598913218e-01 3.743217557940546891e-01
-7.138366853836053405e-02 2.108757526964580020e-01 3.539468047470969436e-01
-6.153631405261823090e-02 2.129471378140785909e-01 3.436395640385438988e-01
-5.561795861434869204e-02 2.198219830926663176e-01 3.442996642270236274e-01
-5.513885136258091929e-02 2.306290987121345781e-01 3.568267358711640913e-01
-6.160924143634397693e-02 2.444972948523965739e-01 3.821204095295934744e-01
-7.653937797466688064e-02 2.605553816933655620e-01 4.210803157609397385e-01
-1.014395101165787294e-01 2.779321694149549105e-01 4.746060851238310674e-01
-1.378198870011160260e-01 2.957564681970810128e-01 5.435973481769091897e-01
-1.863272864926611705e-01 3.131811344474998426e-01 6.278570553301805468e-01
-2.441544037185339466e-01 3.294552149892764903e-01 7.228011853819511501e-01
-3.076303637093151244e-01 3.438518056253514477e-01 8.227489114696548977e-01
-3.730842914955857514e-01 3.556440021586659839e-01 9.220194067307256880e-01
-4.368453121079268198e-01 3.641049003921608129e-01 1.014931844302597197e+00
-4.952425505769190717e-01 3.685075961287766488e-01 1.095805397322703545e+00
-5.446051319331433049e-01 3.681251851714543721e-01 1.158959238928478186e+00
-5.812621812071856464e-01 3.622307633231332535e-01 1.198712542257359459e+00
-6.015428234296135157e-01 3.500974263867561165e-01 1.209384480446766608e+00
-6.017761836310155932e-01 3.309982701652632309e-01 1.185294226634142634e+00
-5.796530880632105864e-01 3.046015433624407187e-01 1.123037898052940964e+00
-5.383113236995357154e-01 2.721561515077622340e-01 1.028319648899991501e+00
-4.822504566539636550e-01 2.353061756430241402e-01 9.091207077596586972e-01
-4.159700530404678576e-01 1.956956968100224403e-01 7.734223032163053402e-01
-3.439696789730207760e-01 1.549687960505534423e-01 6.292056638542949942e-01
-2.707489005655827619e-01 1.147695544064062378e-01 4.844520182579659107e-01
-2.008072839321536074e-01 7.674205291939156792e-02 3.471425950117343340e-01
-1.386443951866927482e-01 4.253037263129833684e-02 2.252586226999374608e-01
-8.875980044317349771e-02 1.377859458392273820e-02 1.267813299069388833e-01
-5.565306581556864196e-02 -7.869200180939044803e-03 5.969194521710224910e-02
-4.265951436003304759e-02 -2.127195655893895920e-02 2.973135168943589340e-02
-4.845749690144870309e-02 -2.730072319552149379e-02 3.367905028152847619e-02
-7.056112120687964284e-02 -2.732957467357918779e-02 6.607419642561382367e-02
-1.064844950433896376e-01 -2.273258557600463942e-02 1.214559455539255262e-01
-1.537417261780519295e-01 -1.488383048568882316e-02 1.943634530987115305e-01
-2.098469223779133030e-01 -5.157383985527293213e-03 2.793358744921788928e-01
-2.723141914100451477e-01 5.072679341588532710e-03 3.709123651665729993e-01
-3.386576410415113036e-01 1.443228491276604512e-02 4.636320805541274126e-01
-4.063913790393757219e-01 2.154735814511268832e-02 5.520341760870758341e-01
-4.730295131707021872e-01 2.504382445573589966e-02 6.306578071976520761e-01
-5.363027467697469852e-01 2.392384848069031497e-02 6.950623569485331332e-01
-5.948081406524928783e-01 1.869450867527414420e-02 7.448880021700541310e-01
-6.473593388087809375e-01 1.023910118576625526e-02 7.807950889467750732e-01
-6.927699852284240345e-01 -5.590778415495671746e-04 8.034439633632388666e-01
-7.298537239012643507e-01 -1.281673226039395895e-02 8.134949715040081797e-01
-7.574241988171340756e-01 -2.565056592448627590e-02 8.116084594536383534e-01
-7.742950539658648434e-01 -3.817728268754586735e-02 7.984447732966847289e-01
-7.792799333372892878e-01 -4.951358640329214800e-02 7.746642591177026471e-01
-7.711924809212387100e-01 -5.877618092544444756e-02 7.409272630012471161e-01
-7.488463407075457434e-01 -6.508177010772218940e-02 6.978941310318738100e-01
-7.117255159973399081e-01 -6.778882361092097852e-02 6.464428576416065830e-01
-6.619952939083152410e-01 -6.722281898992168991e-02 5.883219808380856231e-01
-6.024912441573074817e-01 -6.395097194036525323e-02 5.254976620699514100e-01
-5.360489364611573659e-01 -5.854049815789183486e-02 4.599360627858525841e-01
-4.655039405367057403e-01 -5.155861333814157343e-02 3.936033444344380627e-01
-3.936918261007937847e-01 -4.357253317675462145e-02 3.284656684643567637e-01
-3.234481628702621236e-01 -3.514947336937111755e-02 2.664891963242572714e-01
-2.576085205619517149e-01 -2.685664961163123157e-02 2.096400894627886702e-01
-1.990084688927034884e-01 -1.926127759917508134e-02 1.598845093285995167e-01
-1.504835775793507968e-01 -1.293057302764186699e-02 1.191886173703325391e-01
-1.142341205177830332e-01 -8.308667039314524341e-03 8.903641837086966049e-02
-8.991904290815241896e-02 -5.347324390409812639e-03 6.898318008988400807e-02
-7.656192142165448022e-02 -3.875211197070948469e-03 5.810195843966641654e-02
-7.318633272948495139e-02 -3.720993575441149722e-03 5.546580933250785245e-02
-7.881585350283944191e-02 -4.713337641663637757e-03 6.014778868069919904e-02
-9.247406041291363066e-02 -6.680909511881629598e-03 7.122095239653139509e-02
-1.131845301309031410e-01 -9.452375302238340965e-03 8.775835639229533081e-02
-1.399708393280088836e-01 -1.285640112887764981e-02 1.088330565802859973e-01
-1.718565646754167953e-01 -1.672165310794153023e-02 1.335181088727867005e-01
-2.078652828443268152e-01 -2.087679735557375696e-02 1.608865691820917099e-01
-2.471423976721412452e-01 -2.517735229466741900e-02 1.901160123838634419e-01
-2.893206356033009574e-01 -2.958624864816162409e-02 2.208021011686671364e-01
-3.341545572196594205e-01 -3.409327098229063269e-02 2.526450231712338290e-01
-3.813987231030702141e-01 -3.868820386328870181e-02 2.853449660262945553e-01
-4.308076938353862517e-01 -4.336083185739006418e-02 3.186021173685801289e-01
-4.821360299984706055e-01 -4.810093953082984763e-02 3.521166648328275528e-01
-5.351382921741583143e-01 -5.289831144984061262e-02 3.855887960537558445e-01
-5.895690409443115065e-01 -5.774273218065744534e-02 4.187186986661017851e-01
-6.451828368907838174e-01 -6.262398628951458546e-02 4.512065603045964934e-01
-7.017342405954285489e-01 -6.753185834264631426e-02 4.827525686039708663e-01
-7.589502767910861758e-01 -7.244473656510803938e-02 5.130782911178979333e-01
-8.164478268145445305e-01 -7.729542381723997213e-02 5.419908150758193655e-01
-8.738162361535792844e-01 -8.200532661820345015e-02 5.693186076261188555e-01
-9.306448502959651092e-01 -8.649585148715982497e-02 5.948901359171800962e-01
-9.865230147294871133e-01 -9.068840494327118362e-02 6.185338670973909991e-01
-1.041040074941900651e+00 -9.450439350569737884e-02 6.400782683151267083e-01
-1.093785376420990385e+00 -9.786522369360052542e-02 6.593518067187751353e-01
-1.144348264654532654e+00 -1.006923020261420165e-01 6.761829494567203058e-01
-1.192318085130301464e+00 -1.029070350224832314e-01 6.904001636773459127e-01
-1.237284183336072152e+00 -1.044308292017854523e-01 7.018319165290354267e-01
-1.278797830518029865e+00 -1.052085712271477180e-01 7.103347090174886302e-01
-1.316258005313186707e+00 -1.052790656503688749e-01 7.158771743694929413e-01
-1.349025614295533249e+00 -1.047045958236790253e-01 7.184559780650877636e-01
-1.376461564039042740e+00 -1.035474450993087020e-01 7.180677855843111690e-01
-1.397926761117706640e+00 -1.018698968294881185e-01 7.147092624072032274e-01
-1.412782112105509968e+00 -9.973423436644758555e-02 7.083770740138030098e-01
-1.420388523576438633e+00 -9.720274106241742762e-02 6.990678858841496979e-01
-1.420106902104477431e+00 -9.433770026962789990e-02 6.867783634982823626e-01
-1.411298154263610716e+00 -9.120139534030927142e-02 6.715051723362398528e-01
-1.393323186627824617e+00 -8.785610962669189450e-02 6.532449778780615723e-01
-1.366078311641580667e+00 -8.437064014377894383e-02 6.321549821564377281e-01
-1.331601342690114542e+00 -8.083983706685334003e-02 6.090344966718406194e-01
-1.292465437760297320e+00 -7.736506348858281090e-02 5.848433511064875523e-01
-1.251243754839002964e+00 -7.404768250163562548e-02 5.605413751425991631e-01
-1.210509451913106327e+00 -7.098905719868010833e-02 5.370883984623960883e-01
-1.172835686969482483e+00 -6.829055067238459786e-02 5.154442507480990754e-01
-1.140795617995005840e+00 -6.605352601541737700e-02 4.965687616819286498e-01
-1.116962402976551028e+00 -6.437934632044677030e-02 4.814217609461056147e-01
-1.103909199900992899e+00 -6.336937468014108843e-02 4.709630782228506063e-01
-1.104209166755207638e+00 -6.312497418716866981e-02 4.661525431943841502e-01
-1.119625293568074165e+00 -6.371268476485027199e-02 4.676244290318661290e-01
-1.148679713098454291e+00 -6.505974568849676176e-02 4.747107083461004629e-01
-1.189084297425544223e+00 -6.705856907864791994e-02 4.864177599777115280e-01
-1.238550918628541719e+00 -6.960156705584359671e-02 5.017519627673245886e-01
-1.294791448786642984e+00 -7.258115174062360064e-02 5.197196955555644093e-01
-1.355517759979044889e+00 -7.588973525352776806e-02 5.393273371830555885e-01
-1.418441724284944527e+00 -7.941972971509587975e-02 5.595812664904231681e-01
-1.481275213783549649e+00 -8.306354724586839655e-02 5.794878623182951882e-01
-1.541730100554034255e+00 -8.671359996638385026e-02 5.980535035072894745e-01
-1.597518256675606763e+00 -9.026229999718267394e-02 6.142845688980342889e-01
-1.646950035248318178e+00 -9.363186669540650431e-02 6.274360252910479163e-01
-1.690729781947330590e+00 -9.686375177582036422e-02 6.377572197754624028e-01
-1.730160357715000208e+00 -1.000292158954236288e-01 6.457461016250271024e-01
-1.766544623493683019e+00 -1.031995197112157564e-01 6.519006201134919243e-01
-1.801185440225733014e+00 -1.064459238801960667e-01 6.567187245146057784e-01
-1.835385668853512176e+00 -1.098396890593646147e-01 6.606983641021194620e-01
-1.870448170319364500e+00 -1.134520759057195682e-01 6.643374881497807749e-01
-1.907675805565650862e+00 -1.173543450762609408e-01 6.681340459313401814e-01
-1.948371435534726803e+00 -1.216177572279880936e-01 6.725859867205470355e-01
-1.993837921168948091e+00 -1.263135730179004157e-01 6.781912597911509133e-01
-2.044937282735124651e+00 -1.315131016580607104e-01 6.852598330960717465e-01
-2.100768177797885716e+00 -1.372878465807852721e-01 6.933497493049119997e-01
-2.159988423246317346e+00 -1.437093597734537265e-01 7.018310697664437159e-01
-2.221255835969504044e+00 -1.508491932234458377e-01 7.100738558294394931e-01
-2.283228232856541862e+00 -1.587788989181427579e-01 7.174481688426734838e-01
-2.344563430796493098e+00 -1.675700288449213093e-01 7.233240701549153995e-01
-2.403919246678453359e+00 -1.772941349911625053e-01 7.270716211149387265e-01
-2.459953497391508925e+00 -1.880227693442461101e-01 7.280608830715167290e-01
-2.511323999824742970e+00 -1.998274838915517493e-01 7.256619173734217831e-01
-2.556688570867240884e+00 -2.127798306204590761e-01 7.192447853694261539e-01
-2.594984264168870958e+00 -2.269029267738560673e-01 7.083396695460578707e-01
-2.626265048466979835e+00 -2.420261561595006827e-01 6.931172186167169347e-01
-2.650864113282101364e+00 -2.579304706120411628e-01 6.739081932706124656e-01
-2.669114648134757850e+00 -2.743968219661170882e-01 6.510433541969640192e-01
-2.681349842545484030e+00 -2.912061620563763942e-01 6.248534620849809373e-01
-2.687902886034812422e+00 -3.081394427174644068e-01 5.956692776238758924e-01
-2.689106968123272878e+00 -3.249776157840265078e-01 5.638215615028615568e-01
-2.685295278331397029e+00 -3.415016330907079678e-01 5.296410744111509361e-01
-2.676801006179714282e+00 -3.574924464721538908e-01 4.934585770379559255e-01
-2.663957341188756267e+00 -3.727310077630097140e-01 4.556048300724896971e-01
-2.647016344697880719e+00 -3.870036536400900951e-01 4.164361016017293360e-01
-2.625905583890013162e+00 -4.001182589164135606e-01 3.764106834657471867e-01
-2.600471507050752695e+00 -4.118880826309623822e-01 3.360123719834437472e-01
-2.570560562465700638e+00 -4.221263838227161114e-01 2.957249634737259547e-01
-2.536019198420459642e+00 -4.306464215306543553e-01 2.560322542555009684e-01
-2.496693863200631913e+00 -4.372614547937567764e-01 2.174180406476760308e-01
-2.452431005091819216e+00 -4.417847426510029818e-01 1.803661189691582178e-01
-2.403077072379621981e+00 -4.440295441413724120e-01 1.453602855388546888e-01
-2.348478513349644636e+00 -4.438091183038448961e-01 1.128843366756725058e-01
-2.288481776287476066e+00 -4.409367241773992641e-01 8.342206869851395701e-02
-2.223290221885749318e+00 -4.353000407568321517e-01 5.733086294511025027e-02
-2.154534942158204736e+00 -4.270844438940679111e-01 3.446241189351020862e-02
-2.084203982373320940e+00 -4.165497379140218337e-01 1.454197857270735604e-02
-2.014285387799579663e+00 -4.039557271416103768e-01 -2.705173988304708857e-03
-1.946767203705459748e+00 -3.895622159017490538e-01 -1.755378276053241177e-02
-1.883637475359440927e+00 -3.736290085193536559e-01 -3.027858471498216797e-02
-1.826884248030004265e+00 -3.564159093193404182e-01 -4.115431682266041530e-02
-1.778495566985620169e+00 -3.381827226266214681e-01 -5.045571605457507824e-02
-1.740459477494787022e+00 -3.191892527661194245e-01 -5.845751938172933510e-02
-1.714764024825975230e+00 -2.996953040627468590e-01 -6.543446377513136014e-02
-1.702720681863201468e+00 -2.799032813122083740e-01 -7.161033489309862055e-02
-1.702934554523958255e+00 -2.597859846244134907e-01 -7.700510731219421812e-02
-1.713334137626382647e+00 -2.392588112955390534e-01 -8.158780138075130695e-02
-1.731847925988614145e+00 -2.182371586217621284e-01 -8.532743744710309663e-02
-1.756404414428791583e+00 -1.966364238992595326e-01 -8.819303585958279679e-02
-1.784932097765058900e+00 -1.743720044242042244e-01 -9.015361696652386680e-02
-1.815359470815544274e+00 -1.513592974927808199e-01 -9.117820111625876689e-02
-1.845615028398390756e+00 -1.275137004011624997e-01 -9.123580865712119237e-02
-1.873627265331737179e+00 -1.027506104455260527e-01 -9.029545993744429733e-02
-1.897324676433722379e+00 -7.698542492204840659e-02 -8.832617530556126362e-02
-1.914964443588087706e+00 -5.021260163719518110e-02 -8.532345382281537882e-02
-1.926118496940983915e+00 -2.274284043858679910e-02 -8.138870940259002040e-02
-1.930687453704165391e+00 5.034098315867631401e-03 -7.664983467127867156e-02
-1.928571931089385183e+00 3.272845426825887055e-02 -7.123472225527478774e-02
-1.919672546308395233e+00 5.995046706068261899e-02 -6.527126478097071416e-02
-1.903889916572952146e+00 8.631037633521995711e-02 -5.888735487476206426e-02
-1.881124659094809637e+00 1.114184217339666688e-01 -5.221088516304128735e-02
-1.851277391085719870e+00 1.348848428990135351e-01 -4.536974827220181111e-02
-1.814248729757437895e+00 1.563198794724514895e-01 -3.849183682863713263e-02
-1.769939292321717206e+00 1.753337710963712714e-01 -3.170504345874070040e-02
-1.718249695990311299e+00 1.915367574128638839e-01 -2.513726078890596294e-02
-1.659080557974973891e+00 2.045390780640200246e-01 -1.891638144552639650e-02
-1.592332495487446486e+00 2.139509726919319177e-01 -1.317029805499448508e-02
-1.517906125739506562e+00 2.193826809386870968e-01 -8.026903243705731106e-03
-1.435702065942896066e+00 2.204444424463783414e-01 -3.614089638052564793e-03
-1.345620933309369605e+00 2.167464968570965156e-01 -5.974986442841643403e-05
-1.247563345050680228e+00 2.078990838129324281e-01 2.508223450773238578e-03
-1.141429918378582542e+00 1.935124429559770542e-01 3.961937681158961277e-03
-1.027121270504829376e+00 1.731968139283210917e-01 4.173500200335260660e-03
-9.045380186411750012e-01 1.465624363720554879e-01 3.015018381908703832e-03
-7.735807799993490441e-01 1.132195499292645291e-01 3.585995994851987057e-04
-6.341501717911517400e-01 7.277839424205084784e-02 -3.923648773327771677e-03
-4.861468112283142684e-01 2.484920895249993766e-02 -9.959619362924020114e-03
-3.294713155225904577e-01 -3.095776629729728863e-02 -1.787720479569699511e-02
