4.023769060459314773e+01 -1.292443092384925407e+01 -3.450072103697343806e+01
3.422589608445297671e+01 -1.077948901388520753e+01 -3.227256290005706774e+01
2.857784006440829216e+01 -8.815680472105562160e+00 -3.011973110205071436e+01
2.329494577542548583e+01 -7.026262764910319092e+00 -2.804660856596973417e+01
1.837848753853997508e+01 -5.404656940590066405e+00 -2.605752705585180351e+01
1.382960467982947428e+01 -3.944419329655549866e+00 -2.415676614687549417e+01
9.649314984097877357e+00 -2.639212701197893196e+00 -2.234855089733628830e+01
5.838527698465500571e+00 -1.482776914202514451e+00 -2.063704824734931975e+01
2.398056092105875337e+00 -4.688991017020422980e-01 -1.902636215931592290e+01
-6.713704267880906684e-01 4.086165746863030801e-01 -1.752052750526007330e+01
-3.369094641069717344e+00 1.155979561934732391e+00 -1.612350269613807185e+01
-5.694562387566241668e+00 1.779360872443400687e+00 -1.483915484816126806e+01
-7.647394181842624761e+00 2.284791044871021803e+00 -1.367120871822945993e+01
-9.227193080495515787e+00 2.678585841053495287e+00 -1.262322672429426973e+01
-1.043352541441277737e+01 2.967367830127627393e+00 -1.169862539465602502e+01
-1.126595549284987285e+01 3.157968639759075380e+00 -1.090069644192821841e+01
-1.172407875108766540e+01 3.257330321335645262e+00 -1.023263197546463132e+01
-1.180755331451480572e+01 3.272405949015711357e+00 -9.697553901380395303e+00
-1.151613000719532387e+01 3.210059558695723680e+00 -9.298547459329023823e+00
-1.084968088956088295e+01 3.076965512255762647e+00 -9.038698745415693736e+00
-9.808226467600265508e+00 2.879507345180017275e+00 -8.921135971131707976e+00
-8.391956295538186339e+00 2.623685594265056764e+00 -8.949076469938635370e+00
-6.601234326506977723e+00 2.315059571857155607e+00 -9.125873504965962724e+00
-4.436629416978618679e+00 1.958659409783862104e+00 -9.455039164098486992e+00
-1.898934811564390923e+00 1.558911083700118105e+00 -9.940278151271444429e+00
1.010817205442213318e+00 1.119568306687904524e+00 -1.058552563707653427e+01
3.920231583450919821e+00 7.038434706790055451e-01 -1.126689392257362243e+01
6.457448985370562333e+00 3.685140396837538468e-01 -1.185587331420444634e+01
8.622192706743474488e+00 1.074556341741734755e-01 -1.234958911223407263e+01
1.041438019309794960e+01 -8.498159266239468934e-02 -1.274504096520497853e+01
1.183413495355717515e+01 -2.139125781186228537e-01 -1.303906740003163378e+01
1.288187053051012754e+01 -2.837541743258769067e-01 -1.322824338976447400e+01
1.355852175291660089e+01 -2.978411761229931010e-01 -1.330861602822781897e+01
1.386533217008740237e+01 -2.586831408918892627e-01 -1.327587008911123689e+01
1.380375764638109004e+01 -1.680847613926244044e-01 -1.312545425256086773e+01
1.337543797541057344e+01 -2.717216899165375565e-02 -1.285265443528430218e+01
1.266917243384613023e+01 1.376472836059610128e-01 -1.252304345653113415e+01
1.177276752254753944e+01 3.007954255729006210e-01 -1.220363482136005118e+01
1.068648145625846446e+01 4.629715205715232429e-01 -1.189179867487415443e+01
9.410558459847203849e+00 6.249892520577828847e-01 -1.158494152682654565e+01
7.945231327372308527e+00 7.877722303410346072e-01 -1.128055074971231342e+01
6.290723542125499890e+00 9.523507748552817453e-01 -1.097623869855816281e+01
4.447251385524941369e+00 1.119860517531200861e+00 -1.066978662149231027e+01
2.415021049745707415e+00 1.291528076845745776e+00 -1.035919260984580603e+01
1.942263870485918531e-01 1.468660827751485654e+00 -1.004271772152997499e+01
-2.214953507531554955e+00 1.652637688742553346e+00 -9.718931355611481138e+00
-4.447562487570804635e+00 1.818012047059530456e+00 -9.420825239073849389e+00
-6.139238684561965087e+00 1.937924259558621465e+00 -9.186675644399594276e+00
-7.290730964430759187e+00 2.011297623333355489e+00 -9.022891512620306642e+00
-7.902796306904754431e+00 2.036572929594246517e+00 -8.935322656511127448e+00
-7.976170208584369981e+00 2.011747218295613315e+00 -8.929137035358799324e+00
-7.511535877828069196e+00 1.934415268425183632e+00 -9.008698282320652950e+00
-6.509492865678671691e+00 1.801813457229979543e+00 -9.177443672313279066e+00
-4.970524873486382944e+00 1.610867897076384558e+00 -9.437763057795077515e+00
-2.894968223297213150e+00 1.358245110448706772e+00 -9.790878375226604646e+00
-2.829816017195363465e-01 1.040405603324402017e+00 -1.023672373380216527e+01
2.452672468660997751e+00 7.013154617294108384e-01 -1.069885574868918354e+01
4.899921517829817219e+00 3.885349037506551362e-01 -1.109913245795307191e+01
7.059729468559402754e+00 1.039544286753950608e-01 -1.143429156750677578e+01
8.932954186392228380e+00 -1.503459240795024243e-01 -1.170163954651670046e+01
1.052032542273891025e+01 -3.721276037482454946e-01 -1.189911484743864278e+01
1.182231960253874803e+01 -5.590521897117421979e-01 -1.202545222522070567e+01
1.283882258563667378e+01 -7.088043432081412298e-01 -1.208061841498969891e+01
1.356943535620248475e+01 -8.190592569666346190e-01 -1.206562484482254938e+01
1.401360024769092760e+01 -8.874760444346961874e-01 -1.198236752082154588e+01
1.417062779126435679e+01 -9.117125842190804130e-01 -1.183354388554977099e+01
1.394166828888418053e+01 -8.937737768914881809e-01 -1.163351074236624960e+01
1.322792338769279041e+01 -8.354048286044868377e-01 -1.139849246058474641e+01
1.202870714427628407e+01 -7.339339170191263584e-01 -1.113518746884867738e+01
1.034336538130137306e+01 -5.867689734818803959e-01 -1.085104519554626634e+01
8.171299805527734605e+00 -3.914079106440816469e-01 -1.055412324885560871e+01
5.511989394181991742e+00 -1.454461338455418362e-01 -1.025294389826161101e+01
2.365008426309418432e+00 1.534187946338875785e-01 -9.956349920526005093e+00
-1.269959402019806394e+00 5.073853569858592927e-01 -9.673359899244305282e+00
-5.393111074309340225e+00 9.185493491212117778e-01 -9.413022990389229960e+00
-1.000451885727499501e+01 1.388908252509761354e+00 -9.184273309892432735e+00
-1.425951941761726083e+01 1.830093851494130286e+00 -9.030881603399148361e+00
-1.731318689652852072e+01 2.148212582296674444e+00 -8.977452636263434371e+00
-1.916525126256664890e+01 2.337083943611820924e+00 -9.003560425492265651e+00
-1.981565824586365565e+01 2.390762536188462128e+00 -9.088483164065127795e+00
-1.926458657239644623e+01 2.303526303897868388e+00 -9.211562711015361060e+00
-1.751245411356611470e+01 2.069857211160668786e+00 -9.352564355358364168e+00
-1.455991321952204132e+01 1.684414497188302384e+00 -9.492036471908344097e+00
-1.040783646294916664e+01 1.142000710421539722e+00 -9.611668486488525787e+00
-5.057293164981567557e+00 4.375205933726417085e-01 -9.694648422987858893e+00
1.490481998451394396e+00 -4.340669198457412503e-01 -9.726019662745972738e+00
7.888442751576646650e+00 -1.309040567639557562e+00 -9.701552887688730920e+00
1.279063517679103335e+01 -2.015956470060308536e+00 -9.642380922904321139e+00
1.619752480728441668e+01 -2.548355599539243066e+00 -9.571832798452655666e+00
1.810976478189529359e+01 -2.899850841064589346e+00 -9.511066615624809373e+00
1.852814537451006061e+01 -3.064055633767112763e+00 -9.478627987000201927e+00
1.745360975732158337e+01 -3.034486659457637625e+00 -9.489888760665524003e+00
1.488741069791075589e+01 -2.804436998912331447e+00 -9.556388249524376377e+00
1.083086510904754363e+01 -2.367004453293086286e+00 -9.686288996802986162e+00
5.285259028736417619e+00 -1.715100087284032737e+00 -9.884686031255425220e+00
-1.748168512016925247e+00 -8.414425691112844552e-01 -1.015378921858344796e+01
-8.751107770444869871e+00 5.753487152188219156e-02 -1.043185620698770677e+01
-1.420679654416230342e+01 7.760514673836033106e-01 -1.064982649072047849e+01
-1.811629520524361325e+01 1.307351135834674327e+00 -1.079924723539826559e+01
-2.048058926819417280e+01 1.644462028995124392e+00 -1.087467400610199952e+01
-2.130058783776314968e+01 1.780197886939105967e+00 -1.087348237325768707e+01
-2.057712804193361933e+01 1.707165036290071658e+00 -1.079568094666274725e+01
-1.831098425958667519e+01 1.417775145728412900e+00 -1.064372586927141739e+01
-1.450288078642113732e+01 9.042637385030656283e-01 -1.042233728378582924e+01
-9.153507128429845707e+00 1.587145457231391443e-01 -1.013831716787660042e+01
-2.263534903597592240e+00 -8.269103398224681989e-01 -9.800368521833288327e+00
4.720421888710404801e+00 -1.851039003764155311e+00 -9.480675878561195091e+00
1.035276892503593515e+01 -2.702169152400384800e+00 -9.243138886404231869e+00
1.463434853515290435e+01 -3.373405679788600509e+00 -9.083984462310262131e+00
1.756597770765028699e+01 -3.857731079510180017e+00 -8.997743978086772287e+00
1.914846421106751606e+01 -4.148038476141657327e+00 -8.977409954642865841e+00
1.938262192054808253e+01 -4.237169340350204649e+00 -9.014591713028394793e+00
1.826928474831652238e+01 -4.117955656570590151e+00 -9.099670099033096093e+00
1.580931894024628903e+01 -3.783266153377380370e+00 -9.221950745855293619e+00
1.200363302207994920e+01 -3.226056410843919586e+00 -9.369816617079367305e+00
6.853185053102865076e+00 -2.439422528645878607e+00 -9.530879973635018487e+00
1.406358036561060842e+00 -1.592171447555744246e+00 -9.677278673535084863e+00
-3.289399550510630377e+00 -8.602830174684650277e-01 -9.793300072377393306e+00
-7.234531370270149253e+00 -2.477040167930848469e-01 -9.884739872813428363e+00
-1.042950564626949905e+01 2.417033872331346700e-01 -9.957921514538693231e+00
-1.287481523539707595e+01 6.041952192979140879e-01 -1.001961276048325367e+01
-1.457098894238853148e+01 8.361237223600683777e-01 -1.007692808355017533e+01
-1.551862822561252919e+01 9.337976510674173003e-01 -1.013719652846898178e+01
-1.571836382553961720e+01 8.936835744132312076e-01 -1.020791608756842095e+01
-1.517083502649286153e+01 7.125013196801732729e-01 -1.029669415075399641e+01
-1.387668040758857302e+01 3.872617021701663109e-01 -1.041117436974683663e+01
-1.215874230647194665e+01 6.432598060394756345e-03 -1.052081852492851866e+01
-1.033900797592714405e+01 -3.402071623863374139e-01 -1.059029476126730351e+01
-8.416847348949628937e+00 -6.534461890694105435e-01 -1.061991905444745754e+01
-6.391660077630462844e+00 -9.340692873186737799e-01 -1.060984988539525986e+01
-4.262878225921864939e+00 -1.182843666688296436e+00 -1.056009064001704090e+01
-2.029968975972611389e+00 -1.400505345584083905e+00 -1.047049158475293851e+01
3.075626461684104473e-01 -1.587745685335059331e+00 -1.034075137345045547e+01
2.750170818901857217e+00 -1.745198027340670421e+00 -1.017041805223688122e+01
5.298265906809070280e+00 -1.873424353598938996e+00 -9.958889698398541768e+00
7.952211323549577493e+00 -1.972901916618926998e+00 -9.705414662859135788e+00
1.030123319366146539e+01 -2.036013049780013073e+00 -9.466063029431060372e+00
1.193417131267323938e+01 -2.053276005908653001e+00 -9.294042595337609569e+00
1.285079035358924848e+01 -2.022611999220204737e+00 -9.184562963496446741e+00
1.305088681801739448e+01 -1.942387800220586325e+00 -9.133368140195045726e+00
1.253428445820210513e+01 -1.811451449415746540e+00 -9.136795622511542092e+00
1.130083016604724833e+01 -1.629166361448029843e+00 -9.191836159972941900e+00
9.350390567911283313e+00 -1.395444097669435557e+00 -9.296193965082883537e+00
6.682849412885751406e+00 -1.110776534910153712e+00 -9.448347259990631741e+00
3.298106167856498239e+00 -7.762673457396693788e-01 -9.647608716056446099e+00
-8.039239381498129999e-01 -3.936632510761438608e-01 -9.894185509176340432e+00
-4.824630990580177858e+00 -2.496963590814604839e-02 -1.013431807080004354e+01
-7.965219450978050730e+00 2.687700430637245397e-01 -1.031590196647341884e+01
-1.022548279982053288e+01 4.873033134513076181e-01 -1.044158657471873575e+01
-1.160522172149149434e+01 6.311442323670489740e-01 -1.051296505315032270e+01
-1.210424587856388179e+01 7.016107303577564513e-01 -1.053049949751849113e+01
-1.172239601213310323e+01 7.009482902141513927e-01 -1.049342226987279325e+01
-1.045960466934437427e+01 6.326004720097636591e-01 -1.039960959583492084e+01
-8.315855587376692171e+00 5.008974311264959844e-01 -1.024567918356411411e+01
-5.291180942427349265e+00 3.108918797335423201e-01 -1.002706788088952194e+01
-1.385677636997450612e+00 6.828236444161825403e-02 -9.738086431858919312e+00
2.582630979962191820e+00 -1.689677472338107223e-01 -9.434015607249451207e+00
5.795723547554570310e+00 -3.489073720936050615e-01 -9.175768591262398743e+00
8.253491977124962631e+00 -4.748927089611644226e-01 -8.966047238829453647e+00
9.955890976919087976e+00 -5.508615000513042981e-01 -8.808521328349037560e+00
1.090295226262605688e+01 -5.812688758584703130e-01 -8.707781124027253128e+00
1.109479901201547136e+01 -5.710242636273321626e-01 -8.669289315280014563e+00
1.053166027116490255e+01 -5.254290684406559553e-01 -8.699332582255550506e+00
9.213885129586612877e+00 -4.501148621048104426e-01 -8.804972881904475912e+00
7.141956347005036676e+00 -3.509818079487598275e-01 -8.993998764505253263e+00
4.316503222576705490e+00 -2.341370889824836432e-01 -9.274876912151684749e+00
1.387664138492654242e+00 -1.280606358602063843e-01 -9.584515524078881299e+00
-9.951075375592086658e-01 -5.430768077148652451e-02 -9.850726955595121126e+00
-2.832184215836628383e+00 -8.572710661876314919e-03 -1.006842897176532325e+01
-4.124048248323474830e+00 1.360496422255746268e-02 -1.023205201820779209e+01
-4.871299615993685883e+00 1.679598263118019241e-02 -1.033557362495915832e+01
-5.074662675623990538e+00 5.635275469543274407e-03 -1.037255228974300003e+01
-4.734991879364347511e+00 -1.522414401793995009e-02 -1.033616075616539121e+01
-3.853276368930041329e+00 -4.115786961987490111e-02 -1.021921863045317380e+01
-2.430643414354185960e+00 -6.761752705350468351e-02 -1.001422426305689406e+01
-4.683606521781982224e-01 -9.017898012110353578e-02 -9.713385847257034911e+00
1.506280081879054933e+00 -1.057480229471864930e-01 -9.395968276445707090e+00
2.967565953514640587e+00 -1.169281664456294501e-01 -9.151100442005782654e+00
3.916592212589707689e+00 -1.278828997741719153e-01 -8.985795770169426433e+00
4.354587683720326119e+00 -1.426290490873270422e-01 -8.907323755126117959e+00
4.282913466400605884e+00 -1.649885212336083540e-01 -8.923183032812534776e+00
3.703038272516717022e+00 -1.985380172432930079e-01 -9.041084365959969560e+00
2.616464455757231633e+00 -2.465792204820760891e-01 -9.268930474832480115e+00
1.024776738747539939e+00 -3.121689924953211515e-01 -9.614690315840810797e+00
-1.070357437459429573e+00 -3.981507575501924689e-01 -1.008628682112710706e+01
-3.667212264892383722e+00 -5.071817866463086411e-01 -1.069149606948957043e+01
-6.256794428726931478e+00 -6.260151960679485317e-01 -1.132340856700185050e+01
-8.332577337121886529e+00 -7.374119551193991651e-01 -1.186453007216525357e+01
-9.896570159881056483e+00 -8.380837824472731068e-01 -1.230660130350283410e+01
-1.095085966933031862e+01 -9.249430603185651023e-01 -1.264146299341513568e+01
-1.149758232920962087e+01 -9.950765818150033581e-01 -1.286115612416689657e+01
-1.153889377626567736e+01 -1.045720115703963948e+00 -1.295802134006765272e+01
-1.107693587287991122e+01 -1.074233656376145429e+00 -1.292479752374921098e+01
-1.011380152053130921e+01 -1.078077376508783214e+00 -1.275471957560563396e+01
-8.651497564695750597e+00 -1.054787943558681773e+00 -1.244161540535794686e+01
-6.691906145217017432e+00 -1.001955023796103461e+00 -1.198000218586375354e+01
-4.633343668469183996e+00 -9.373799776270578255e-01 -1.147464441532911295e+01
-2.872280412118018322e+00 -8.814104655467547289e-01 -1.103661279631340619e+01
-1.407748320483047433e+00 -8.354409776936042586e-01 -1.067022495143507399e+01
-2.388425389312200942e-01 -8.008229294861034520e-01 -1.037944147299499953e+01
6.352549951328955169e-01 -7.788783123733310498e-01 -1.016780983459480581e+01
1.215251800571302887e+00 -7.709135794300531197e-01 -1.003840849132576096e+01
1.501721321140427889e+00 -7.782338960221595325e-01 -9.993791071771326529e+00
1.495079695076377835e+00 -8.021581432433273484e-01 -1.003593061924135554e+01
1.195563567411206396e+00 -8.440347069204423569e-01 -1.016616376897457563e+01
6.032093444594599507e-01 -9.052582167907261557e-01 -1.038513471121046194e+01
-2.729348616158910890e-02 -9.602436278484667298e-01 -1.060492870327489001e+01
-4.416393907528307627e-01 -9.817281430939626130e-01 -1.073695736705944626e+01
-6.403651326448693837e-01 -9.686203369757706572e-01 -1.078069824478816052e+01
-6.237856798195648977e-01 -9.197995323974592630e-01 -1.073619382410983825e+01
-3.919808855553646998e-01 -8.341014412961974545e-01 -1.060409250026722994e+01
5.530661942617831617e-02 -7.103438790487257570e-01 -1.038568690317925913e+01
7.189344765302498885e-01 -5.474338984230460170e-01 -1.008290411109734031e+01
1.600039020810738677e+00 -3.442271702476591422e-01 -9.698236698293015934e+00
2.699903209368319068e+00 -9.947306245095188793e-02 -9.234677259877186017e+00
4.019918308810627394e+00 1.881980077577830590e-01 -8.695654684955735902e+00
5.253568980027943702e+00 4.643610699070562231e-01 -8.205633302252174133e+00
6.092783612135616700e+00 6.720239194891237666e-01 -7.884024969473007793e+00
6.536466048079493163e+00 8.086670673592050163e-01 -7.726316822148477925e+00
6.583301091060214993e+00 8.715745383621555931e-01 -7.727217549684416653e+00
6.231824318778316218e+00 8.578130151225026312e-01 -7.880774197999478758e+00
5.480489741470504050e+00 7.642132960900058780e-01 -8.180489797056125667e+00
4.327734581582810769e+00 5.873544018212917273e-01 -8.619441952864999479e+00
2.772040607765172915e+00 3.235507659099691735e-01 -9.190402411476844335e+00
8.119914826803159569e-01 -3.115757313105774196e-02 -9.885957658611976839e+00
-1.553674266022307515e+00 -4.810116561262539614e-01 -1.069863045946481250e+01
-3.862833530832308515e+00 -9.309050340534855694e-01 -1.146021955954935834e+01
-5.650655731043302765e+00 -1.280133686662334513e+00 -1.201356285524071588e+01
-6.914282541457275499e+00 -1.524479263639786808e+00 -1.236799433061706566e+01
-7.651025965792031869e+00 -1.659348847499314772e+00 -1.253302252176666620e+01
-7.858430995489795734e+00 -1.679770618216502864e+00 -1.251816953517932340e+01
-7.534332062682439712e+00 -1.580393492071346051e+00 -1.233280922058570184e+01
-6.676903432754786039e+00 -1.355490489442826130e+00 -1.198600489200885555e+01
-5.284703134105100730e+00 -9.989653501408388703e-01 -1.148634750996142806e+01
-3.356711546384540501e+00 -5.043620663783143776e-01 -1.084179425929680107e+01
-8.923651365615322684e-01 1.351231821874435690e-01 -1.005950801032141229e+01
1.645128383085580293e+00 8.110188928639090467e-01 -9.279609657972621051e+00
3.791696250859160955e+00 1.407264347864505050e+00 -8.632956965357102774e+00
5.546467804514124467e+00 1.919339216342149879e+00 -8.112426485960243738e+00
6.908879463753949679e+00 2.342471665768598665e+00 -7.711391154496987532e+00
7.878694812222557076e+00 2.671649307558069175e+00 -7.423836670776005953e+00
8.455949040131059746e+00 2.901691347970682511e+00 -7.244537702581939520e+00
8.640749242399383689e+00 3.027437156915941507e+00 -7.169364055726254570e+00
8.433495585590694787e+00 3.043575950309795886e+00 -7.195139524780229223e+00
7.834924866414569422e+00 2.944613895573865214e+00 -7.319518229700290313e+00
6.846080221714309744e+00 2.724901649696016115e+00 -7.540911205836001940e+00
5.664757650063738659e+00 2.430865949007916971e+00 -7.816583792178799506e+00
4.488122582004016259e+00 2.112780116941330277e+00 -8.105222823044764269e+00
3.316482200376391631e+00 1.770671757806829172e+00 -8.407821817262952635e+00
2.150145251121787560e+00 1.404584543436219413e+00 -8.725278514384479323e+00
9.894195234515530402e-01 1.014582346676776936e+00 -9.058399898569124531e+00
-1.653911245182326795e-01 6.007535885085293348e-01 -9.407907306278453063e+00
-1.313990147557075439e+00 1.632157652057890929e-01 -9.774441626538012073e+00
-2.456092177812074340e+00 -2.978797846546917816e-01 -1.015856857497473875e+01
-3.591427181310536287e+00 -7.823431031496239640e-01 -1.056078402814623374e+01
-4.719744897287444729e+00 -1.289940810406506211e+00 -1.098151941444804081e+01
-5.698440484000344419e+00 -1.754984036679184900e+00 -1.136147647230102997e+01
-6.386549396997709849e+00 -2.108622385369283148e+00 -1.164090199957483129e+01
-6.786405404783149464e+00 -2.345856809537764764e+00 -1.181931770343538801e+01
-6.900470443586490532e+00 -2.461726730629631099e+00 -1.189603646851817231e+01
-6.731310976539029767e+00 -2.451335073695798616e+00 -1.187020055128934182e+01
-6.281573633684103264e+00 -2.309873606459920126e+00 -1.174081783051594030e+01
-5.553960000519075457e+00 -2.032648601489031037e+00 -1.150679615922634547e+01
-4.551201228646768016e+00 -1.615105841393452257e+00 -1.116697568516433670e+01
-3.276031663408932815e+00 -1.052855910761848701e+00 -1.072015951647166432e+01
-1.731161572446340058e+00 -3.416995556584866978e-01 -1.016514285534147000e+01
-1.412202470814327704e-01 4.166321395527556315e-01 -9.583377199340379349e+00
1.271723878405400132e+00 1.115890455936617176e+00 -9.057503126922776815e+00
2.508859164827087707e+00 1.753380320196759712e+00 -8.588147575445242765e+00
3.571396198597823091e+00 2.326473362879998508e+00 -8.175968876495089077e+00
4.460552343206426684e+00 2.832622240600201291e+00 -7.821636460617564346e+00
5.177599342851202380e+00 3.269292304003189376e+00 -7.525803326271033100e+00
5.724029814082513212e+00 3.633739631222272060e+00 -7.289056452760783067e+00
6.101345582355576447e+00 3.923283831146088030e+00 -7.111924233172859822e+00
6.310994216652606958e+00 4.135388882195411675e+00 -6.994894001543914719e+00
6.354371947761653594e+00 4.267657381880128220e+00 -6.938423484552957987e+00
6.183126328877317945e+00 4.288713980787590252e+00 -6.963580386887612939e+00
5.749377613627507877e+00 4.166624132130056779e+00 -7.091697353965642492e+00
5.055137763991092825e+00 3.898399415908753607e+00 -7.323612602339314215e+00
4.102346988496069713e+00 3.481238687401410736e+00 -7.660168748109830616e+00
2.892878403870375870e+00 2.912516315503498099e+00 -8.102218417129767758e+00
1.428542791471930862e+00 2.189770203192391129e+00 -8.650628470794293534e+00
-2.889066019188762935e-01 1.310689716393402371e+00 -9.306282978176984244e+00
-2.257769052058785864e+00 2.731033188490684660e-01 -1.007008510626369535e+01
-4.476391133218044160e+00 -9.250340984131135702e-01 -1.094295807839360180e+01
-6.943161282417394276e+00 -2.285654147068320263e+00 -1.192584529844075192e+01
-9.254256440856487131e+00 -3.576338686539218159e+00 -1.286195280271436303e+01
-1.100919796192123101e+01 -4.560108400611969870e+00 -1.359271090818147698e+01
-1.221133019785962937e+01 -5.232207043235701072e+00 -1.411641357089026627e+01
-1.286387849471425326e+01 -5.588164439304866171e+00 -1.443134837430520001e+01
-1.296995825122285595e+01 -5.623774016534379250e+00 -1.453579469272079727e+01
-1.253258455064525734e+01 -5.335069705928296102e+00 -1.442802308911037379e+01
-1.155468245646943259e+01 -4.718302148078745262e+00 -1.410629577157909864e+01
-1.003909676735566592e+01 -3.769915602483265626e+00 -1.356886854481136240e+01
-7.988602542157498654e+00 -2.486524016460802677e+00 -1.281399357701180186e+01
-5.405916280357220494e+00 -8.648863886279112290e-01 -1.183992295858844379e+01
-2.695048650621625796e+00 8.464241353417287783e-01 -1.078837995053308774e+01
-2.567530259633359346e-01 2.394699318624455842e+00 -9.803029078709290189e+00
1.911120368547374770e+00 3.777034603028545767e+00 -8.885032457740489775e+00
3.810627024785540939e+00 4.990714849327780200e+00 -8.035545023283358290e+00
5.443724042171288247e+00 6.033211316605870067e+00 -7.255705497259254066e+00
6.812208404863083544e+00 6.902254054941250772e+00 -6.546607107091272582e+00
7.917561346582176363e+00 7.596025643853862697e+00 -5.909236428465405311e+00
8.761153325279943616e+00 8.112881752162007132e+00 -5.344535354833984897e+00
9.344297855847935708e+00 8.451273421720125967e+00 -4.853410720809671730e+00
9.668241689225583357e+00 8.609753483355536474e+00 -4.436723010395578370e+00
9.786398440090989581e+00 8.632475681292010705e+00 -4.114996812593391340e+00
9.751747482631140329e+00 8.564207567269342292e+00 -3.908454704101856692e+00
9.564862972829484278e+00 8.404447790230065607e+00 -3.817459549313145573e+00
9.226348350084785821e+00 8.152637541473211513e+00 -3.842361834864181702e+00
8.736817202037961749e+00 7.808182971753382162e+00 -3.983491172658124135e+00
8.096873872770579794e+00 7.370477611293146936e+00 -4.241148015858184017e+00
7.307093866118688830e+00 6.838924840538409100e+00 -4.615595695213367655e+00
6.368003987105660180e+00 6.212960551543194931e+00 -5.107052893802349836e+00
5.280062376274464064e+00 5.492075931466112060e+00 -5.715686575249522505e+00
4.043638472197940814e+00 4.675840413908999516e+00 -6.441605404060423368e+00
2.803955813031469901e+00 3.864034092125999464e+00 -7.178367243238573892e+00
1.705276877208562691e+00 3.157494088866600990e+00 -7.819209158704411244e+00
7.465011855282654984e-01 2.557426308461022479e+00 -8.363751741641470616e+00
-7.339437358471134765e-02 2.064991236761458460e+00 -8.811671916858543341e+00
-7.553391262135750184e-01 1.681285407215723060e+00 -9.162702693410881949e+00
-1.300152272584894853e+00 1.407322642382494049e+00 -9.416632279990983179e+00
-1.708526688435832774e+00 1.244015082528963756e+00 -9.573302621146178026e+00
-1.981012798882222814e+00 1.192153977274254206e+00 -9.632607463873533504e+00
-2.118002661718376700e+00 1.252390252437285634e+00 -9.594490055663229100e+00
-2.119714300820206176e+00 1.425214867226581639e+00 -9.458940591517274399e+00
-2.114319996856242945e+00 1.604404729619549830e+00 -9.318736302637972813e+00
-2.230054836032050236e+00 1.683608259241876848e+00 -9.266408557972949822e+00
-2.467225360461542394e+00 1.663118057907070568e+00 -9.301562464825863685e+00
-2.826327014690314776e+00 1.543409696269147702e+00 -9.423737974985373356e+00
-3.308056417926398041e+00 1.325160055499899237e+00 -9.632411103604106017e+00
-3.913261038051631502e+00 1.009192999670489588e+00 -9.927026229135048396e+00
-4.642746926806732510e+00 5.962585012869952017e-01 -1.030710260239784226e+01
-5.497432820301169976e+00 8.721568976297988662e-02 -1.077215816492854117e+01
-6.478390901291176007e+00 -5.169158025614517538e-01 -1.132168062155142252e+01
-7.586828244191641701e+00 -1.214973607240670272e+00 -1.195512754187790350e+01
-8.539455475475735469e+00 -1.833802780518260622e+00 -1.252256049139196037e+01
-9.050520452621769962e+00 -2.203122570880316378e+00 -1.287546625116314303e+01
-9.117345626984587170e+00 -2.326374204166153703e+00 -1.301560492379893574e+01
-8.736912521797325581e+00 -2.207478020824707787e+00 -1.294496308650439786e+01
-7.905909701558535119e+00 -1.850788774941141579e+00 -1.266572763820133218e+01
-6.620780384938351304e+00 -1.261051202693053597e+00 -1.218025840419254280e+01
-4.877769556143652707e+00 -4.433558696823007850e-01 -1.149105918456507425e+01
-2.672970420165390326e+00 5.969047370648397077e-01 -1.060074699706116341e+01
-2.370071081667646240e-03 1.854079790236153213e+00 -9.512019285250643108e+00
3.138105739548093354e+00 3.322303404158664542e+00 -8.227618931814591363e+00
6.126889763196630589e+00 4.701450076281438406e+00 -7.009529669992611289e+00
8.336090667558364586e+00 5.700655490193085484e+00 -6.115122480300658303e+00
9.760195492059910549e+00 6.328174639739922114e+00 -5.540103439607984903e+00
1.039356161150360869e+01 6.592683438717601874e+00 -5.280071425209749592e+00
1.023048416403569583e+01 6.503211748419698068e+00 -5.330590762009811634e+00
9.265261679288663288e+00 6.069076674990007803e+00 -5.687267549360883301e+00
7.492259834327312795e+00 5.299816012818611810e+00 -6.345829614453943002e+00
4.905973233294730562e+00 4.205121901709564902e+00 -7.302209838746782644e+00
1.501085411193636032e+00 2.794774073129549397e+00 -8.552632869418264505e+00
-2.727472841630682154e+00 1.078572368615531296e+00 -1.009370496717547105e+01
-6.969673413338549395e+00 -6.048213270697035959e-01 -1.162110481469472845e+01
-1.040816292702003310e+01 -1.929988589603099491e+00 -1.283574387912552695e+01
-1.303691502028804017e+01 -2.907095953214592132e+00 -1.374221471558868934e+01
-1.485012998140450691e+01 -3.546368777698260644e+00 -1.434477401155159981e+01
-1.584229147394790616e+01 -3.858022286085955432e+00 -1.464724687568548589e+01
-1.600828850072969800e+01 -3.852109407759482185e+00 -1.465287768852373773e+01
-1.534366107746498997e+01 -3.538208385402946909e+00 -1.436408664104088295e+01
-1.384441695258529847e+01 -2.925615127559230366e+00 -1.378259002589604698e+01
-1.150696732308118619e+01 -2.023380678536891963e+00 -1.290946093343690393e+01
-8.328127767125767633e+00 -8.402654964099942614e-01 -1.174514627181833504e+01
-4.870019945886478574e+00 3.846709215376313828e-01 -1.052406740231415228e+01
-1.698565313914538466e+00 1.420086004654870893e+00 -9.479041577031232180e+00
1.183565944108434076e+00 2.268944907015957302e+00 -8.607780406598900313e+00
3.773910652121492681e+00 2.934091156978118065e+00 -7.908169439993255168e+00
6.070210649452228324e+00 3.418248358401683618e+00 -7.378276635230898606e+00
8.070410973389696707e+00 3.724020790230285982e+00 -7.016359407858764108e+00
9.772658198927318907e+00 3.853893072809905895e+00 -6.820870323947641367e+00
1.117529889459023806e+01 3.810228937431975993e+00 -6.790461637031294018e+00
1.227687823948446066e+01 3.595269202314442136e+00 -6.923988736072034911e+00
1.307613873903239821e+01 3.211129169859479937e+00 -7.220512565799108273e+00
1.352835112256327754e+01 2.748757618779743783e+00 -7.585665931978270216e+00
1.358963419312009968e+01 2.302034595337533407e+00 -7.927917341751191671e+00
1.326019521007226132e+01 1.877149665940395451e+00 -8.250918649342608546e+00
1.254029700414868032e+01 1.479942462450113627e+00 -8.558515970336658896e+00
1.143025001614133807e+01 1.115844963968270376e+00 -8.854686827959490358e+00
9.930402350250595589e+00 7.898261051904851282e-01 -9.143475062319705415e+00
8.041128077305979005e+00 5.063386717030882167e-01 -9.428923811758645357e+00
5.762813632444873768e+00 2.692680407536138243e-01 -9.715007320584890138e+00
3.095842857230514333e+00 8.188330271833949014e-02 -1.000556132137607257e+01
4.058097264062965337e-02 -5.320950996922590992e-02 -1.030421245945736430e+01
-2.903603572231576724e+00 -1.374641944483271372e-01 -1.058609704570693388e+01
-5.237724528008188329e+00 -1.778411084170267165e-01 -1.082086786322662952e+01
-6.962095036154395622e+00 -1.799050934914162569e-01 -1.100376570987769043e+01
-8.077112601295196370e+00 -1.483552129650177465e-01 -1.113015089972081206e+01
-8.583240978229486728e+00 -8.696663937644588671e-02 -1.119558850270482608e+01
-8.480974163207562810e+00 1.428531794592180493e-03 -1.119594664980950327e+01
-7.770761496281268776e+00 1.148626549578986022e-01 -1.112751816196788113e+01
-6.453038731565919228e+00 2.522944949833843542e-01 -1.098703494437122785e+01
-4.528230827829188065e+00 4.135598966124142128e-01 -1.077168640737018634e+01
-1.996740133122622218e+00 5.992852696125123835e-01 -1.047914671278719467e+01
6.605312587249149159e-01 7.898764887641942511e-01 -1.017001338628159957e+01
2.963043963075791876e+00 9.657570712035575822e-01 -9.907755076107250147e+00
4.910975267603974181e+00 1.127723891490837849e+00 -9.694547723791734128e+00
6.504495417684755587e+00 1.276081140810089831e+00 -9.532312556668244952e+00
7.743761578727117900e+00 1.410687723286094819e+00 -9.422701620929885280e+00
8.628912623799934067e+00 1.531003886012685999e+00 -9.367084280475072688e+00
9.160064580718543681e+00 1.636137115612106729e+00 -9.366534449362355019e+00
9.337306626997134984e+00 1.724887339078277959e+00 -9.421818310102521465e+00
9.160697475608936102e+00 1.795791506945582761e+00 -9.533382346955431075e+00
8.630262052722800448e+00 1.847167609234690033e+00 -9.701341525538172306e+00
7.821845092415702361e+00 1.860573186637293652e+00 -9.887458428924119858e+00
6.811410896785964120e+00 1.817853353848752906e+00 -1.005327974979313943e+01
5.599175848257631927e+00 1.717570490622450485e+00 -1.019819962994182561e+01
4.185400889071973829e+00 1.558248442527998767e+00 -1.032141468968813847e+01
2.570385250033150548e+00 1.338404974555678306e+00 -1.042191058687732763e+01
7.544601409198032904e-01 1.056584131310493335e+00 -1.049844833971999947e+01
-1.262017571852560582e+00 7.113885359035498901e-01 -1.054955037763630266e+01
-3.478671669894812801e+00 3.015117451531941772e-01 -1.057348629066239099e+01
-5.895112803244789035e+00 -1.742293701882377532e-01 -1.056825827778679106e+01
-8.510944558198746179e+00 -7.168621453425914058e-01 -1.053158629824844716e+01
-1.084361252335244963e+01 -1.215000197616728617e+00 -1.047973251200074785e+01
-1.241150832360697542e+01 -1.553821625573769127e+00 -1.043267508045753189e+01
-1.321561032241894118e+01 -1.729205180750634785e+00 -1.039418568444148328e+01
-1.325688206860571583e+01 -1.737320485021207839e+00 -1.036900292246427213e+01
-1.253625651437793742e+01 -1.574741131235662950e+00 -1.036288017547830087e+01
-1.105458033204631363e+01 -1.238554331235536932e+00 -1.038267871769895834e+01
-8.812487369171071450e+00 -7.264109488801204773e-01 -1.043647109346673041e+01
-5.810538146559991901e+00 -3.650565847115833096e-02 -1.053322755571496572e+01
-2.049272026751558506e+00 8.324389780138128359e-01 -1.068260918372352286e+01
2.470785135383374964e+00 1.881186234089883724e+00 -1.089481485813079331e+01
6.853677468985923227e+00 2.901576344009461739e+00 -1.113175053959629679e+01
1.020472813071990181e+01 3.682981627114842116e+00 -1.134116072760204474e+01
1.252531458907305684e+01 4.222629194165177680e+00 -1.151156841646251294e+01
1.381679090647398311e+01 4.518454874054898873e+00 -1.163066919631477703e+01
1.408049192991889598e+01 4.569083769915854631e+00 -1.168553894908785296e+01
1.331773341912447783e+01 4.373810483831677587e+00 -1.166284164348566854e+01
1.152980778250999450e+01 3.932578822546052510e+00 -1.154903713471499493e+01
8.717975096869650997e+00 3.245961086964272102e+00 -1.133058890520997863e+01
4.883449402476197854e+00 2.315136554222029019e+00 -1.099417163051758806e+01
2.738026785543890007e-02 1.141869082689196846e+00 -1.052687848468720233e+01
-4.856879703647567048e+00 -2.692722783090339966e-02 -1.002579502769043174e+01
-8.777396258481811486e+00 -9.456802126982087886e-01 -9.605110560414169996e+00
-1.173525158502715904e+01 -1.614667484845306866e+00 -9.277873910019410530e+00
-1.373145202145911270e+01 -2.034724851014095837e+00 -9.056805972419526896e+00
-1.476690099919396815e+01 -2.207223189690384668e+00 -8.954105133279018247e+00
-1.484236818454807505e+01 -2.134044480027713409e+00 -8.981253049952618639e+00
-1.395845527097223027e+01 -1.817557023548885597e+00 -9.148820783647433785e+00
-1.211555893647068416e+01 -1.260590053519026643e+00 -9.466275287355824020e+00
-9.313831669011255698e+00 -4.664077050355994736e-01 -9.941786138179821819e+00
-5.553141221751246803e+00 5.613175437385875544e-01 -1.058203241531717786e+01
-1.568836602025343474e+00 1.634928269364726905e+00 -1.128197963211537314e+01
1.904104853787648821e+00 2.570164956732198469e+00 -1.192837974130558187e+01
4.866565470834339990e+00 3.368353334335520533e+00 -1.251481181806824949e+01
7.319321732283617266e+00 4.031056018786215667e+00 -1.303553838071732329e+01
9.263023043659117661e+00 4.560058160397059801e+00 -1.348560798843951147e+01
1.069807355897571988e+01 4.957353728583973052e+00 -1.386103266876436635e+01
1.162430180165069160e+01 5.225141399866888747e+00 -1.415916562285309865e+01
1.204122079581206606e+01 5.365805858599801859e+00 -1.437857448995089626e+01
1.194814446146734355e+01 5.381870449599959194e+00 -1.451888535264734870e+01
1.134421568042219519e+01 5.275946981101123257e+00 -1.458067894266634212e+01
1.048026119962345959e+01 5.077876024561022383e+00 -1.456423984757404710e+01
9.607160416617482213e+00 4.815869738375829101e+00 -1.446959755159502770e+01
8.723963180022144215e+00 4.490100672137061544e+00 -1.429757051075508656e+01
7.829645972722621750e+00 4.100696551176575610e+00 -1.404893130953025882e+01
6.923134382264891862e+00 3.647740301381261929e+00 -1.372440486738850041e+01
6.003325331191149417e+00 3.131269849231879121e+00 -1.332466643209082413e+01
5.069109085267282211e+00 2.551277700553084671e+00 -1.285033930256034473e+01
4.119391080602515132e+00 1.907710233273689493e+00 -1.230199224315816764e+01
3.153113568665091737e+00 1.200466798332683993e+00 -1.168013654424437320e+01
2.169277104836365044e+00 4.293986326330874181e-01 -1.098522271183394494e+01
1.191552148714041914e+00 -3.427420563350813687e-01 -1.027904271130515035e+01
2.445399925640092675e-01 -1.053369769341971018e+00 -9.623097175197651509e+00
-6.712629693020458754e-01 -1.702924014421252963e+00 -9.017285795361614120e+00
-1.555318521149896327e+00 -2.291854320230362951e+00 -8.461418765847200874e+00
-2.407062475168860960e+00 -2.820617224328272776e+00 -7.955223957518239963e+00
-3.225920349841708834e+00 -3.289673151944221274e+00 -7.498354308480457142e+00
-4.011322842465612659e+00 -3.699483209722441046e+00 -7.090395442473610643e+00
-4.762721167199369887e+00 -4.050505878741064159e+00 -6.730873481812647441e+00
-5.479602152334606124e+00 -4.343193648286782782e+00 -6.419263052079898557e+00
-6.161503101081303058e+00 -4.577989622314921014e+00 -6.154995461708029580e+00
-6.801803334687475555e+00 -4.752181236375709439e+00 -5.943015765926739746e+00
-7.393933198235475679e+00 -4.863026933365446780e+00 -5.788203152224987491e+00
-7.937640842512030837e+00 -4.910890442422008562e+00 -5.689860570840678200e+00
-8.432804707963065027e+00 -4.896096348803856912e+00 -5.647297170852837667e+00
-8.879450182796141178e+00 -4.818926022761529815e+00 -5.659839394530121304e+00
-9.277754596720736657e+00 -4.679577251164783291e+00 -5.726890522473882861e+00
-9.628017617025736996e+00 -4.478039770615434456e+00 -5.848102063884306645e+00
-9.930678263778244030e+00 -4.214187122798021434e+00 -6.023257498584871250e+00
-1.018631029840328850e+01 -3.887818147986107142e+00 -6.252223103773983937e+00
-1.039560753649360514e+01 -3.498665371820458780e+00 -6.534942741238046082e+00
-1.049226049334161281e+01 -3.098187995765527614e+00 -6.835387838435604380e+00
-1.040945467549193992e+01 -2.737132854619508837e+00 -7.117743658821390262e+00
-1.014715357817793695e+01 -2.413992058329182733e+00 -7.382474000193962382e+00
-9.705248772347554009e+00 -2.127113450026433483e+00 -7.630214216587589249e+00
-9.083569647423862747e+00 -1.874724814102810333e+00 -7.861750596683293679e+00
-8.281892881156997177e+00 -1.654958134420151383e+00 -8.077999816874898542e+00
-7.299951515995058315e+00 -1.465873924339188950e+00 -8.279988443303627932e+00
-6.137443561312682760e+00 -1.305485632023171805e+00 -8.468832439076550145e+00
-4.794040014493658575e+00 -1.171784155847800823e+00 -8.645716678505756647e+00
-3.269392233547593118e+00 -1.062762473924639517e+00 -8.811874446158523000e+00
-1.890286482716894367e+00 -9.695702963155412579e-01 -8.955566623836185514e+00
-9.835014617265952497e-01 -8.876925118143109694e-01 -9.062850450703658467e+00
-5.486099926719465447e-01 -8.217103055682042356e-01 -9.131510287344488219e+00
-5.851256837569887015e-01 -7.762438771789236247e-01 -9.159149218404921911e+00
-1.092508994788117693e+00 -7.558865942900246937e-01 -9.143242064023985094e+00
-2.070175102426255798e+00 -7.651392727304942021e-01 -9.081188299107431305e+00
-3.517503587050681446e+00 -8.083446089997822215e-01 -8.970364867038879808e+00
-5.433849829926169939e+00 -8.896217779881030463e-01 -8.808178903058557552e+00
-7.818558134736256271e+00 -1.012801253766631993e+00 -8.592120384822134582e+00
-1.067097644911743970e+01 -1.181359874952382372e+00 -8.319814726831316065e+00
-1.333491809147684748e+01 -1.354720618656640285e+00 -8.057374077206901575e+00
-1.515519635388566044e+01 -1.484864595645126961e+00 -7.875696076727219719e+00
-1.613266126873303108e+01 -1.564197869081918935e+00 -7.779600648925152129e+00
-1.626815201015558543e+01 -1.585749243256681984e+00 -7.773673854288698948e+00
-1.556246722881062894e+01 -1.543286198919299190e+00 -7.862173459759294936e+00
-1.401633827555502876e+01 -1.431463892838376273e+00 -8.048920386636032376e+00
-1.163041699525143358e+01 -1.245987915402255064e+00 -8.337181143169949848e+00
-8.405248708085350628e+00 -9.834735660417056602e-01 -8.729671330815721220e+00
-4.341254831725290586e+00 -6.413816331451397401e-01 -9.228527570619776910e+00
5.612791537862880098e-01 -2.179937558610010317e-01 -9.835262906460549459e+00
5.322520866600175538e+00 2.049299398257702631e-01 -1.042703266243386295e+01
8.963564085916111424e+00 5.409409682310435397e-01 -1.087727282918649507e+01
1.148540671324594697e+01 7.849707603061238936e-01 -1.118198034189932955e+01
1.288886040816859513e+01 9.330618390935203621e-01 -1.133795706261893876e+01
1.317453646642343479e+01 9.823342501700732532e-01 -1.134286954083113841e+01
1.234283377164326367e+01 9.309518727161238960e-01 -1.119530909533182594e+01
1.039392888716692198e+01 7.780886429001910853e-01 -1.089485220354705142e+01
7.327768383679149622e+00 5.238947663697127721e-01 -1.044212115890335291e+01
3.144063476540703839e+00 1.694629067787853383e-01 -9.838845011361556203e+00
-2.157712923645519254e+00 -2.832056125412004688e-01 -9.087920777912618320e+00
-7.467641033046202637e+00 -7.357952405709393684e-01 -8.363772519170122877e+00
-1.167532667018390313e+01 -1.091309507916179866e+00 -7.838677202731281213e+00
-1.478055639332209203e+01 -1.349762392888899099e+00 -7.512406308985548620e+00
-1.678283626019369734e+01 -1.512071148438551393e+00 -7.383592446806572340e+00
-1.768139035557478422e+01 -1.580022306386710707e+00 -7.449668382257355503e+00
-1.747516205828264546e+01 -1.556237864711875529e+00 -7.706805778092735260e+00
-1.616281818619255262e+01 -1.444141705315262758e+00 -8.149853661412873151e+00
-1.374275624350058855e+01 -1.247926070225071182e+00 -8.772276501935555970e+00
-1.021311488143060942e+01 -9.725183312198203422e-01 -9.566092047973627999e+00
-5.571787763638528901e+00 -6.235480822933179290e-01 -1.052180894460230931e+01
-8.609795429512090426e-01 -2.816800854858262371e-01 -1.143930439673728117e+01
2.874611585944144565e+00 -2.119722519200484268e-02 -1.212876514127586880e+01
5.633396463360028861e+00 1.618246148586741096e-01 -1.259598233065053918e+01
7.413504624028585788e+00 2.719277121521803120e-01 -1.284808673159768411e+01
8.212799558833133062e+00 3.142431096338480501e-01 -1.289360496105956955e+01
8.028849937609845000e+00 2.944488512290176496e-01 -1.274254628552430191e+01
6.858819387321030803e+00 2.187045947623103559e-01 -1.240651468708027316e+01
4.699671349109535434e+00 9.366546989704077619e-02 -1.189851113277004480e+01
1.548283864469042426e+00 -7.353090456912067530e-02 -1.123273690827263671e+01
-2.598486340939976991e+00 -2.752909129939920541e-01 -1.042442411383436607e+01
-6.818501437681259603e+00 -4.567632489165637799e-01 -9.700695574233222374e+00
-1.018487521135572216e+01 -5.722386086510319325e-01 -9.270894846693860103e+00
-1.269351658422755413e+01 -6.278290534677588575e-01 -9.123473020758170904e+00
-1.434023656713696937e+01 -6.300554469195283058e-01 -9.245962211185648982e+00
-1.512081850794119298e+01 -5.858293177558921982e-01 -9.625122740951320921e+00
-1.503108423519282155e+01 -5.024338360554307936e-01 -1.024709162072405100e+01
-1.406695567472400832e+01 -3.875038455700986484e-01 -1.109753232213573249e+01
-1.222451159093240136e+01 -2.490048204935683684e-01 -1.216178581250749247e+01
-9.500039167587688738e+00 -9.521086615078128146e-02 -1.342502279160067680e+01
-5.890080228249890304e+00 6.531819600116189894e-02 -1.487239703451503203e+01
-2.183473439617893419e+00 1.930168865137243950e-01 -1.615190859441135629e+01
8.228734871910079463e-01 2.586955752616113546e-01 -1.692927197831237862e+01
3.120217177173939760e+00 2.694180986059530047e-01 -1.721642004738579601e+01
4.700071949354304834e+00 2.325916046335984033e-01 -1.702536663240509895e+01
5.554293937255634361e+00 1.559597188339311158e-01 -1.636807683209917741e+01
5.675160851600459466e+00 4.759450093277362015e-02 -1.525633510475412891e+01
5.055447475163279414e+00 -8.411269600670556734e-02 -1.370161138475283380e+01
3.688496795651896143e+00 -2.304613673427055864e-01 -1.171492561124081710e+01
1.568287310181521343e+00 -3.824527681369015997e-01 -9.306710847132498188e+00
-1.310503237351356098e+00 -5.308014436949954895e-01 -6.486675292177054963e+00
-4.278217096410947384e+00 -6.469512013384561833e-01 -3.782500303998600266e+00
-6.655345080564520899e+00 -7.138589089658380349e-01 -1.709391536488284125e+00
-8.432369149913808926e+00 -7.395742964215771265e-01 -2.581218445165414099e-01
-9.600588959301710190e+00 -7.325133591501847841e-01 5.799590687603195516e-01
-1.015221623359327907e+01 -7.014566999349983734e-01 8.128032970560021830e-01
-1.008046974646765470e+01 -6.555475089127650312e-01 4.474888898836631990e-01
-9.379633911082382980e+00 -6.042713303605600217e-01 -5.100340374082635853e-01
-8.044989743788272918e+00 -5.573827960882623556e-01 -2.054760755917899306e+00
-6.072719534115281093e+00 -5.248178645892336291e-01 -4.182502131716511862e+00
-3.459816428793514476e+00 -5.166076849813154848e-01 -6.889805052711099442e+00
-7.128762119404821185e-01 -5.381940402495867248e-01 -9.681931279877760588e+00
1.657163856171063765e+00 -5.841793763948405216e-01 -1.206868977935705090e+01
3.646731343923515833e+00 -6.482290709090023917e-01 -1.405355461562691310e+01
5.252856270588808663e+00 -7.238845925989467744e-01 -1.563950896407251001e+01
6.473112115918292275e+00 -8.046198089367735395e-01 -1.682909418770216092e+01
7.305557321275948368e+00 -8.838967464610720803e-01 -1.762445914260621294e+01
7.748677099242084587e+00 -9.552208751745019377e-01 -1.802740949747458998e+01
7.801325524605914552e+00 -1.012196001755059083e+00 -1.803945682791751892e+01
7.462667650698040056e+00 -1.048578819642506543e+00 -1.766186739378543535e+01
6.732121553282327753e+00 -1.058333144737204412e+00 -1.689571050222936321e+01
5.885336904032516081e+00 -1.053071969214418147e+00 -1.601918192420556863e+01
5.198737082526945663e+00 -1.049951647195520810e+00 -1.530943234909148387e+01
4.672951131514475165e+00 -1.051374593254314815e+00 -1.476588384846767177e+01
4.308520010574544479e+00 -1.059641279277967696e+00 -1.438802694582652997e+01
4.105921302296170694e+00 -1.076927577855474105e+00 -1.417540106295364311e+01
4.065593981747706032e+00 -1.105262241767729137e+00 -1.412757509773103948e+01
4.187963222336700930e+00 -1.146504541306252456e+00 -1.424412810324141887e+01
4.473465402209290787e+00 -1.202321954570575446e+00 -1.452462997808440193e+01
4.922573101049481537e+00 -1.274168046715640656e+00 -1.496862214156990767e+01
5.535820085485245734e+00 -1.363260532678226333e+00 -1.557559809782620341e+01
6.128876810240876161e+00 -1.453682456117450172e+00 -1.615685979122376636e+01
6.516954267032811998e+00 -1.527221802945279094e+00 -1.652435950687831223e+01
6.699900987952703169e+00 -1.581698238115826882e+00 -1.667857609781012940e+01
6.677456631676704113e+00 -1.615265774617524741e+00 -1.662007780495097364e+01
6.449219693249561125e+00 -1.626440394721199834e+00 -1.634954749572747090e+01
6.014550693356663480e+00 -1.614190403241961169e+00 -1.586782670565978748e+01
5.372368336354814922e+00 -1.578130581101458763e+00 -1.517597717163705262e+01
4.521374692904743142e+00 -1.518299043564936834e+00 -1.427519928090637791e+01
3.460143892880002348e+00 -1.435068944699549487e+00 -1.316679411900278218e+01
2.187143336859451725e+00 -1.329126634125654904e+00 -1.185214660915240259e+01
8.757652814959114851e-01 -1.214571646615196121e+00 -1.050946511479620860e+01
-2.992737932771367126e-01 -1.105653579998046254e+00 -9.315633658523566396e+00
-1.337493971846340335e+00 -1.003307474324716786e+00 -8.270030815960712545e+00
-2.238309163118656908e+00 -9.082157950362631516e-01 -7.371941627086525450e+00
-3.001041831305368834e+00 -8.208237682439130101e-01 -6.620570098426210137e+00
-3.624937835582020540e+00 -7.413544618716501056e-01 -6.015051605430698167e+00
-4.109181354796122676e+00 -6.698235928176177190e-01 -5.554465290580213654e+00
-4.452909871508382800e+00 -6.060540495933534055e-01 -5.237846545122347486e+00
-4.655229198807865565e+00 -5.496901075152202942e-01 -5.064199651194634555e+00
-4.715228531535897716e+00 -5.002113411214467176e-01 -5.032510648494211480e+00
-4.672829119847412116e+00 -4.639761176363690343e-01 -5.098513398999743096e+00
-4.568363474902555232e+00 -4.475849529638309399e-01 -5.218393650527371364e+00
-4.401535887808840641e+00 -4.507269072639031871e-01 -5.391815489436452502e+00
-4.172052238972285387e+00 -4.730427949404309440e-01 -5.618458970797438390e+00
-3.879625099475737748e+00 -5.141298201436030890e-01 -5.898023926313987531e+00
-3.523978840363103604e+00 -5.735461420791727605e-01 -6.230233925606298406e+00
-3.104854745736883803e+00 -6.508153761459289921e-01 -6.614840396031867797e+00
-2.622016155569899531e+00 -7.454310492220725948e-01 -7.051626887809437250e+00
-2.075253619332571908e+00 -8.568610408561205816e-01 -7.540413498825235372e+00
-1.464390065942971830e+00 -9.845520257802016229e-01 -8.081061451089395220e+00
-9.145709415047773572e-01 -1.120493030500319565e+00 -8.595887989259187734e+00
-5.514844537090035637e-01 -1.257954974803552339e+00 -9.007948102893532649e+00
-3.757397971488932731e-01 -1.398402710723376963e+00 -9.318143593081229525e+00
-3.878631414982358638e-01 -1.543441479471718392e+00 -9.527226340272072491e+00
-5.882857939353011156e-01 -1.694811371887349871e+00 -9.635776731450990340e+00
-9.773026939160105453e-01 -1.854340452227756675e+00 -9.644192583348782932e+00
-1.554979278578280555e+00 -2.023802964886792566e+00 -9.552721763089161655e+00
-2.321250874754952065e+00 -2.205009201326930679e+00 -9.361465550286185433e+00
-3.275963966839432473e+00 -2.399824921492097474e+00 -9.070392200383503578e+00
-4.418887546644553410e+00 -2.610151850573910082e+00 -8.679358176335707498e+00
-5.518146006095967948e+00 -2.769485793155827213e+00 -8.236565273855431357e+00
-6.342645342909829509e+00 -2.808364090141658220e+00 -7.790013845537467674e+00
-6.893381526840856033e+00 -2.724120772242397237e+00 -7.339401877962481002e+00
-7.171451827133650703e+00 -2.513923538549120096e+00 -6.884684777873260941e+00
-7.178037882649158874e+00 -2.174817505136743989e+00 -6.426032312152797132e+00
-6.914388084629482734e+00 -1.703768806516430034e+00 -5.963785445102677052e+00
-6.381799142903426869e+00 -1.097707934986711154e+00 -5.498413041912512789e+00
-5.581596730993153344e+00 -3.535727250944452615e-01 -5.030468424478185874e+00
-4.515115167903016591e+00 5.316490897331128673e-01 -4.560545736530681182e+00
-3.183676104976645327e+00 1.560877808741777395e+00 -4.089236108954446003e+00
-1.845226384184943669e+00 2.508439088904601100e+00 -3.765935180435279417e+00
-7.547763004394498765e-01 3.144810755704349425e+00 -3.739271689893951311e+00
9.077925524401578294e-02 3.467049210230046530e+00 -4.008586333534680080e+00
6.945210036930931086e-01 3.472258271992919365e+00 -4.573177869849114785e+00
1.059487464059026163e+00 3.157655647494337359e+00 -5.432362653337886371e+00
1.188656004786318832e+00 2.520638631867031965e+00 -6.585534200111491820e+00
1.084922886044128454e+00 1.558849068234561930e+00 -8.032222769651705008e+00
7.510825312867804859e-01 2.702376651253744488e-01 -9.772154904096474581e+00
1.898062282702324133e-01 -1.346872254443403971e+00 -1.180531292819588884e+01
-5.963794604906171859e-01 -3.293721448731512513e+00 -1.413199436178262225e+01
-1.407780059019149821e+00 -5.214142141656588514e+00 -1.637870946594105703e+01
-2.048437350698091297e+00 -6.749800143381467166e+00 -1.817208163374929342e+01
-2.521464947289135061e+00 -7.898563208599502339e+00 -1.951266788622771386e+01
-2.829859141942165479e+00 -8.658689425530647910e+00 -2.040075049870998214e+01
-2.976485956866479210e+00 -9.028895703597134670e+00 -2.083627958938865987e+01
-2.964101775193030974e+00 -9.008502053297354095e+00 -2.081877862080920494e+01
-2.795443532428380617e+00 -8.597710298407914564e+00 -2.034718992179370645e+01
-2.473134167989322840e+00 -7.797357454970851975e+00 -1.942000324368337516e+01
-1.999661155236494237e+00 -6.608783005891353923e+00 -1.803533983976569388e+01
-1.377389062639776673e+00 -5.033770658988205859e+00 -1.619100051014627439e+01
-7.065105357099015215e-01 -3.335028284201906779e+00 -1.417844105835876078e+01
-8.517864588082457722e-02 -1.774256029971661652e+00 -1.229068915920570504e+01
4.873219428015685417e-01 -3.518918154751508598e-01 -1.052784496487771371e+01
1.011639098400738623e+00 9.318200538279718392e-01 -8.890166954122840082e+00
1.488361452003803098e+00 2.076812487187983169e+00 -7.378056534829220858e+00
1.918026753924964911e+00 3.083179368531685061e+00 -5.992042655984142208e+00
2.301130251183462594e+00 3.951159419170691578e+00 -4.732766445374929631e+00
2.638132987825010822e+00 4.681120125569086632e+00 -3.600965881129600366e+00
2.929469923115439300e+00 5.273541686232335657e+00 -2.597460515627633804e+00
3.175557809869702375e+00 5.729000943037269700e+00 -1.723136268464439791e+00
3.355204448832163955e+00 6.021491829861021827e+00 -1.069425156336185179e+00
3.447882612078830178e+00 6.125721332242982875e+00 -7.281446950903536219e-01
3.454976372818838293e+00 6.043439453109336945e+00 -7.008036351633715189e-01
3.377835960430232820e+00 5.776421755481684350e+00 -9.888972624643261877e-01
3.217769957420711702e+00 5.326433401612771235e+00 -1.593884494090977322e+00
2.976036797586361082e+00 4.695193211205216599e+00 -2.517165460923797227e+00
2.653835616294180966e+00 3.884337728587219374e+00 -3.760059562939752187e+00
2.252296516741923327e+00 2.895385295825590344e+00 -5.323783972943106235e+00
1.772470373720021364e+00 1.729700108483884113e+00 -7.209432551628483843e+00
1.215318296550992105e+00 3.884562433597280040e-01 -9.417955127140173133e+00
6.515095051357777667e-01 -9.711338088772990540e-01 -1.162789493335374402e+01
1.500675017342705253e-01 -2.193893921783793388e+00 -1.351639688323227162e+01
-2.904905731604898733e-01 -3.281830887931725282e+00 -1.508225355038071136e+01
-6.714925971236735958e-01 -4.236857253306014925e+00 -1.632431281718494276e+01
-9.940914793322694898e-01 -5.060758937146360381e+00 -1.724149197134175182e+01
-1.259210638869369792e+00 -5.755111098237443379e+00 -1.783281069988441558e+01
-1.467437914104896546e+00 -6.321075953113219015e+00 -1.809747972881408273e+01
-1.619152790652665264e+00 -6.759529016885112540e+00 -1.803487412420056657e+01
-1.714575205135375757e+00 -7.071137713757652321e+00 -1.764450299840568803e+01
-1.753777793408159313e+00 -7.256395358727541378e+00 -1.692599281541617984e+01
-1.768084696723752458e+00 -7.312108776683668765e+00 -1.603143798828291011e+01
-1.789050950910039184e+00 -7.234736986558556460e+00 -1.511294266409917242e+01
-1.817094094926062775e+00 -7.024165314356696221e+00 -1.417023482591316608e+01
-1.852753634285147832e+00 -6.680312335504082100e+00 -1.320305147353968778e+01
-1.896672836161035436e+00 -6.203131679518244290e+00 -1.221112808284991225e+01
-1.949580479705151692e+00 -5.592613771788799149e+00 -1.119418805902079939e+01
-2.012272558323205285e+00 -4.848787464799352520e+00 -1.015193222651514127e+01
-2.085593903281231398e+00 -3.971721470535173548e+00 -9.084028425717665556e+00
-2.170419772327720320e+00 -2.961525631233957068e+00 -7.990101209098257939e+00
-2.267637403735951462e+00 -1.818351996343210875e+00 -6.869721672242981469e+00
-2.305449095749444233e+00 -6.410931421230957605e-01 -5.815825985433099810e+00
-2.211448634881094222e+00 4.724861284221255620e-01 -4.922052728040749336e+00
-1.985618138906699359e+00 1.523903040310146340e+00 -4.188990309724931471e+00
-1.627950833068239955e+00 2.514685963268053825e+00 -3.617230082367291821e+00
-1.138444916815415819e+00 3.446367332165404918e+00 -3.207358037261439421e+00
-5.170970505666787620e-01 4.320476636767707213e+00 -2.959946426473995640e+00
2.361045273220301610e-01 5.138533476167938652e+00 -2.875545322580065122e+00
1.121187281101690525e+00 5.902040676182160439e+00 -2.954674112637775796e+00
2.138202014097750236e+00 6.612477431064318623e+00 -3.197812931479401488e+00
3.287230845130908019e+00 7.271292453423472857e+00 -3.605394045771095346e+00
4.343410898254933983e+00 7.792667048588882928e+00 -4.106791589206270743e+00
5.083003507264287180e+00 8.088414199371364077e+00 -4.630823111296367145e+00
5.507673075402712115e+00 8.156603009917743563e+00 -5.177225069512088496e+00
5.618903791179787888e+00 7.995618107977291444e+00 -5.746019656349921512e+00
5.417962755497605087e+00 7.604208877645375786e+00 -6.337561002862980075e+00
4.905827228415799546e+00 6.981526968494471852e+00 -6.952618335760091028e+00
4.083058185174117227e+00 6.127093719649200132e+00 -7.592493903001972910e+00
2.949925792793742119e+00 5.040773572759544408e+00 -8.258844932735078359e+00
1.506462091478567578e+00 3.722755142688400021e+00 -8.953596754090494159e+00
-2.475233712867648261e-01 2.173527818709549031e+00 -9.678899261667611498e+00
-1.958500450655537684e+00 6.626250854531213763e-01 -1.034861583549566078e+01
-3.273095286992142139e+00 -5.410789659552805997e-01 -1.087411815523759984e+01
-4.191686512728175273e+00 -1.438274853722883329e+00 -1.125367055305500230e+01
-4.714399358455068523e+00 -2.030148797426222451e+00 -1.148519636685326262e+01
-4.841128543710094156e+00 -2.318331502075386297e+00 -1.156633509727619469e+01
-4.571561831502036988e+00 -2.304846330756257888e+00 -1.149449870052520062e+01
-3.905204061968031937e+00 -1.992056727977991049e+00 -1.126692689578785966e+01
-2.841401473706925973e+00 -1.382612800390758068e+00 -1.088074139708346877e+01
-1.379366160571044997e+00 -4.793969507799052954e-01 -1.033299900289754625e+01
4.817994898374319268e-01 7.145314806123326257e-01 -9.620743503328352375e+00
2.311630152723699538e+00 1.913149321588725194e+00 -8.909091203339530196e+00
3.678602747104925186e+00 2.834210407131065868e+00 -8.366914271798487235e+00
4.582061664739063289e+00 3.480433731379262596e+00 -7.996964931748895111e+00
5.021274351457623908e+00 3.854737264305907019e+00 -7.802049634728358107e+00
4.995453667804411246e+00 3.960173444565078249e+00 -7.784984214427153937e+00
4.503779838658906520e+00 3.799863732326682619e+00 -7.948550195273002217e+00
3.545421890946431454e+00 3.376932292928282564e+00 -8.295452159605982700e+00
2.119558335596653187e+00 2.694438968222005126e+00 -8.828276104395909485e+00
2.253971471428698470e-01 1.755311572454517410e+00 -9.549448535437788266e+00
-2.137805055201391191e+00 5.622776529821551517e-01 -1.046119609566886410e+01
-4.423953094481599457e+00 -6.063927235869250865e-01 -1.135683260974412789e+01
-6.085878094478031741e+00 -1.477196604144048520e+00 -1.202611030989464425e+01
-7.122725400075927915e+00 -2.054620495799527990e+00 -1.246585145169226294e+01
-7.533716500143004424e+00 -2.342898759174993017e+00 -1.267305407848530052e+01
-7.318169185154387080e+00 -2.345924645562179389e+00 -1.264493506833595227e+01
-6.475524153141591022e+00 -2.067080818419252619e+00 -1.237898296316049596e+01
-5.005378556042280991e+00 -1.508945572067462715e+00 -1.187300941093790740e+01
-2.907456884326137914e+00 -6.735652929858493287e-01 -1.112509175615065793e+01
-1.815959903199977354e-01 4.374255750719676650e-01 -1.013352559062584746e+01
3.172261450294237228e+00 1.822767129442037337e+00 -8.896789052657391395e+00
6.518354708500024408e+00 3.203189524201980998e+00 -7.653854835944756907e+00
9.220657813233401612e+00 4.302105812904117421e+00 -6.646068522644438481e+00
1.127882410549827341e+01 5.122213175860569123e+00 -5.875441196849559233e+00
1.269261872938502833e+01 5.665815428785808905e+00 -5.343812345632204419e+00
1.346191257758558635e+01 5.934860717215745041e+00 -5.052883407758621104e+00
1.358667654824142446e+01 5.930979472106476358e+00 -5.004250685369877161e+00
1.306697614559543830e+01 5.655522509393692943e+00 -5.199437825282918091e+00
1.190296649785082828e+01 5.109599124865462194e+00 -5.639927981273298307e+00
1.009488778145261278e+01 4.294115140786459506e+00 -6.327195894600871284e+00
7.643061085798800391e+00 3.209810837329877042e+00 -7.262740033273929363e+00
5.032118788225331762e+00 2.059885871880562380e+00 -8.263456238897449069e+00
2.746401237434641374e+00 1.046772094704703004e+00 -9.144723659426091444e+00
7.858591201183241504e-01 1.700647753516487670e-01 -9.905805706615746331e+00
-8.495983079339988198e-01 -5.705350148836680901e-01 -1.054597792957922486e+01
-2.160101272107629811e+00 -1.175239367620288800e+00 -1.106451198245581224e+01
-3.145817796992711024e+00 -1.644192415326706236e+00 -1.146065938558408348e+01
-3.806952314780294166e+00 -1.977489149221334896e+00 -1.173363502711382544e+01
-4.143744461709260030e+00 -2.175193936915520876e+00 -1.188260046696589356e+01
-4.156468194465736232e+00 -2.237358934012554812e+00 -1.190664699349161282e+01
-3.845431213933687253e+00 -2.164042415816115117e+00 -1.180477839857579170e+01
-3.468056026200121433e+00 -2.056098735203452765e+00 -1.167250476025385986e+01
-3.281426990127108922e+00 -2.014018401975171901e+00 -1.160662329193471543e+01
-3.285353323776577295e+00 -2.037317137276425605e+00 -1.160804390823880183e+01
-3.479622268417028152e+00 -2.125486547588272490e+00 -1.167775155220574668e+01
-3.863998788545723873e+00 -2.277984455725122093e+00 -1.181681414907044925e+01
-4.438229554559439904e+00 -2.494269068589002103e+00 -1.202637982350949564e+01
-5.202059622901113123e+00 -2.773919984533740557e+00 -1.230764290917309722e+01
-6.155228430112839710e+00 -3.116494090735583367e+00 -1.266185978192156014e+01
-7.297471923175876896e+00 -3.521470241900129139e+00 -1.309034959294677058e+01
-8.628528422949388599e+00 -3.988238015515466195e+00 -1.359448601833768322e+01
-9.805008876728276590e+00 -4.400920103450679299e+00 -1.404687024458268141e+01
-1.048424925533594276e+01 -4.644865485896628954e+00 -1.431699781067324651e+01
-1.066711832050584441e+01 -4.721390901237351834e+00 -1.440150923187917265e+01
-1.035448366330412995e+01 -4.632038655942746885e+00 -1.429689971333162291e+01
-9.547196785930495366e+00 -4.378606075657689445e+00 -1.399953996620076779e+01
-8.246078390563575056e+00 -3.963175034785843653e+00 -1.350569654499149408e+01
-6.451903937835272274e+00 -3.388141538233094607e+00 -1.281155168650459863e+01
-4.165389625128250728e+00 -2.656245346558059328e+00 -1.191322258126022149e+01
-1.387178763560195094e+00 -1.770599647216303474e+00 -1.080678013360953926e+01
1.882171339598941895e+00 -7.347207715530160721e-01 -9.488267168908977922e+00
5.072648043816252006e+00 2.631488279457785406e-01 -8.184257982474605342e+00
7.615223721016691982e+00 1.038959304337599310e+00 -7.127218949356045385e+00
9.510842621019834908e+00 1.595512792514885092e+00 -6.322073533825319558e+00
1.076034917574427219e+01 1.936101775555865601e+00 -5.773805360914372464e+00
1.136447118267333067e+01 2.064547997591335893e+00 -5.487434908503425746e+00
1.132380401358347299e+01 1.985241518511095649e+00 -5.467996995317800923e+00
1.063879604269575196e+01 1.703179937592497861e+00 -5.720519105575390562e+00
9.309735337275823142e+00 1.224007726076085545e+00 -6.250001047426241740e+00
7.336737947041408248e+00 5.540558053889828027e-01 -7.061395584956112970e+00
4.719737941698694428e+00 -2.996185646104007061e-01 -8.159590133011418445e+00
2.004304420071596038e+00 -1.165911255551448589e+00 -9.313412603166149495e+00
-2.641087064348526248e-01 -1.881034789787603412e+00 -1.028608612528167399e+01
-2.085856381045925190e+00 -2.448707272256879452e+00 -1.107408018065040167e+01
-3.461171515808596499e+00 -2.873136035285379641e+00 -1.167390320139318405e+01
-4.390159945638686168e+00 -3.159045492269476618e+00 -1.208211418454400921e+01
-4.872768282115151450e+00 -3.311700850174233324e+00 -1.229534593648403629e+01
-4.908694878717453136e+00 -3.336926160369621641e+00 -1.231035278885669193e+01
-4.497498007227072492e+00 -3.241093378476191056e+00 -1.212396444189855238e+01
-3.638674275425655580e+00 -3.031033369260801802e+00 -1.173304559598486740e+01
-2.331708679578649690e+00 -2.713934451033063855e+00 -1.113446807054242349e+01
-9.167682849378397947e-01 -2.380084965537752950e+00 -1.047558845499692914e+01
2.655527867041609369e-01 -2.112482017769369502e+00 -9.907011571204931144e+00
1.215118992630691785e+00 -1.907410520588214364e+00 -9.430454780212542687e+00
1.931800188374415139e+00 -1.760974223586301513e+00 -9.047635254736643873e+00
2.415492828634306477e+00 -1.669150351699404844e+00 -8.760281944507337215e+00
2.666139063905052620e+00 -1.627844646454227551e+00 -8.570146367293137502e+00
2.683743629156980948e+00 -1.632946765490397301e+00 -8.479012229054029959e+00
2.468388726671587818e+00 -1.680385939970245879e+00 -8.488703789070914496e+00
2.020246620224641632e+00 -1.766186830438847055e+00 -8.601093081048002631e+00
1.339590050514910091e+00 -1.886525511440445113e+00 -8.818106036669233205e+00
7.322411683572456198e-01 -1.999845795766870715e+00 -9.024568338708823134e+00
5.035359446577496456e-01 -2.071351911097816245e+00 -9.101756050367022510e+00
6.529841021262421386e-01 -2.107249222248835707e+00 -9.046249398040194123e+00
1.179941799447738582e+00 -2.113323913054128145e+00 -8.854538882919086973e+00
2.083612439558590435e+00 -2.094850299945030692e+00 -8.523022320069305380e+00
3.363049787201707996e+00 -2.056498811975559615e+00 -8.048003082976146416e+00
5.017162900810337334e+00 -2.002244811697534210e+00 -7.425689348450879024e+00
7.044722264046924920e+00 -1.935278200016754990e+00 -6.652194199672813113e+00
9.444366529528767984e+00 -1.857913988242534620e+00 -5.723536360557664793e+00
1.221460916428002896e+01 -1.771503910223830580e+00 -4.635641338814317614e+00
1.478021518110178789e+01 -1.708196362481558594e+00 -3.608562356412688743e+00
1.656870095731761339e+01 -1.693285780548828168e+00 -2.870284736283919891e+00
1.758279981770392908e+01 -1.718352923851242497e+00 -2.428722510968464476e+00
1.782552189851379865e+01 -1.776832993596120680e+00 -2.291983110334338214e+00
1.730014287020347297e+01 -1.864193279252426283e+00 -2.468364494686620780e+00
1.601017464672415969e+01 -1.978242619309751316e+00 -2.966386160174609543e+00
1.395927368488513487e+01 -2.119576795731064056e+00 -3.794850692564966099e+00
1.115125099814743947e+01 -2.290954514509093709e+00 -4.962634605828190715e+00
7.590050484099535311e+00 -2.496954775009624150e+00 -6.478556264476128312e+00
3.279712124498933790e+00 -2.743782611547738615e+00 -8.351285837967679981e+00
-9.587720259642922294e-01 -2.998354037437920283e+00 -1.023020678507284664e+01
-4.310089167497133111e+00 -3.222815954210081379e+00 -1.175232260008861829e+01
-6.778709366848931772e+00 -3.415683256636605769e+00 -1.290754947676604125e+01
-8.369250837081683159e+00 -3.573469793628129221e+00 -1.368591174099474728e+01
-9.086439547234117953e+00 -3.690911534933220661e+00 -1.407764028482267804e+01
-8.935069607345797138e+00 -3.761188903173961595e+00 -1.407326690294495108e+01
-7.919963098293203885e+00 -3.776147862212671846e+00 -1.366371488244724830e+01
-6.045928146584662599e+00 -3.726519287402882519e+00 -1.284038626459048338e+01
-3.317714229080880539e+00 -3.602136381732681247e+00 -1.159524614351291483e+01
2.600361264888277901e-01 -3.392149798294511243e+00 -9.920904398662788282e+00
3.960516179003525927e+00 -3.132466774107615759e+00 -8.161413319405752986e+00
7.061855529034563261e+00 -2.870377413417330104e+00 -6.669839975219677974e+00
9.566968711820621252e+00 -2.612214808889625761e+00 -5.452516352795676369e+00
1.147869096138811607e+01 -2.364858325703536934e+00 -4.515340836252109469e+00
1.279974558771231941e+01 -2.135589119330634222e+00 -3.863723260853973329e+00
1.353270788027601945e+01 -1.931947663181575514e+00 -3.502530770467299881e+00
1.367996541227703489e+01 -1.761593397427124064e+00 -3.436034149194053811e+00
1.324367469386698204e+01 -1.632167417686586131e+00 -3.667853953292807390e+00
1.222571431620409754e+01 -1.551157659583426662e+00 -4.200906279162493817e+00
1.062763477738313966e+01 -1.525766750554538032e+00 -5.037347722794818239e+00
8.935576153869689620e+00 -1.529463553363107353e+00 -5.933296049781196402e+00
7.633912662434651608e+00 -1.527732841066196112e+00 -6.642362887703230356e+00
6.721402094659906901e+00 -1.515640623637636519e+00 -7.162752386917841996e+00
6.197042668197696891e+00 -1.488493731500416084e+00 -7.493227866264987824e+00
6.060105411633437633e+00 -1.441923240647114968e+00 -7.633151955184720450e+00
6.310207753584544221e+00 -1.371958855206975691e+00 -7.582496321549186291e+00
6.947456761072507980e+00 -1.275057851076517146e+00 -7.341767845068860154e+00
7.972315914138501824e+00 -1.148089761497687711e+00 -6.912068980808837360e+00
9.385538020660465719e+00 -9.882811906798691926e-01 -6.295076985395445135e+00
1.118813609157342270e+01 -7.931545271224103022e-01 -5.492992008734379539e+00
1.296102040091044749e+01 -5.974515355760678936e-01 -4.705508977612020693e+00
1.428428974304408428e+01 -4.400785972845342453e-01 -4.129826187600366794e+00
1.515769249927197748e+01 -3.247133160157487097e-01 -3.764290309731297413e+00
1.558070580060069688e+01 -2.547180230588870220e-01 -3.606668710605477557e+00
1.555257127068668055e+01 -2.332065887188261577e-01 -3.654208264284805274e+00
1.507233187397685903e+01 -2.631099075283507283e-01 -3.903694431923787178e+00
1.413886954045917044e+01 -3.472399085364186178e-01 -4.351510851143061132e+00
1.275094329850871233e+01 -4.883514972691440637e-01 -4.993699560195913989e+00
1.090722763613646862e+01 -6.892027952751220710e-01 -5.826022132223596550e+00
8.606350874138934515e+00 -9.526135129337783836e-01 -6.844021816537637193e+00
6.312370159591863761e+00 -1.207658393870178148e+00 -7.845618670758937263e+00
4.490896694173381221e+00 -1.379607169370176578e+00 -8.633800886592375434e+00
3.142979175933138691e+00 -1.465660345450970903e+00 -9.211804138985378643e+00
2.269732433358402357e+00 -1.462986882597908878e+00 -9.583118393262253676e+00
1.872296294438313247e+00 -1.368666004056528385e+00 -9.751425624834354267e+00
1.951794647534087046e+00 -1.179631067067359984e+00 -9.720536445281961591e+00
2.509294732334081957e+00 -8.926155567112022959e-01 -9.494325730806535191e+00
3.545767382983059157e+00 -5.041013837919481322e-01 -9.076667286554563674e+00
5.062047519026807940e+00 -1.026930346428911456e-02 -8.471367760767439137e+00
7.058794921007152112e+00 5.930486227294797796e-01 -7.682099896661709337e+00
9.018701251388701934e+00 1.178471237484568723e+00 -6.917322926652889947e+00
1.042392637903991570e+01 1.612890595759124635e+00 -6.380395470670681135e+00
1.127426706976939741e+01 1.891876502232936019e+00 -6.067311128677001619e+00
1.156975638320748700e+01 2.010580767625437471e+00 -5.974239602254836079e+00
1.131071131532636187e+01 1.963686594557915388e+00 -6.097598612693211351e+00
1.049776178312555786e+01 1.745365745382118750e+00 -6.434154697714073556e+00
9.131820190196080489e+00 1.349287731281205494e+00 -6.981158039118326109e+00
7.214118429363120200e+00 7.686767307693325169e-01 -7.736250269717710459e+00
4.746207403977683370e+00 -3.620495888198127510e-03 -8.697428309369790611e+00
1.729939198091368091e+00 -9.750657635908714926e-01 -9.863038767423351061e+00
-1.200023784206978750e+00 -1.937778150167692504e+00 -1.098914160500843273e+01
-3.411358564373915048e+00 -2.673143750946514352e+00 -1.183495066864241529e+01
-4.905895520340463278e+00 -3.172375690755220745e+00 -1.240349433073291507e+01
-5.685866016917429100e+00 -3.426272133582186630e+00 -1.269735852746185500e+01
-5.753876512845338631e+00 -3.425303560390665858e+00 -1.271869330199561610e+01
-5.112881239941056144e+00 -3.159698892330280007e+00 -1.246921966703936846e+01
-3.766153363112492158e+00 -2.619530486524997759e+00 -1.195023658343800221e+01
-1.717254712721481003e+00 -1.794797845340898590e+00 -1.116262785730427609e+01
1.029996145222506598e+00 -6.755103004812279544e-01 -1.010686885151397263e+01
4.471557519245991763e+00 7.482313259153309248e-01 -8.783032906663940764e+00
7.946296094781680530e+00 2.219222400395694184e+00 -7.443192025792523481e+00
1.079773216238653610e+01 3.467924952790580218e+00 -6.338756813995112260e+00
1.302887439760161570e+01 4.485620281359646633e+00 -5.468761204032164258e+00
1.464294562267163791e+01 5.263625175433474190e+00 -4.832588545920315504e+00
1.564335152615115554e+01 5.793362020370770082e+00 -4.429967031453433179e+00
1.603364789786373734e+01 6.066428131363330145e+00 -4.260965482208740163e+00
1.581750638389441832e+01 6.074664394038451043e+00 -4.325989492487152255e+00
1.499867896156865577e+01 5.810222811358714878e+00 -4.625777926557905317e+00
1.358096104324289399e+01 5.265633409241834428e+00 -5.161399678953179304e+00
1.156815324571955372e+01 4.433870586147827808e+00 -5.934250622577145862e+00
9.360227205868969946e+00 3.493650179212572482e+00 -6.789695737751946680e+00
7.353750368226362966e+00 2.630219067610309658e+00 -7.572078685622635419e+00
5.547368399896568825e+00 1.846661591664167990e+00 -8.281422243102170455e+00
3.939698112492145299e+00 1.145965773656936415e+00 -8.917636711069564015e+00
2.529340070606191038e+00 5.310021382939442702e-01 -9.480520207087201001e+00
1.314902356564386254e+00 4.455003684674552211e-03 -9.969757519997475725e+00
2.950504693772524334e-01 -4.313566456641357849e-01 -1.038490831941183501e+01
-5.315056801741375736e-01 -7.743740448779521390e-01 -1.072540481198547369e+01
-1.166011698126220963e+00 -1.022755534871254701e+00 -1.099056641888283892e+01
-1.609659265976288722e+00 -1.174875956723881787e+00 -1.117961631809956735e+01
-1.851575278854773465e+00 -1.229728456015478422e+00 -1.128553922517793318e+01
-1.880793437859131778e+00 -1.186443869257408856e+00 -1.130129497927635995e+01
-1.698258207261111430e+00 -1.043942609527030552e+00 -1.122597544909425338e+01
-1.304826089077803619e+00 -8.013790472777790885e-01 -1.105864467245559801e+01
-7.012570806477875784e-01 -4.581382849594990425e-01 -1.079835693783464556e+01
1.117935603594206739e-01 -1.383251633313631324e-02 -1.044417498757324125e+01
1.133783220071146847e+00 5.317030086064113981e-01 -9.995188260032314531e+00
2.364289479811920280e+00 1.178414258281473614e+00 -9.450531094943968924e+00
3.803017296473920617e+00 1.926033025831465073e+00 -8.809400843370369216e+00
5.449805795146300369e+00 2.774081784548148910e+00 -8.071075806973496469e+00
6.976373572748849838e+00 3.564063495752498145e+00 -7.381275067630895137e+00
8.055503007300570673e+00 4.137025645420990827e+00 -6.887531300356769748e+00
8.688502283548263705e+00 4.491981584724547005e+00 -6.591858951118458876e+00
8.876409419471904982e+00 4.628397701322773727e+00 -6.496144935128155495e+00
8.619977783810455207e+00 4.546182615396834770e+00 -6.602110137160931203e+00
7.919662475613870711e+00 4.245676242067383477e+00 -6.911271516600054454e+00
6.775607576217329786e+00 3.727638939515396821e+00 -7.424904943685509906e+00
5.187634162238386359e+00 2.993241199640313432e+00 -8.144008885314637070e+00
3.155229241157113229e+00 2.044053831079958528e+00 -9.069269053374489076e+00
6.775356078544825245e-01 8.820389118841456266e-01 -1.020102412733658603e+01
-1.706491396000326954e+00 -2.361847645823216268e-01 -1.128976574925511756e+01
-3.457165948402577182e+00 -1.056554923908580967e+00 -1.208482604285710416e+01
-4.574232276332929281e+00 -1.581104866942074860e+00 -1.258487706484693014e+01
-5.056967853382873912e+00 -1.812418122141613352e+00 -1.278905914589467940e+01
-4.904172467146574732e+00 -1.753617929207852200e+00 -1.269702398460721504e+01
-4.114153285612328403e+00 -1.408299577374281686e+00 -1.230898429453969811e+01
-2.684729456697334093e+00 -7.803136275093254248e-01 -1.162574709511355309e+01
-6.133362530887307429e-01 1.261675425743282730e-01 -1.064862180145273918e+01
2.102875481604217445e+00 1.306708826367679821e+00 -9.379338340530267715e+00
5.466949149130748253e+00 2.756728656998370663e+00 -7.819976746503285447e+00
8.793304499533078911e+00 4.168400311424145244e+00 -6.293684188425979542e+00
1.139235127939844183e+01 5.240422106792872015e+00 -5.121304423734988731e+00
1.326100732049733821e+01 5.978203454398213879e+00 -4.301302054217702064e+00
1.439594916051448692e+01 6.387349557137824263e+00 -3.831722986182100499e+00
1.479371219889218025e+01 6.473528508880892041e+00 -3.710274106800655503e+00
1.445078777863168185e+01 6.242336039133503434e+00 -3.934400888379210315e+00
1.336371712023800384e+01 5.699157536681294545e+00 -4.501362624016987724e+00
1.152918211205475352e+01 4.849027192555221966e+00 -5.408305104106080563e+00
8.944093132811740787e+00 3.696484117450714812e+00 -6.652330600895195012e+00
5.605674168679843916e+00 2.245425479642990663e+00 -8.230565133593090721e+00
2.245730696024392348e+00 8.002895693364261431e-01 -9.772290143120736516e+00
-4.000460680273900671e-01 -3.394767487162899666e-01 -1.091043742345735623e+01
-2.328482545028055739e+00 -1.177658791397407256e+00 -1.164769981882891869e+01
-3.536688405505215904e+00 -1.717438608253370136e+00 -1.198676615864412298e+01
-4.022136224927173487e+00 -1.961265057394979250e+00 -1.193026038003418776e+01
-3.782740612485889553e+00 -1.910721956337908756e+00 -1.148068227727534563e+01
-2.816937571477739599e+00 -1.566394801795307767e+00 -1.064034949932731600e+01
-1.123764997845543956e+00 -9.277362832907778412e-01 -9.411340387492582948e+00
1.297054731550093987e+00 7.068310518022480338e-03 -7.795437022816784634e+00
4.445028985523672205e+00 1.241234998569385350e+00 -5.794067814445885034e+00
7.611502194051391612e+00 2.507574613219022197e+00 -3.825481419329700650e+00
1.008756110686530683e+01 3.536257469117251695e+00 -2.305757775417313749e+00
1.187208499544718521e+01 4.326769530243090855e+00 -1.232981570379567682e+00
1.296458602759641998e+01 4.877330841216370949e+00 -6.055233768203986955e-01
1.336528807506393512e+01 5.184789034656474449e+00 -4.220893275158763558e-01
1.307527987635440425e+01 5.244343867921890556e+00 -6.817995124064646362e-01
1.209679812431050827e+01 5.048988532232180582e+00 -1.384317028920905024e+00
1.043302723066207527e+01 4.590176771462610716e+00 -2.529790767428057308e+00
8.087974146601450087e+00 3.858225176662826161e+00 -4.118823595282162131e+00
5.066403894950565423e+00 2.842546720957781492e+00 -6.152464225131366149e+00
1.948836713387576802e+00 1.746524540035986117e+00 -8.262279597181310109e+00
-6.884120036751215643e-01 7.839195585325534621e-01 -1.007919857386700713e+01
-2.846673851917222553e+00 -4.014097416833317666e-02 -1.160339397293209096e+01
-4.527765067719583314e+00 -7.197786060005542108e-01 -1.283476398112818373e+01
-5.733950618821284984e+00 -1.248525717607093188e+00 -1.377293238136637754e+01
-6.467903920399070472e+00 -1.619486721790266870e+00 -1.441725025192845244e+01
-6.732661499579299047e+00 -1.825497777406962063e+00 -1.476679956189725651e+01
-6.531571918911636132e+00 -1.859284899709127581e+00 -1.482039901667145010e+01
-5.868238856919115065e+00 -1.713619557940514682e+00 -1.457661231166646587e+01
-4.746458270051356898e+00 -1.381471334217894809e+00 -1.403375888415662942e+01
-3.434034665525451224e+00 -9.499554426919809558e-01 -1.334453919799553212e+01
-2.196158422550853029e+00 -5.119438850299922183e-01 -1.266281214445730363e+01
-1.032710255123011844e+00 -6.934672079537063105e-02 -1.198848012955926556e+01
5.651878819994982095e-02 3.758490383666501788e-01 -1.132150002982688441e+01
1.071825891013459930e+00 8.216118673591046306e-01 -1.066188659126881788e+01
2.013593617653583134e+00 1.265897841750442510e+00 -1.000971515144731505e+01
2.882285730999767370e+00 1.706682351733559422e+00 -9.365123651203798971e+00
3.678441365804558050e+00 2.141991248096143163e+00 -8.728314099220181532e+00
4.402668255882276505e+00 2.569931373915859574e+00 -8.099553545252222264e+00
5.055635098782135017e+00 2.988720430850885457e+00 -7.479174588977436144e+00
5.612744198227142434e+00 3.369610082517314087e+00 -6.907291888851078809e+00
6.049953626716063404e+00 3.683809035965219358e+00 -6.424269555284313427e+00
6.368730188496241951e+00 3.929776437689094237e+00 -6.030876808578033099e+00
6.570413121084616392e+00 4.106266658597251151e+00 -5.727896448374337979e+00
6.656184924934864355e+00 4.212358708306034316e+00 -5.516116629470897870e+00
6.626973985185998117e+00 4.247606190296048467e+00 -5.396313869936160579e+00
6.483223907077520387e+00 4.212411969200089423e+00 -5.369217630730160451e+00
6.225102670622117529e+00 4.107643496668050176e+00 -5.435537755115874781e+00
5.852589528386407558e+00 3.934488301515021824e+00 -5.595978450621485578e+00
5.365494899399447348e+00 3.694432532273396408e+00 -5.851243707706784036e+00
4.861831651394410869e+00 3.424632056070564978e+00 -6.155704154235411174e+00
4.439561881924374731e+00 3.160959200615671261e+00 -6.462734305664129764e+00
4.098333056926570350e+00 2.902941057921206713e+00 -6.771506191096865912e+00
3.837821918368094387e+00 2.649799586825257514e+00 -7.081139295421672308e+00
3.657724936085792411e+00 2.400478795024555190e+00 -7.390703211615060830e+00
3.557748422691661361e+00 2.153671753582405035e+00 -7.699220316320861457e+00
3.537598594659347118e+00 1.907847487112970253e+00 -8.005668618072435905e+00
3.596972008600916482e+00 1.661277727656900405e+00 -8.308984852698069190e+00
3.735546507554506235e+00 1.412063563382102149e+00 -8.608067990696483207e+00
3.952972922120597588e+00 1.158161981605281499e+00 -8.901783236044696679e+00
4.125216668995807190e+00 9.224453943067678630e-01 -9.144715650507128757e+00
4.128420079249467634e+00 7.333900315516586055e-01 -9.294169083744614923e+00
3.962639527901234970e+00 5.975126427049426425e-01 -9.353167209737332399e+00
3.628168761122646746e+00 5.215966911576555010e-01 -9.324858779240647877e+00
3.125545359117586131e+00 5.126179125807754922e-01 -9.212496438610582317e+00
2.455552542336639554e+00 5.776704704892363651e-01 -9.019413541896891928e+00
1.619215999253386551e+00 7.238940189573389583e-01 -8.748998929784029599e+00
6.177961971626522164e-01 9.584020360542002681e-01 -8.404669528789904476e+00
-5.472246725052318794e-01 1.288211499140062610e+00 -7.989841185855137695e+00
-1.874161071763378761e+00 1.720174201475205500e+00 -7.507897795041303723e+00
-3.177460692271713238e+00 2.183753502581136541e+00 -7.079339113496732061e+00
-4.272780316042288362e+00 2.597835647048825525e+00 -6.819755433608117201e+00
-5.160320539812426333e+00 2.953222350913921712e+00 -6.725084729161193486e+00
-5.840583359899846450e+00 3.240775283103898285e+00 -6.791224056728109026e+00
-6.314355933114689456e+00 3.451509004000324676e+00 -7.014066917579754978e+00
-6.582685938676505089e+00 3.576688774711664465e+00 -7.389540940194452290e+00
-6.646849813579393640e+00 3.607937565226444043e+00 -7.913643398680870078e+00
-6.508337199569158571e+00 3.537281770843560214e+00 -8.582489989003958542e+00
-6.168833234518575459e+00 3.357194881160985300e+00 -9.392363601418164620e+00
-5.630195932949467519e+00 3.060645359179094971e+00 -1.033976196155426130e+01
-4.976316528031767383e+00 2.688221864320641252e+00 -1.126505396144589355e+01
-4.291726947826806082e+00 2.286048312622528833e+00 -1.201068747894925615e+01
-3.579197016433195877e+00 1.855763984811128253e+00 -1.257658722210593538e+01
-2.841270492777468348e+00 1.398957579150440278e+00 -1.296281246243263929e+01
-2.080240505252264782e+00 9.171469249871090357e-01 -1.316955679596581064e+01
-1.298125675587519900e+00 4.117583205934836066e-01 -1.319714750413558946e+01
-4.966468635565854939e-01 -1.158943090192883218e-01 -1.304604466741029256e+01
3.227952874399688810e-01 -6.646302897975431279e-01 -1.271684018713125219e+01
1.159142324437328675e+00 -1.233422803933792000e+00 -1.221025695067073435e+01
2.011699539359562028e+00 -1.821419015432096833e+00 -1.152714832533808575e+01
2.799314979582109952e+00 -2.397602870552648646e+00 -1.079866097467785480e+01
3.442784960612773837e+00 -2.929456219604308576e+00 -1.015663280389581224e+01
3.944512041330848096e+00 -3.414183068846319280e+00 -9.602848958724329975e+00
4.306718320042248749e+00 -3.849214083315381174e+00 -9.138815488489187899e+00
4.531412422833419384e+00 -4.232213386578861147e+00 -8.765736438296590549e+00
4.620356949440400207e+00 -4.561085851571071714e+00 -8.484491245789788749e+00
4.575036480526799565e+00 -4.833985203709407763e+00 -8.295612510914969207e+00
4.396627618106623281e+00 -5.049323752197827808e+00 -8.199263063185096456e+00
4.085970206054894582e+00 -5.205783544763029624e+00 -8.195213129031978738e+00
3.643540163652980723e+00 -5.302329583462693563e+00 -8.282817504748042126e+00
3.106796342916299025e+00 -5.351810502001935532e+00 -8.396864302004569680e+00
2.513227812183951748e+00 -5.368271513529802696e+00 -8.472125994588958875e+00
1.863053923230615361e+00 -5.352965972508830106e+00 -8.507438600326636902e+00
1.156481592929330393e+00 -5.307524572913880689e+00 -8.501408228804821832e+00
3.937150988566266996e-01 -5.233974314198031941e+00 -8.452408280552299757e+00
-4.250306194215935918e-01 -5.134810748908642530e+00 -8.358546196267374384e+00
-1.299510977197228190e+00 -5.013089906202363721e+00 -8.217622452720048543e+00
-2.229431601928217876e+00 -4.872115914915127632e+00 -8.027338833304243693e+00
-3.214433002823045893e+00 -4.715332794250440607e+00 -7.785375463697659981e+00
-4.254077981651361640e+00 -4.546286028139938651e+00 -7.489422414112293147e+00
-5.187214555250029946e+00 -4.352723953097273224e+00 -7.288992108548128179e+00
-5.856327336320353183e+00 -4.114528917833322197e+00 -7.336707142433469997e+00
-6.266811608433593861e+00 -3.822617476433742834e+00 -7.635151397894489378e+00
-6.424617718362840790e+00 -3.466905832717096292e+00 -8.187085879384120801e+00
-6.336186361345191642e+00 -3.036528185029012228e+00 -8.995353164687919900e+00
-6.008374712165071685e+00 -2.520054102110464544e+00 -1.006279112640862650e+01
-5.448372034627722016e+00 -1.905704358673834475e+00 -1.139215721385569147e+01
-4.663604323911709315e+00 -1.181563484993864765e+00 -1.298606427281648301e+01
-3.661626959283072580e+00 -3.357892926653776589e-01 -1.484692867192265098e+01
-2.450005288452755003e+00 6.431814112197165034e-01 -1.697693128908860061e+01
-1.207972818048835606e+00 1.634773144732479144e+00 -1.900300811089258346e+01
-1.008275304222046032e-01 2.500939056522636150e+00 -2.055164883165634748e+01
8.851158787231856451e-01 3.226674892078742030e+00 -2.162439618927379925e+01
1.763764805188142049e+00 3.797121581524267597e+00 -2.222313150385786429e+01
2.549022333371412152e+00 4.197761438602496398e+00 -2.235003717153859881e+01
3.254551366278594315e+00 4.414601096818273618e+00 -2.200754210933408928e+01
3.893530355000375476e+00 4.434341438356088183e+00 -2.119825102608056255e+01
4.478402763078814353e+00 4.244535179180449980e+00 -1.992485856804513489e+01
5.020620860702811328e+00 3.833732861744966414e+00 -1.819004998965313291e+01
5.530385316354771597e+00 3.191618989428027131e+00 -1.599639019179910271e+01
6.005771896698890444e+00 2.472582085947592212e+00 -1.374042257890832630e+01
6.432938986618039756e+00 1.841147962543316030e+00 -1.181439443035118586e+01
6.803537341005176486e+00 1.302767363579473869e+00 -1.021426450709809686e+01
7.109898831871364067e+00 8.624005515187925797e-01 -8.936122780099911012e+00
7.345184395834216673e+00 5.244899391280680723e-01 -7.976282156650797539e+00
7.503468416461728019e+00 2.931328089062443798e-01 -7.331428362670453502e+00
7.579735402592248761e+00 1.726347664901750623e-01 -6.998895269927130514e+00
7.570161441213555165e+00 1.669066011765856228e-01 -6.976564830515133764e+00
7.472080573905325096e+00 2.793196160815207829e-01 -7.262800758260328671e+00
7.283863630165160252e+00 5.127576697170256326e-01 -7.856421856585983576e+00
7.023152018882965919e+00 7.912917747411635228e-01 -8.550900007759171473e+00
6.708904004041741587e+00 1.037328141131510062e+00 -9.140609118360977448e+00
6.341909836708339299e+00 1.251189266400880795e+00 -9.626033278375928148e+00
5.922646846629616491e+00 1.433512654242821371e+00 -1.000762388080346099e+01
5.451319487502350292e+00 1.585195848298867949e+00 -1.028579577245674415e+01
4.927898810841785604e+00 1.707342728005765142e+00 -1.046092463267294015e+01
4.352160675679093593e+00 1.801210960152820117e+00 -1.053334508237822575e+01
3.723724490350442728e+00 1.868156043172642500e+00 -1.050334888805896938e+01
3.042090401848447367e+00 1.909576476845186832e+00 -1.037118336445331046e+01
2.306674880292756136e+00 1.926859144540590263e+00 -1.013704958712122028e+01
1.590362239729362193e+00 1.934524508918906927e+00 -9.870342550163623940e+00
9.662278943634894368e-01 1.945637383573063595e+00 -9.640436081713774641e+00
4.339487069588598978e-01 1.959261705631490713e+00 -9.447398696822558506e+00
-6.783729743994548755e-03 1.974376898387493640e+00 -9.291226457456783550e+00
-3.562701312790292896e-01 1.989935073519182085e+00 -9.171860741191505184e+00
-6.148083258466643386e-01 2.004917449329468138e+00 -9.089206578254323432e+00
-7.826948789696315245e-01 2.018389624532378690e+00 -9.043151885500725129e+00
-8.602321200255111933e-01 2.029560252496127593e+00 -9.033585634158310285e+00
-8.477324261852787757e-01 2.037836925584603609e+00 -9.060416382610673836e+00
-7.455212565614495190e-01 2.042881025132811335e+00 -9.123591115206950874e+00
-5.911271867787317724e-01 2.048402336982127370e+00 -9.212057140558865598e+00
-4.220752483339835770e-01 2.058516437568966850e+00 -9.314776478856385822e+00
-2.387260234949555304e-01 2.073804642322918390e+00 -9.431772689367011964e+00
-4.148095042266009003e-02 2.094974029519000691e+00 -9.563090152615435713e+00
1.692100773085507548e-01 2.122867875215770361e+00 -9.708794628845733854e+00
3.929180439147121895e-01 2.158403655654967057e+00 -9.868985836507324194e+00
6.294709011767491980e-01 2.202330017960728359e+00 -1.004382789356624350e+01
8.787342367288335510e-01 2.255380541661447857e+00 -1.023349812216204135e+01
1.140535887868936005e+00 2.318329742335715427e+00 -1.043817078780608831e+01
1.414666385591900832e+00 2.391985229874982188e+00 -1.065801513886922791e+01
1.693224621572674726e+00 2.436089879294596638e+00 -1.088100185691010147e+01
1.969456451286263787e+00 2.410096579182515519e+00 -1.109541351385523811e+01
2.245036061204738420e+00 2.314362151972965354e+00 -1.130194591570887930e+01
2.521870599542455516e+00 2.149210791436882317e+00 -1.150137572039006528e+01
2.802071997730624986e+00 1.914944931697963204e+00 -1.169455304595345702e+01
3.087944737365976522e+00 1.611830650016125910e+00 -1.188239319221169765e+01
3.381996889691316621e+00 1.240022872859156911e+00 -1.206586090038486070e+01
3.686844072168722786e+00 7.996303855880244615e-01 -1.224595183319980940e+01
4.005151102947960950e+00 2.907425738539495264e-01 -1.242367786168990307e+01
4.339591246623183629e+00 -2.865691625924959851e-01 -1.260005209447686525e+01
4.692805874956139434e+00 -9.322530039893273113e-01 -1.277607318890638943e+01
5.067364586372978152e+00 -1.646281412121033849e+00 -1.295270893302606297e+01
5.465725825062818899e+00 -2.428658965200353403e+00 -1.313087910607334585e+01
5.890198030158482645e+00 -3.279433278535321072e+00 -1.331143764098093563e+01
6.342901327630253938e+00 -4.198708890592665277e+00 -1.349515412528705127e+01
6.825748088767736199e+00 -5.186516822256574955e+00 -1.368274129926234473e+01
7.340558855894169454e+00 -6.242334616244274770e+00 -1.387502827144795425e+01
7.889164320281921938e+00 -7.365436233942006972e+00 -1.407290504503765405e+01
8.473421155185464571e+00 -8.555021903368650982e+00 -1.427729361755364224e+01
9.095223822024562921e+00 -9.810213252801952777e+00 -1.448915386391631799e+01
9.756516059601944235e+00 -1.113004762860713370e+01 -1.470948954151368149e+01
1.045930201535558446e+01 -1.251347159071383253e+01 -1.493935440348360189e+01
1.120565697442385833e+01 -1.395933357246001449e+01 -1.517985840696495714e+01
1.199773763842485330e+01 -1.546637568502259086e+01 -1.543217400330857458e+01
