4.023769060459314773e+01 -1.292443092384925407e+01 -2.470072103697343735e+01
3.423975241866232011e+01 -1.084693125514673362e+01 -2.247280476293471096e+01
2.860590328598196663e+01 -8.950277754162872412e+00 -2.032069563792172318e+01
2.333751635678492065e+01 -7.227823698294264076e+00 -1.824877406360462828e+01
1.843581729528477453e+01 -5.673086143481477883e+00 -1.626137173541987480e+01
1.390189819206970689e+01 -4.279717565340004803e+00 -1.436277060158169405e+01
9.736731020183910346e+00 -3.041476958825458876e+00 -1.255720053573292283e+01
5.941180646217079087e+00 -1.952200434736991896e+00 -1.084883574808843676e+01
2.516017402759308741e+00 -1.005771350321892577e+00 -9.241789950074949189e+00
-5.380707765841952206e-01 -1.960900108970762279e-01 -7.740110277523440274e+00
-3.220466663772093341e+00 4.829570202493538300e-01 -6.347769967449759854e+00
-5.530625404113380661e+00 1.037511802935384253e+00 -5.068648995160280890e+00
-7.468060603182308022e+00 1.473843574072838392e+00 -3.906465830310139609e+00
-9.032243186462043383e+00 1.798573659061031504e+00 -2.864765108939050453e+00
-1.022261182869755558e+01 2.018630001925598272e+00 -1.946937746217970444e+00
-1.103860764537115813e+01 2.141149227565572577e+00 -1.156242058062837863e+00
-1.147970727623157039e+01 2.173377810193694248e+00 -4.958291359353370620e-01
-1.154545433282113009e+01 2.122572473695268247e+00 3.122747671766701316e-02
-1.123548923733387461e+01 1.995899935580185858e+00 4.218978580361996134e-01
-1.054957753692899125e+01 1.800336085149176313e+00 6.731576828674468160e-01
-9.487636835609027486e+00 1.542564658762644481e+00 7.819463505377726165e-01
-8.049764261260012432e+00 1.228867034079765386e+00 7.451169362112153305e-01
-6.236262589354098829e+00 8.650103529216335296e-01 5.593809002494261051e-01
-4.047648053230309628e+00 4.562133281563766074e-01 2.212901642397509250e-01
-1.484662223979117623e+00 7.089144656809119593e-03 -2.727951855414655347e-01
1.451713651900440327e+00 -4.784226603363487262e-01 -9.267454246061547218e-01
4.389135258495176828e+00 -9.369252541797720157e-01 -1.616608572644570918e+00
6.955794040417901059e+00 -1.311458100411004413e+00 -2.213812029675328752e+00
9.151464488265190766e+00 -1.607963847376095545e+00 -2.715420368455362166e+00
1.097611603693871807e+01 -1.831911915489234932e+00 -3.118375535839905233e+00
1.242992537314676049e+01 -1.988238077304745666e+00 -3.419462273059777679e+00
1.351331378101685132e+01 -2.081231395060001432e+00 -3.615212907011835952e+00
1.422703820285510901e+01 -2.114300394462153232e+00 -3.701662210067125258e+00
1.457212068940636129e+01 -2.090078769785945756e+00 -3.674493102479234441e+00
1.454979886830806990e+01 -2.010495308823160521e+00 -3.529155702083058621e+00
1.416149725509327517e+01 -1.876799994668578053e+00 -3.260939900577464634e+00
1.349580251483591375e+01 -1.715523609118700499e+00 -2.935424338545639777e+00
1.264031092303747528e+01 -1.552367169198556551e+00 -2.619629560217593855e+00
1.159507258746073965e+01 -1.386753530764370135e+00 -2.310933401280071298e+00
1.036012548902081676e+01 -1.217990273685058522e+00 -2.006750208795820889e+00
8.935497797836530864e+00 -1.045274077720034667e+00 -1.704574896047164501e+00
7.321209263809345558e+00 -8.676950690887978990e-01 -1.402026861370327948e+00
5.517271598613245231e+00 -6.842418227372495387e-01 -1.096894086348065400e+00
3.523686850512287361e+00 -4.938118934226799484e-01 -7.871802126133099486e-01
1.340445444380998552e+00 -2.952207360738020592e-01 -4.711502583918028009e-01
-1.032476431258457339e+00 -8.721085337791112391e-02 -1.473758386346331328e-01
-3.230325203134072787e+00 1.046511862657394654e-01 1.511509390242269935e-01
-4.888941423102856731e+00 2.533872977085694922e-01 3.861552839177360696e-01
-6.009276399471153773e+00 3.578038885679178382e-01 5.512315629953201679e-01
-6.592289746499693237e+00 4.162264421654428559e-01 6.405349978095773444e-01
-6.638919953932337137e+00 4.265382905838431826e-01 6.489042263990548731e-01
-6.150053617829801311e+00 3.862225115039025214e-01 5.719835954543599499e-01
-5.126493848749904103e+00 2.924069726276673498e-01 4.063450244086257435e-01
-3.568928618745963899e+00 1.419112354713011059e-01 1.496085457792686313e-01
-1.477899514646654255e+00 -6.870320652691699892e-02 -1.994376713675713175e-01
1.146228364340395656e+00 -3.430794059333905355e-01 -6.407178927204740804e-01
3.890484783697884197e+00 -6.373534333805811469e-01 -1.097779697746075422e+00
6.342588113846621134e+00 -9.040659127375727522e-01 -1.492473505853685545e+00
8.503291526718630422e+00 -1.141425978951950748e+00 -1.821531494325864031e+00
1.037324040869038910e+01 -1.347452147092654817e+00 -2.082257430773437612e+00
1.195295017569713281e+01 -1.520003491225995207e+00 -2.272590694653350951e+00
1.324276302080178525e+01 -1.656828942973600727e+00 -2.391282479180778076e+00
1.424275741277883078e+01 -1.755662501352208249e+00 -2.438364788483883050e+00
1.495280867766823896e+01 -1.814220448418184084e+00 -2.414928887717405104e+00
1.537263350967648989e+01 -1.830204481041697973e+00 -2.322952854930584454e+00
1.550181702725064170e+01 -1.801316606764858941e+00 -2.165217251583341440e+00
1.524178453042823733e+01 -1.729607436567048184e+00 -1.956161939526357196e+00
1.449401323344015857e+01 -1.616869489448244712e+00 -1.712093259315591531e+00
1.325809345936668571e+01 -1.460479864951499840e+00 -1.439789577384319452e+00
1.153364809833891336e+01 -1.257897018327237548e+00 -1.146777361188859201e+00
9.320356798009965971e+00 -1.006670968434849822e+00 -8.411875753454790550e-01
6.617977386066680623e+00 -7.044507898338350227e-01 -5.316114609673107116e-01
3.426363904828698903e+00 -3.489892650528561568e-01 -2.269557621120839030e-01
-2.545192430147717455e-01 6.185541722719908181e-02 6.370250972989514870e-02
-4.424587414623855075e+00 5.301210076275088001e-01 3.312617624365962188e-01
-9.083630386341853935e+00 1.057745636486664642e+00 5.667418037175973033e-01
-1.338670154549701330e+01 1.556300504076289171e+00 7.263324541593535466e-01
-1.648859105633415822e+01 1.931830305260806346e+00 7.853963541962104555e-01
-1.838874431757841066e+01 2.178091716874425821e+00 7.643338427838873850e-01
-1.908682201134886824e+01 2.289075513571645626e+00 6.838480569225054984e-01
-1.858271745884767512e+01 2.258994882984219021e+00 5.645853783161205453e-01
-1.687656297775711423e+01 2.082266123209424613e+00 4.267755243217232763e-01
-1.396872558094036698e+01 1.753481817183896174e+00 2.898716692109996051e-01
-9.859792578657653905e+00 1.267377084588151348e+00 1.721921352543823169e-01
-4.550548136407861932e+00 6.187885646140668383e-01 9.056242801672334530e-02
1.958058009563877322e+00 -1.973935511470712445e-01 5.995797826572753231e-02
8.319264208059545140e+00 -1.017517359668983934e+00 8.463161352768894252e-02
1.318740076345061141e+01 -1.670208945982588844e+00 1.434780439333291913e-01
1.656321695362874635e+01 -2.149079858993915959e+00 2.131990429423462619e-01
1.844764912357899789e+01 -2.447814192529049748e+00 2.726697381423784927e-01
1.884177016680839145e+01 -2.560097264487573909e+00 3.033792431999947636e-01
1.774673611801841133e+01 -2.479523044473881388e+00 2.899932592112404728e-01
1.516373528853696939e+01 -2.199480996289282952e+00 2.210179993488732286e-01
1.109395001698707794e+01 -1.713169609465728271e+00 8.833561635795955658e-02
5.538530830604670996e+00 -1.013600120438767460e+00 -1.131072851727554784e-01
-1.501419608893221902e+00 -9.359081937855866229e-02 -3.854816507788298985e-01
-8.507728715235735706e+00 8.503260235359293429e-01 -6.670085981013429421e-01
-1.396377216400940391e+01 1.612271211870977217e+00 -8.885931829063082876e-01
-1.787074886553160269e+01 2.185390872658282913e+00 -1.041749953020333352e+00
-2.022978347525137721e+01 2.562616031586905763e+00 -1.121003431300378939e+00
-2.104192478686957557e+01 2.736663988274856241e+00 -1.123699502695999497e+00
-2.030815008674156630e+01 2.700045334487446880e+00 -1.049818256624875490e+00
-1.802937425977435026e+01 2.445076725088544123e+00 -9.017883169643865493e-01
-1.420646249724019583e+01 1.963899396182852808e+00 -6.843031664286415294e-01
-8.840245569656250524e+00 1.248503525924427260e+00 -4.041388679672269224e-01
-1.931536680629019509e+00 2.907583925772403433e-01 -6.997316580782980688e-02
5.072908310978232471e+00 -7.078561664508475904e-01 2.460340648158121923e-01
1.072735299496427963e+01 -1.535929203060848902e+00 4.800072687823945805e-01
1.503249743314004760e+01 -2.186656237273288284e+00 6.357430655436564493e-01
1.798901621026498177e+01 -2.653109686349697682e+00 7.187330441906782941e-01
1.959757459976106730e+01 -2.928271919313764293e+00 7.360070242380377659e-01
1.985884396490819626e+01 -3.005073021825880986e+00 6.959773344756853275e-01
1.877351581923893775e+01 -2.876433061483594678e+00 6.082839940291964176e-01
1.634231406253513086e+01 -2.535308294489514225e+00 4.836413217136035225e-01
1.256600493474562974e+01 -1.974741295710663147e+00 3.336852412439343940e-01
7.445404308103793056e+00 -1.187914675225058225e+00 1.708211373471280048e-01
2.028753134446001472e+00 -3.437214525791303932e-01 2.292735273939448815e-02
-2.636641989670737818e+00 3.817728186883919128e-01 -9.426894207190367192e-02
-6.551366402292605251e+00 9.845359721244335560e-01 -1.865508544326875962e-01
-9.716029766206336404e+00 1.460620706312994121e+00 -2.602314422681140105e-01
-1.213126611030503277e+01 1.806198102649837489e+00 -3.220706096602685697e-01
-1.379773280594389107e+01 2.017588425278256548e+00 -3.791852480647364132e-01
-1.471611008369560381e+01 2.091279894978850695e+00 -4.389389794592668537e-01
-1.488709416167157684e+01 2.023971536176622621e+00 -5.088728425145321310e-01
-1.431138875079809836e+01 1.812615860459288797e+00 -5.966374449217701770e-01
-1.298969580180980721e+01 1.454456660407610569e+00 -7.099191298191682709e-01
-1.124491996816873218e+01 1.038195131442243957e+00 -8.182212021119343870e-01
-9.399109765719606102e+00 6.538437982804239379e-01 -8.862515811260391896e-01
-7.451695345434791840e+00 3.008481379742466988e-01 -9.143637407374977100e-01
-5.402135545386575366e+00 -2.134217386647621617e-02 -9.027509152365258416e-01
-3.249920602815158599e+00 -3.132594856637178071e-01 -8.514480878421035737e-01
-9.945749073048740785e-01 -5.754046065142697230e-01 -7.603336100877389203e-01
1.364340179708531275e+00 -8.082333900755908074e-01 -6.291304054480415520e-01
3.827223396231878016e+00 -1.012143408919687237e+00 -4.574067440957025887e-01
6.394430531938283480e+00 -1.187460675117411935e+00 -2.445767043459272649e-01
9.066271230467126685e+00 -1.334426343741822452e+00 1.009970677864269195e-02
1.143191857980539083e+01 -1.445186604077866921e+00 2.505451580291877534e-01
1.308015998958258663e+01 -1.510023604491494753e+00 4.235490188819395208e-01
1.401070830283559054e+01 -1.526622584260534321e+00 5.339032144178488259e-01
1.422330864008559992e+01 -1.493114560129124024e+00 5.858695164772096398e-01
1.371773370165134764e+01 -1.408112131653310062e+00 5.831202867402618395e-01
1.249377950717202879e+01 -1.270743695086080427e+00 5.286784900724978975e-01
1.055126179677929699e+01 -1.080686359481975556e+00 4.248572053373291801e-01
7.890013316236182739e+00 -8.381981334870354239e-01 2.731987243436212465e-01
4.509882258487774465e+00 -5.441494613095834154e-01 7.441370697375870868e-02
4.107321241462344452e-01 -2.000545447813940336e-01 -1.716793343686131568e-01
-3.608879551488368254e+00 1.323129788174640664e-01 -4.112933039154427761e-01
-6.750210468417617626e+00 3.921405746631076994e-01 -5.922949770774350586e-01
-9.013108424496246940e+00 5.794058195403133382e-01 -7.173043131618881407e-01
-1.039742973065011888e+01 6.948519072676602182e-01 -7.878851131694593057e-01
-1.090304122494400296e+01 7.400249590606735595e-01 -8.044709284079116784e-01
-1.052982497551439423e+01 7.173383614157180510e-01 -7.662692594496407494e-01
-9.277686101053324919e+00 6.301655114268969182e-01 -6.711429865025018149e-01
-7.146564736177228205e+00 4.827066329106772802e-01 -5.157034384678544914e-01
-4.136450668654352292e+00 2.798842049171003099e-01 -2.953857796834499783e-01
-2.473994078424610332e-01 2.726634383607546772e-02 -4.503311595064236894e-03
3.702606306396436509e+00 -2.173141165336911762e-01 3.016568346907583797e-01
6.895585140979355820e+00 -4.020366457412527517e-01 5.621717328303070804e-01
9.331468647369936420e+00 -5.303879375419867648e-01 7.743268083009886560e-01
1.101025096994627184e+01 -6.064361006849074975e-01 9.344369733613917539e-01
1.193200322979151906e+01 -6.347664383004490984e-01 1.037894435819207040e+00
1.209688815285146646e+01 -6.204182949621216414e-01 1.079217113065154443e+00
1.150517466181716664e+01 -5.688226798472963974e-01 1.052097401376699271e+00
1.015725215799493597e+01 -4.857404004639003237e-01 9.494512154335459364e-01
8.053644263246969359e+00 -3.772004342585109637e-01 7.634669785559498045e-01
5.195021802983960768e+00 -2.494383049319910950e-01 4.856543734223611186e-01
2.231565450996336075e+00 -1.310617595288233739e-01 1.790812295775945640e-01
-1.872282795463051375e-01 -4.375327217576759770e-02 -8.408885904768603758e-02
-2.061687723785328163e+00 1.666605227507093889e-02 -2.987975477769004296e-01
-3.392250166026135716e+00 5.453095875901003281e-02 -4.594987883851422428e-01
-4.179469476888982626e+00 7.428686280223095739e-02 -5.601930258559446596e-01
-4.424022819820608632e+00 8.044426231240700553e-02 -5.944608914420181911e-01
-4.126716338021937602e+00 7.753263489876664749e-02 -5.554963080939021580e-01
-3.288489746841995576e+00 7.005372804093187855e-02 -4.361389490820716808e-01
-1.910419775777869367e+00 6.243415707638703960e-02 -2.289059787433285753e-01
6.277581268853676261e-03 5.897724162255618685e-02 7.397697266873597133e-02
1.934363209543597195e+00 6.265735394810181824e-02 3.932290586191923842e-01
3.348178038840577297e+00 7.075217076111664505e-02 6.397070084310718663e-01
4.248872079979138405e+00 7.898044725540351307e-02 8.063846634920870393e-01
4.637729858402910743e+00 8.320869069235285742e-02 8.859815002106722348e-01
4.516169046976114210e+00 7.949944545841666765e-02 8.709895952491750748e-01
3.885739699997824648e+00 6.417064236312336467e-02 7.536899728680660493e-01
2.748121890572440940e+00 3.385221421737864833e-02 5.261715935632514940e-01
1.105102043667403278e+00 -1.457181903077121518e-02 1.804607175907537442e-01
-1.041450807761047370e+00 -8.400392525329496152e-02 -2.913658834922723262e-01
-3.689609433407444961e+00 -1.771604061375550709e-01 -8.970800963317219212e-01
-6.330179319918352476e+00 -2.808534446778643279e-01 -1.529763789743380009e+00
-8.456432948555194784e+00 -3.779031492808102022e-01 -2.071909727944765134e+00
-1.007017887377309862e+01 -4.650804743345213210e-01 -2.515241410893550356e+00
-1.117330359464857992e+01 -5.393571470189196804e-01 -2.851578305455122475e+00
-1.176774366357041401e+01 -5.978794156787069491e-01 -3.072936303145830550e+00
-1.185545517218530698e+01 -6.379426076810086332e-01 -3.171627398141748433e+00
-1.143838078681181969e+01 -6.569663664016778259e-01 -3.140358572899237366e+00
-1.051841454969175693e+01 -6.524705623806373866e-01 -2.972329932149325060e+00
-9.097364752024772017e+00 -6.220515645621906842e-01 -2.661332092613047262e+00
-7.176915233719862286e+00 -5.633586915428413500e-01 -2.201842878437658246e+00
-5.155184288839349094e+00 -4.942528434013673255e-01 -1.698585868560655410e+00
-3.428444187438430824e+00 -4.351410332212328758e-01 -1.262589804280227490e+00
-1.995528871990476905e+00 -3.874768309209119521e-01 -8.981298768629959461e-01
-8.553353773376464186e-01 -3.526703613903807710e-01 -6.091243923725488951e-01
-6.847292588414894549e-03 -3.321018453409229076e-01 -3.990793418127887016e-01
5.508415933263759445e-01 -3.271353801615712320e-01 -2.710332048753229528e-01
8.185038091576830599e-01 -3.391331068520097025e-01 -2.275018927499390387e-01
7.967552511659042880e-01 -3.694700026382960467e-01 -2.704237740224691433e-01
4.860332053457063206e-01 -4.195494808745695581e-01 -4.011046827131921622e-01
-1.134242211763351049e-01 -4.908199418028549310e-01 -6.201627579056672168e-01
-7.467246025359047801e-01 -5.577486459110436723e-01 -8.396628769746339316e-01
-1.159358055198519200e+00 -5.931234073257281025e-01 -9.710029191805885640e-01
-1.351655415044681785e+00 -5.959014645463334148e-01 -1.013654332923193735e+00
-1.323723992408302408e+00 -5.650085792176646748e-01 -9.676622180744547386e-01
-1.075434119554950829e+00 -4.993243705847784653e-01 -8.336873914776570249e-01
-6.064037564072739528e-01 -3.976674339413329706e-01 -6.130530300010882394e-01
8.400338131392115493e-02 -2.587823984655676646e-01 -3.077548633415954638e-01
9.966151518571949586e-01 -8.132182984561561745e-02 7.963425689785892658e-02
2.132405175640546879e+00 1.361679867529983767e-01 5.460394458476640622e-01
3.492454180907828665e+00 3.952594771312245570e-01 1.087949310590927698e+00
4.769934789147068699e+00 6.417300480025680542e-01 1.580818466137650979e+00
5.656461595881517646e+00 8.187891707668675245e-01 1.905156970768445479e+00
6.150622691556075772e+00 9.241180861937063895e-01 2.065403964642618106e+00
6.250785012488067061e+00 9.552003499022703181e-01 2.066782643348829662e+00
5.955164048403907451e+00 9.093007160409325440e-01 1.915184566279316103e+00
5.261891451880916115e+00 7.834463314201220996e-01 1.617053000918295735e+00
4.169079830952578725e+00 5.744105781123682863e-01 1.179265162235962894e+00
2.674884066595488719e+00 2.786999940396960307e-01 6.090133371670798379e-01
7.775587092031657210e-01 -1.074558007174826330e-01 -8.631516694025763436e-02
-1.524488958224008872e+00 -5.881110456622068439e-01 -8.992591562347019840e-01
-3.769469087269296192e+00 -1.067975517587092638e+00 -1.661622988446837423e+00
-5.492886233197890711e+00 -1.446164681957240461e+00 -2.216239624166274513e+00
-6.692218932831735856e+00 -1.718283149220127815e+00 -2.572427588071833693e+00
-7.365117620377331420e+00 -1.879564631837723043e+00 -2.739669601221502049e+00
-7.509467128424539339e+00 -1.924867778874440827e+00 -2.727451910749522312e+00
-7.123442926138481290e+00 -1.848675945014945476e+00 -2.545102919162839150e+00
-6.205561190941217831e+00 -1.645100630994006385e+00 -2.201631511102299488e+00
-4.754722820493669566e+00 -1.307888214616041322e+00 -1.705565970074714333e+00
-2.770251988793674069e+00 -8.304295453584893405e-01 -1.064793431514186928e+00
-2.519298125924717691e-01 -2.057718945924906784e-01 -2.864003601192605664e-01
2.336690529123732762e+00 4.577579287457760882e-01 4.895739563012672102e-01
4.531189995750983357e+00 1.044239741073435868e+00 1.132357271068170190e+00
6.330350803342825294e+00 1.549289675500418850e+00 1.649161027424559389e+00
7.733261340896167013e+00 1.968268415378954694e+00 2.046701202518154350e+00
8.739336151614718773e+00 2.296292292713888461e+00 2.331080222582773143e+00
9.348355931616817216e+00 2.528235681934426715e+00 2.507597489545688063e+00
9.560555820487525835e+00 2.658711926164474715e+00 2.580405047340396774e+00
9.376561280199025461e+00 2.682116375802766850e+00 2.552679414431255900e+00
8.797336231556847963e+00 2.592663865951604585e+00 2.426757753509596327e+00
7.824152803653896981e+00 2.384416174180815418e+00 2.204212891137893759e+00
6.655037916110783769e+00 2.103513532516764428e+00 1.927757406183212119e+00
5.487389924556617338e+00 1.799945064196412758e+00 1.638677782353569423e+00
4.321751025305166749e+00 1.473456416504516753e+00 1.335950431230999769e+00
3.158667155087457434e+00 1.123811498917373530e+00 1.018645236686909650e+00
1.998685561142206746e+00 7.507965821413431495e-01 6.859214803465327748e-01
8.423519007349802301e-01 3.542246380898013136e-01 3.370235540026494392e-01
-3.097930920196919069e-01 -6.606010673003220868e-02 -2.872354893089789848e-02
-1.457217336223141535e+00 -5.101774410841413143e-01 -4.119189580081334956e-01
-2.599401471194400237e+00 -9.782063787911753350e-01 -8.130908360251560829e-01
-3.735843228979625508e+00 -1.470180315188770459e+00 -1.232701474409518605e+00
-4.723683020036295588e+00 -1.920674905488122253e+00 -1.611481886536394459e+00
-5.421698757724421114e+00 -2.261101962187698433e+00 -1.889706522991087212e+00
-5.831963826011865137e+00 -2.486722254937944854e+00 -2.066923218027982401e+00
-5.956676891462230117e+00 -2.592832542273465268e+00 -2.142469685175683480e+00
-5.798138224148011055e+00 -2.574790509938909455e+00 -2.115512069874003309e+00
-5.358725362940348624e+00 -2.428039938889916982e+00 -1.985081682635283062e+00
-4.640868044797714198e+00 -2.148136067598928722e+00 -1.750109953061444346e+00
-3.647022595899736430e+00 -1.730770680292877728e+00 -1.409461521960366781e+00
-2.379645472717902610e+00 -1.171797325819751379e+00 -9.619657934037278979e-01
-8.411659697798916646e-01 -4.672565224578293375e-01 -4.064470779682163859e-01
7.440706939044914314e-01 2.808842377436184257e-01 1.756100666090257834e-01
2.154283262582180836e+00 9.661433868769030431e-01 7.015267812550566306e-01
3.390950377966819307e+00 1.585596782141876160e+00 1.170631230125638300e+00
4.455575991212084475e+00 2.136391017291545680e+00 1.582212039855468433e+00
5.349673876288615126e+00 2.615758037617130771e+00 1.935536942416436812e+00
6.074739814236715496e+00 3.021040821384743502e+00 2.229887842271558007e+00
6.632189609021447829e+00 3.349750743980592915e+00 2.464640082337065774e+00
7.023369281841969958e+00 3.599555830836149717e+00 2.639233261165990996e+00
7.249566172732588853e+00 3.768267188983327909e+00 2.753147050156333986e+00
7.312011676207447408e+00 3.853833006626876667e+00 2.805891552274851097e+00
7.162183759851426856e+00 3.825221727777972536e+00 2.776369380860394198e+00
6.752028242731185514e+00 3.650840532009386408e+00 2.643222213950908728e+00
6.083377746927249419e+00 3.328040378848674763e+00 2.405591532960518641e+00
5.157988222539027667e+00 2.854356868343827625e+00 2.062621014603511771e+00
3.977543638487079924e+00 2.227498186370435729e+00 1.613451991626024373e+00
2.543660840002564871e+00 1.445332785793118635e+00 1.057220140994888702e+00
8.578945402053634872e-01 5.058769004024393778e-01 3.930532605374573718e-01
-1.078257637101483146e+00 -5.927179459456759503e-01 -3.799299806006063429e-01
-3.263349791649777565e+00 -1.852177826652447790e+00 -1.262620521736151469e+00
-5.695982106321516802e+00 -3.274119584495529534e+00 -2.255918712280719163e+00
-7.972547259153149213e+00 -4.625814789164064855e+00 -3.202976589701060472e+00
-9.692786081585495594e+00 -5.669978489602122806e+00 -3.945159501380064437e+00
-1.086026587968294166e+01 -6.401553591671046206e+00 -4.480685582937717015e+00
-1.147843815260949540e+01 -6.815773939987576746e+00 -4.807756011143603736e+00
-1.155064736873547737e+01 -6.908141873400201582e+00 -4.924553574784839682e+00
-1.108014026357077064e+01 -6.674405129863522745e+00 -4.829242634535064305e+00
-1.007007571331390317e+01 -6.110533070203755024e+00 -4.519970308834986739e+00
-8.523534374473705100e+00 -5.212693259360406728e+00 -3.994869209836553914e+00
-6.443528991598178379e+00 -3.977227228214488264e+00 -3.252061154230864837e+00
-3.833015321430493838e+00 -2.400625494404839522e+00 -2.289661811771835698e+00
-1.096244619790248898e+00 -7.311962313529851709e-01 -1.249253174481340434e+00
1.365788048897059737e+00 7.786142996681395534e-01 -2.743550013837436907e-01
3.554989872938703499e+00 2.126161116644258886e+00 6.340173784819042035e-01
5.473173055313479196e+00 3.308986938499988817e+00 1.474856226417863736e+00
7.122050882669843652e+00 4.324819927122643293e+00 2.247168693047681742e+00
8.503242994526010179e+00 5.171560795782131237e+00 2.949976639670758516e+00
9.618321458910692456e+00 5.847220482601596103e+00 3.582291138174737988e+00
1.046881716104224402e+01 6.349901860893292671e+00 4.143129591137268086e+00
1.105620693345727368e+01 6.677808137343370198e+00 4.631534624057071170e+00
1.138190359021795750e+01 6.829248826483887314e+00 5.046586857785760216e+00
1.149948942289425524e+01 6.848138427090615821e+00 5.367695834957048717e+00
1.146211497304826032e+01 6.779008868541833266e+00 5.574567422508726722e+00
1.127052793555749055e+01 6.621126358829514835e+00 5.666762701732515062e+00
1.092550754212025410e+01 6.373702399019316900e+00 5.643851730044838533e+00
1.042784530594045478e+01 6.035915784690200070e+00 5.505423041806624340e+00
9.778325492552031761e+00 5.606934633420094016e+00 5.251092847896224214e+00
8.977705355591353964e+00 5.085938491335728173e+00 4.880513829784276503e+00
8.026695181235576015e+00 4.472140623046684915e+00 4.393383385604259672e+00
6.925938188167966025e+00 3.764810461364209715e+00 3.789451341036469856e+00
5.675990333376651265e+00 2.963296255379791688e+00 3.068527082208837520e+00
4.422262947800678745e+00 2.167157205976489198e+00 2.336972522151129716e+00
3.309207401989697761e+00 1.477009583628781098e+00 1.701472471269931397e+00
2.335913024330275700e+00 8.938382538778973929e-01 1.162330600608375342e+00
1.501547234112556639e+00 4.185822756213505857e-01 7.197968296160276447e-01
8.053717595028742071e-01 5.211618982344330686e-02 3.740676819472058545e-01
2.467587839604524491e-01 -2.047688958188795816e-01 1.252871839113032237e-01
-1.747930290997037894e-01 -3.513844190225799413e-01 -2.645175331188178575e-02
-4.596426671107609052e-01 -3.871636728330656307e-01 -8.110555672755856427e-02
-6.079910882768019276e-01 -3.116813245068538740e-01 -3.867794207141803109e-02
-6.198657830182213724e-01 -1.246731267856332759e-01 1.007822930471075212e-01
-6.232492965617290048e-01 6.740994852196796616e-02 2.444407431769815842e-01
-7.461880132184086634e-01 1.579872436012527970e-01 2.997097649827430432e-01
-9.888010460305963756e-01 1.471210744218348909e-01 2.669282569422771756e-01
-1.351397926718556963e+00 3.505552598585178620e-02 1.464998424590712722e-01
-1.834491126256400095e+00 -1.777651773666181767e-01 -6.110915059903887503e-02
-2.438806091526027231e+00 -4.906800334909463546e-01 -3.553825095296549996e-01
-3.165268997572179277e+00 -9.028188842486313259e-01 -7.358003941922921509e-01
-4.014979563269878149e+00 -1.413131309564723326e+00 -1.201824251092218354e+00
-4.989191337066009702e+00 -2.020406086277982904e+00 -1.752887509320314452e+00
-6.089292899491297817e+00 -2.723288948077490446e+00 -2.388394937484198177e+00
-7.032176292780166982e+00 -3.348432728966392879e+00 -2.958356102909006413e+00
-7.532270479700795107e+00 -3.725364104238523044e+00 -3.314205992502428977e+00
-7.587078496254527238e+00 -3.857331340606156900e+00 -3.457652593148262454e+00
-7.193761729033457009e+00 -3.748061390587136721e+00 -3.390629592659644587e+00
-6.349187693336973304e+00 -3.401715141016759425e+00 -3.115269848329157654e+00
-5.049977457549877258e+00 -2.822842926899982618e+00 -2.633877688261161865e+00
-3.292552563429066659e+00 -2.016340321690112347e+00 -1.948899732965524212e+00
-1.073181341598067551e+00 -9.874041412264679130e-01 -1.062893974380217710e+00
1.611975564234689129e+00 2.585112246475628206e-01 2.150310273589878252e-02
4.766820568720380180e+00 1.715737186427996441e+00 1.301611519448557353e+00
7.769616433395281518e+00 3.084346498550550653e+00 2.515512330224922266e+00
9.992303795455347526e+00 4.073674174782752289e+00 3.405901092524240337e+00
1.142920372586756805e+01 4.692175735478553378e+00 3.977139811498809685e+00
1.207450978215268478e+01 4.948728951577947122e+00 4.233698957336012647e+00
1.192235551166900365e+01 4.852567017906801006e+00 4.180084467262159542e+00
1.096688016432552892e+01 4.413211976772764444e+00 3.820760986175742779e+00
9.202292560736383464e+00 3.640408240988426414e+00 3.160071390784832346e+00
6.622932826582326626e+00 2.544056531239003327e+00 2.202152927374949609e+00
3.223332391359746918e+00 1.134147344936470292e+00 9.508498716046016597e-01
-1.001727680360536610e+00 -5.793063255739984152e-01 -5.903770304101044752e-01
-5.242366627664007517e+00 -2.257426852320969957e+00 -2.117142154515991415e+00
-8.681376064899179568e+00 -3.574577262036491287e+00 -3.330296218372740036e+00
-1.131287228502508313e+01 -4.540702517580341713e+00 -4.234375516283300556e+00
-1.313119592593618457e+01 -5.165803167910257621e+00 -4.833585969632236079e+00
-1.413096872921737912e+01 -5.459866171972280746e+00 -5.131708497400389923e+00
-1.430716394324731766e+01 -5.432783273841263139e+00 -5.131971987435397509e+00
-1.365519874090291808e+01 -5.094252265203202512e+00 -4.836871812868510645e+00
-1.217090841876479956e+01 -4.453760131355249285e+00 -4.248223658139703929e+00
-9.850534213167929209e+00 -3.520550649643649610e+00 -3.367201692041324357e+00
-6.690724361983197532e+00 -2.303579104043066650e+00 -2.194354504925734695e+00
-3.253435925403434403e+00 -1.042102293609587838e+00 -9.642047308498084002e-01
-1.044286057443360172e-01 3.233710487563626335e-02 9.033045810387377306e-02
2.753786215838725404e+00 9.225010612977310176e-01 9.714417574692643109e-01
5.318901127898983283e+00 1.631026622469379239e+00 1.681148953337023855e+00
7.588810615753198263e+00 2.160427447485406827e+00 2.221293183173075114e+00
9.561609158196528568e+00 2.513094315917725474e+00 2.593530552356063446e+00
1.123558946379697154e+01 2.691294791689237798e+00 2.799327041543469896e+00
1.260924094815684882e+01 2.697171897257275575e+00 2.839954460538465675e+00
1.368124834647321464e+01 2.532742092804066480e+00 2.716487431843736200e+00
1.445049042417007001e+01 2.199892742378966926e+00 2.429801332375171263e+00
1.487237088972182875e+01 1.789341213107352280e+00 2.074206273491828512e+00
1.490313828217562708e+01 1.394732808069645946e+00 1.741183468295982806e+00
1.454312641613760348e+01 1.022019191309370356e+00 1.427037715089971570e+00
1.379272158600697651e+01 6.767991324663413799e-01 1.127886533083258369e+00
1.265235472283469775e+01 3.642610109296985921e-01 8.397229863310571307e-01
1.112249154950101371e+01 8.912769820411667321e-02 5.584806726585407333e-01
9.203620927082990733e+00 -1.443961964863749725e-01 2.801005730876389155e-01
6.896241617028377568e+00 -3.326754205046645874e-01 5.989432162205599042e-04
4.200847625398200336e+00 -4.726927114661605422e-01 -2.838634291960279721e-01
1.117912467797048670e+00 -5.620952837469433971e-01 -5.769110804113377622e-01
-1.853088650904864743e+00 -6.025913116397492164e-01 -8.536731356564098983e-01
-4.213063893321888465e+00 -6.013963698086123300e-01 -1.083790708131688429e+00
-5.962221568825551543e+00 -5.643310653225823703e-01 -1.262489113788576756e+00
-7.100854652805073108e+00 -4.963504838938370134e-01 -1.385110124566453216e+00
-7.629322179311660790e+00 -4.014857855876501347e-01 -1.447198039057109309e+00
-7.548029632690707480e+00 -2.827621950777344240e-01 -1.444595454526949485e+00
-6.857403527788895836e+00 -1.420891834932404008e-01 -1.373557275532662825e+00
-5.557870191968655504e+00 1.961494259955179342e-02 -1.230778822701515063e+00
-3.649841757355636762e+00 2.023111627922015987e-01 -1.013417779517601591e+00
-1.133704711490815420e+00 4.067530686283423180e-01 -7.191210359463295898e-01
1.509657392352275807e+00 6.134756184398963974e-01 -4.084629181366994932e-01
3.799726049399709371e+00 8.030331808499354684e-01 -1.448925849147809086e-01
5.736701439678167702e+00 9.763551247096219354e-01 6.943014310221096164e-02
7.320778401277645564e+00 1.133879659556639607e+00 2.325971115993555882e-01
8.552140095974795742e+00 1.275601117534542972e+00 3.429665990025830835e-01
9.430952521180763881e+00 1.401116464694989183e+00 3.991770953428364077e-01
9.957359708051530589e+00 1.509671066081597512e+00 4.001603251377253700e-01
1.013147945484643841e+01 1.600203796220193597e+00 3.451537659119376933e-01
9.953399478272144663e+00 1.671391516837418711e+00 2.337128290646531825e-01
9.423173880148526749e+00 1.721692978077018044e+00 6.572287226653561465e-02
8.616676549994496170e+00 1.732807211816053572e+00 -1.205797663358940675e-01
7.609900752363119913e+00 1.686721433426684014e+00 -2.867441117080141710e-01
6.403091486067221005e+00 1.582140607141432564e+00 -4.321677646474335610e-01
4.996537830584761863e+00 1.417731516717900542e+00 -5.560518261958562469e-01
3.390566561943426205e+00 1.192155084371554041e+00 -6.573873734677617708e-01
1.585535749931679783e+00 9.040985992961625417e-01 -7.349417209568482878e-01
-4.181716385221971310e-01 5.523078960549294703e-01 -7.872444312511390763e-01
-2.620154093638698001e+00 1.356195391774878689e-01 -8.125730471561321000e-01
-5.019997813837781209e+00 -3.470069571862237634e-01 -8.089385442835215212e-01
-7.617282784613649049e+00 -8.964568066578353367e-01 -7.740705082504663048e-01
-9.929431835501391745e+00 -1.401202188541986748e+00 -7.242416228380900156e-01
-1.147481464518934402e+01 -1.746280613005321447e+00 -6.794415401915525621e-01
-1.225438839544566072e+01 -1.927431262930929368e+00 -6.434544899387222294e-01
-1.226909615065139647e+01 -1.940685385518445161e+00 -6.210327903015309126e-01
-1.151985099019018577e+01 -1.782479571298634324e+00 -6.179448472721227326e-01
-1.000751515027486249e+01 -1.449795579272978641e+00 -6.410653174325811055e-01
-7.732877882151690585e+00 -9.403002813029207596e-01 -6.984684898003351572e-01
-4.696689651312656366e+00 -2.522354394089838525e-01 -7.991224509171047652e-01
-8.996793073011439823e-01 6.156283942429173761e-01 -9.526847364242735372e-01
3.657438271978889599e+00 1.664005736282442305e+00 -1.169348958505204150e+00
8.078518664993104892e+00 2.684687429187850416e+00 -1.411013775174003060e+00
1.146869696028118746e+01 3.466995893592086819e+00 -1.625414077919783207e+00
1.382916305231131204e+01 4.008107958761497613e+00 -1.801060714778108141e+00
1.516108393591987991e+01 4.305908909666839257e+00 -1.925634396582963870e+00
1.546560790932005958e+01 4.358973159595650237e+00 -1.986193236358646974e+00
1.474386470852309650e+01 4.166544595262115180e+00 -1.969380424868570234e+00
1.299696123667248315e+01 3.728516413228499804e+00 -1.861631946789661818e+00
1.022597260643415851e+01 3.045410488073125865e+00 -1.649384281381820250e+00
6.431928444543587808e+00 2.118355946267806544e+00 -1.319281964551821895e+00
1.615794456205243756e+00 9.490668666433007550e-01 -8.583849271707659767e-01
-3.229260074334269426e+00 -2.155919686133641322e-01 -3.637424529080124369e-01
-7.111483680988563982e+00 -1.130097164625107009e+00 5.049535905001678593e-02
-1.003214082808760921e+01 -1.794774475374761646e+00 3.713216637866880721e-01
-1.199241964676333083e+01 -2.210507144351407494e+00 5.860601463808927658e-01
-1.299340491610496962e+01 -2.378712712350839809e+00 6.825593823553024464e-01
-1.303604725049877899e+01 -2.301318978511674995e+00 6.493868003051121995e-01
-1.212112894443376554e+01 -1.980739153924311324e+00 4.760222572615866454e-01
-1.024922700491751648e+01 -1.419846429580094993e+00 1.530512237856354041e-01
-7.420674058744284984e+00 -6.219479029679627624e-01 -3.276423120497298225e-01
-3.635517898809967896e+00 4.092420217579528785e-01 -9.726831227310277495e-01
3.707124247266389006e-01 1.486025066595572985e+00 -1.676982109521703679e+00
3.862859416661775569e+00 2.424101962307257718e+00 -2.327236779966062041e+00
6.841625004241270958e+00 3.224759806749060154e+00 -2.916972439419861729e+00
9.307604901263843544e+00 3.889523726591342268e+00 -3.440399056548232970e+00
1.126126723182221134e+01 4.420142534433404435e+00 -3.892514442451145751e+00
1.270289714128032088e+01 4.818587177270875266e+00 -4.269295274106815086e+00
1.363245509541089184e+01 5.087082711527277645e+00 -4.568114577877162574e+00
1.404964825996526301e+01 5.228052367349071083e+00 -4.787576465924230362e+00
1.395398411015894702e+01 5.244057766570005441e+00 -4.927346635208273540e+00
1.334479864366403312e+01 5.137748553121036288e+00 -4.988047968752550076e+00
1.247311142244401516e+01 4.939002539533147385e+00 -4.970009177814207924e+00
1.158999448657593057e+01 4.676068396367784707e+00 -4.873305317831782446e+00
1.069469027174858411e+01 4.349154341046459926e+00 -4.698801378116902683e+00
9.786367897246867287e+00 3.958422825710414816e+00 -4.447316992285051285e+00
8.864145728277375014e+00 3.503990484020915730e+00 -4.119624237688531920e+00
7.927113686030804907e+00 2.985927867777002920e+00 -3.716445260916104054e+00
6.974355325107872261e+00 2.404258972885290557e+00 -3.238449672561038550e+00
6.004969711083679940e+00 1.758960522333214094e+00 -2.686251670962599203e+00
5.018093103762277352e+00 1.049961067788487190e+00 -2.060406851641673143e+00
4.012920472074894995e+00 2.771399179514495992e-01 -1.361408685251717321e+00
3.013317108511049280e+00 -4.967237425777727977e-01 -6.510905888879613412e-01
2.044079560073540858e+00 -1.209018478977353039e+00 9.006999081014765984e-03
1.105899889189875696e+00 -1.860158833032119263e+00 6.189463202639358119e-01
1.995123743457886123e-01 -2.450570245233794964e+00 1.178880907055306126e+00
-6.743223675799450145e-01 -2.980685932640787961e+00 1.689048421887678009e+00
-1.514833107057971473e+00 -3.450943635326772174e+00 2.149763242564011634e+00
-2.321253549681101980e+00 -3.861782253181923696e+00 2.561408782959011976e+00
-3.092837695613693594e+00 -4.213638378799133832e+00 2.924429567742545810e+00
-3.828874986793413093e+00 -4.506942746458207694e+00 3.239323079326314581e+00
-4.528705234887176800e+00 -4.742116631789889958e+00 3.506631391618108218e+00
-5.185510238328304489e+00 -4.916425342600914128e+00 3.721383879174450904e+00
-5.792522868796896596e+00 -5.027104649269117154e+00 3.878676564618047884e+00
-6.349293940775128320e+00 -5.074494799107343468e+00 3.979182180860045825e+00
-6.855504790666114623e+00 -5.058895802647930040e+00 4.023567387640530235e+00
-7.310984038287646314e+00 -4.980563060007162868e+00 4.012481289862076750e+00
-7.715764028967429411e+00 -4.839672787160139045e+00 3.946503653595036631e+00
-8.070205328247697096e+00 -4.636215823200121378e+00 3.825997439910390874e+00
-8.374859684521268832e+00 -4.370071536924291955e+00 3.651200036485056977e+00
-8.630414000937483010e+00 -4.041043516122806878e+00 3.422264412270033418e+00
-8.837675578550411970e+00 -3.648868217628453703e+00 3.139264570967458923e+00
-8.930448696516751994e+00 -3.245008205461739514e+00 2.838245798276274989e+00
-8.842032841776555685e+00 -2.880213340331118310e+00 2.555038607403814943e+00
-8.572505647374001114e+00 -2.552978637639281345e+00 2.289194243950197105e+00
-8.121872922566380382e+00 -2.261654925826767748e+00 2.040091854557172901e+00
-7.490078340448437899e+00 -2.004473238796629531e+00 1.806959286278507326e+00
-6.677012856526472362e+00 -1.779569243773476250e+00 1.588893798861629403e+00
-5.682523740450924343e+00 -1.585007727454762039e+00 1.384882716099047784e+00
-4.506423121293214429e+00 -1.418807133375322049e+00 1.193824057020681728e+00
-3.148495957014599611e+00 -1.278964196025000444e+00 1.014547147802664639e+00
-1.608507359089800692e+00 -1.163478674310556515e+00 8.458332363496368078e-01
-2.133570917022692415e-01 -1.063508091611878870e+00 6.994364061046219883e-01
7.100629435650145371e-01 -9.745462543314753479e-01 5.893149038963162445e-01
1.162067063219927032e+00 -9.011844252470511130e-01 5.177004510913980617e-01
1.143029177943953645e+00 -8.480540813585325521e-01 4.870067034405810569e-01
6.533767639513122782e-01 -8.197610913022587154e-01 4.997762894824643309e-01
-3.064169586213739138e-01 -8.208200017385280933e-01 5.586279266605220784e-01
-1.735842653184109130e+00 -8.555884566353239018e-01 6.662036267556985525e-01
-3.634366270573780255e+00 -9.282017765277391641e-01 8.251159903480140834e-01
-6.001442160528141834e+00 -1.042507742255303960e+00 1.037895558094023896e+00
-8.836527777958236740e+00 -1.202001606209973428e+00 1.306938204028236239e+00
-1.148354540010745595e+01 -1.366125796915052870e+00 1.566153814349325213e+00
-1.328741672577498356e+01 -1.486881829697641377e+00 1.744667491848636010e+00
-1.424909964463101630e+01 -1.556697025963774905e+00 1.837682717263178223e+00
-1.436954064792874419e+01 -1.568622187612970897e+00 1.840637434575836284e+00
-1.364964517940953925e+01 -1.516447403350889456e+00 1.749298409126212928e+00
-1.209024085865156373e+01 -1.394850838879085453e+00 1.559867686002344822e+00
-9.692035363575392637e+00 -1.199560930874371101e+00 1.269093951011385890e+00
-6.455619737586643758e+00 -9.272153909013062245e-01 8.742748318364856885e-01
-2.381461096917446785e+00 -5.752969645023594536e-01 3.732869106945918003e-01
2.530109374496776198e+00 -1.421087671227659333e-01 -2.353697283829240261e-01
7.299213555719767932e+00 2.905681040957824313e-01 -8.288374092833170614e-01
1.094689942198741939e+01 6.362647201600089009e-01 -1.280539305376994452e+00
1.347411897653596924e+01 8.898926177111901037e-01 -1.586459775630994606e+00
1.488163785724063537e+01 1.047474994096342371e+00 -1.743388407987705113e+00
1.517002118598820104e+01 1.106113155910396495e+00 -1.748979843921062205e+00
1.433962149406479725e+01 1.063952848612770730e+00 -1.601813927667581572e+00
1.239056879208730066e+01 9.201505002085563767e-01 -1.301456166752903654e+00
9.322762865178745528e+00 6.748394404149159476e-01 -8.485184610549831863e-01
5.135867882308086330e+00 3.290960993086879394e-01 -2.447201188552886597e-01
-1.706905783742131977e-01 -1.150937801862287890e-01 5.070508536876965344e-01
-5.487040375772581413e+00 -5.594295648604422633e-01 1.232378593897995644e+00
-9.702835304517865467e+00 -9.069290324680872040e-01 1.758993434076716822e+00
-1.281791025415397556e+01 -1.157619731082092374e+00 2.087130207426182604e+00
-1.483181998922923839e+01 -1.312431800610496913e+00 2.218161540941224974e+00
-1.574383769562738067e+01 -1.373163972898860941e+00 2.154658732111322639e+00
-1.555295627281967263e+01 -1.342449749407816473e+00 1.900452913130656674e+00
-1.425789251869694674e+01 -1.223723798110174510e+00 1.460696486601534394e+00
-1.185709436474619416e+01 -1.021188451189982915e+00 8.419249381803464161e-01
-8.348751338865660898e+00 -7.397804824831338832e-01 5.211889143294023974e-02
-3.730808438529865878e+00 -3.851382019272362456e-01 -8.992336212563646347e-01
9.544778875966168918e-01 -3.793440447416702305e-02 -1.812014935998249809e+00
4.662357185246506219e+00 2.275406714620225035e-01 -2.496418847098984983e+00
7.391187573120706844e+00 4.152044618657271258e-01 -2.958245611504437989e+00
9.139045407752970362e+00 5.295932315332322338e-01 -3.204637271792029729e+00
9.903740554737401780e+00 5.758326712450685392e-01 -3.244134019623126086e+00
9.682823649103180941e+00 5.596071709902927793e-01 -3.086767599827826114e+00
8.473584257905637074e+00 4.871272524730674292e-01 -2.744191794030520271e+00
6.273148232014475134e+00 3.651096950898969906e-01 -2.229463168695546393e+00
3.078556632349153332e+00 2.007533317893388791e-01 -1.556837290481546177e+00
-1.113170103784735243e+00 1.712457849673911653e-03 -7.415988645497185727e-01
-5.379729675773464947e+00 -1.771015704511093303e-01 -1.092131665969464649e-02
-8.794070586154992597e+00 -2.899201210292747244e-01 4.258034968696474687e-01
-1.135193562444107229e+01 -3.427967359539401127e-01 5.800787571379555363e-01
-1.304896879521565545e+01 -3.421946525756508484e-01 4.643294272913891518e-01
-1.388078555605770070e+01 -2.949687460853362975e-01 9.175527650318771045e-02
-1.384303896323281613e+01 -2.083465873841663651e-01 -5.238174231123011726e-01
-1.293148130096676951e+01 -8.990856355060562743e-02 -1.368085524158963784e+00
-1.114202084486277755e+01 5.243312235246525010e-02 -2.426419925634703212e+00
-8.470773475796143259e+00 2.104563968226640380e-01 -3.684017727437777889e+00
-4.914108942034613570e+00 3.756521754306109129e-01 -5.126055522455504665e+00
-1.260693111434099123e+00 5.085043709090264485e-01 -6.400552580343005005e+00
1.692739772497838135e+00 5.798713560649476628e-01 -7.173239036408589619e+00
3.937620411633504069e+00 5.968635423866952561e-01 -7.456059837145488700e+00
5.465637748131313423e+00 5.669331927481715550e-01 -7.261037433212764292e+00
6.268823019590754164e+00 4.978675607203521536e-01 -6.600142187653919912e+00
6.339629436502772108e+00 3.977808191231831936e-01 -5.485160608193839771e+00
5.671007556308993891e+00 2.751048828179560868e-01 -3.927561634646012045e+00
4.256476410749808537e+00 1.385792873395250702e-01 -1.938361380795389666e+00
2.090190766250884291e+00 -2.759715571923740396e-03 4.720135056845286559e-01
-8.329951993450479542e-01 -1.395906842252268576e-01 3.293863558791969126e+00
-3.843247194153669888e+00 -2.433229483355941469e-01 5.999518169583842209e+00
-6.260879436255279096e+00 -2.968803911883089452e-01 8.073784112102089239e+00
-8.076197285015510374e+00 -3.082812288251036148e-01 9.525902270973878316e+00
-9.280323833574465553e+00 -2.859113859854662820e-01 1.036453759452259327e+01
-9.865294323760126716e+00 -2.385228049143969242e-01 1.059765730856270594e+01
-9.824201968600231538e+00 -1.752563025539951025e-01 1.023235716611106128e+01
-9.151409321800551666e+00 -1.056953501517132188e-01 9.274613913785785257e+00
-7.842327397544396561e+00 -3.971682249466906844e-02 7.729458677087392537e+00
-5.893269575522228187e+00 1.262188854237034086e-02 5.601104372232572182e+00
-3.301361140277530470e+00 4.116904760744433123e-02 2.893025674543871606e+00
-5.733310207323349950e-01 4.036316543565706544e-02 9.998053220480465630e-02
1.779749408720489479e+00 1.548299801944771903e-02 -2.287821831213696644e+00
3.754172668593224849e+00 -2.725469787327594595e-02 -4.273838505749992578e+00
5.346832830729757902e+00 -8.150830477373505190e-02 -5.861036633949363583e+00
6.555166561321454921e+00 -1.408676363482954663e-01 -7.051942244453369035e+00
7.377094663146968045e+00 -1.989096859567073827e-01 -7.848689345006656382e+00
7.810963938698249898e+00 -2.492539043170372004e-01 -8.253069060100369114e+00
7.855489284652034776e+00 -2.856170952492523840e-01 -8.266578573292704846e+00
7.509695833683076138e+00 -3.018679684243903427e-01 -7.890469783684914695e+00
6.772861033561015986e+00 -2.920813815806188041e-01 -7.125797578860693982e+00
5.920493256777322522e+00 -2.679804060680537336e-01 -6.250743191821664269e+00
5.228873949665766574e+00 -2.468305296668031890e-01 -5.542442626571114417e+00
4.698489625765872368e+00 -2.311423778487664560e-01 -5.000303123384173709e+00
4.329738158527034031e+00 -2.233237391746672462e-01 -4.623800260506639503e+00
4.122953527443776522e+00 -2.256569431411554749e-01 -4.412458463010749732e+00
4.078430644469301924e+00 -2.402763720093245570e-01 -4.365831674284160080e+00
4.196450248519794535e+00 -2.691461211611180793e-01 -4.483484160704278132e+00
4.477303904008663515e+00 -3.140377680495111679e-01 -4.764971353425413447e+00
4.921319025350228138e+00 -3.765083184601977773e-01 -5.209820706989813033e+00
5.528883907663554531e+00 -4.578783338001931602e-01 -5.817512478023926015e+00
6.115523274511082796e+00 -5.423331802957409575e-01 -6.399336325684839011e+00
6.496302174925669526e+00 -6.117627181511821055e-01 -6.767233487647053458e+00
6.670923036818745544e+00 -6.640881189101288662e-01 -6.921673313243739578e+00
6.638979305562926925e+00 -6.975646194239493170e-01 -6.863216420000814999e+00
6.399923209069565466e+00 -7.108092318203222959e-01 -6.592540299349460398e+00
5.953008846118267527e+00 -7.028518882290578640e-01 -6.110487175229751600e+00
5.297208260980372785e+00 -6.732120815828481764e-01 -5.418135531586798059e+00
4.431317726106620114e+00 -6.217941712297578860e-01 -4.516707145509107235e+00
3.354006681040763826e+00 -5.488384224472888651e-01 -3.407525173344429614e+00
2.063838936575857819e+00 -4.548991158125145762e-01 -2.091996903789538287e+00
7.343042452332496639e-01 -3.539444880978689367e-01 -7.483530024781741563e-01
-4.597823541248770018e-01 -2.600935605013937613e-01 4.465005986623768464e-01
-1.517841354256948883e+00 -1.741514673809874403e-01 1.493164108745377971e+00
-2.439186077850843404e+00 -9.667138834969188355e-02 2.392332239469215693e+00
-3.223037454073144570e+00 -2.796983183771389880e-02 3.144781947403840316e+00
-3.868538910659531815e+00 3.185833301465312850e-02 3.751360247959738103e+00
-4.374771356104165676e+00 8.292511411873315641e-02 4.212972005630645000e+00
-4.740768232868488141e+00 1.255349399708217684e-01 4.530567610417104873e+00
-4.965530619346743002e+00 1.601705039368470640e-01 4.705130466102072084e+00
-5.048042361947587153e+00 1.874789095712451892e-01 4.737664225753894343e+00
-5.028118835555646093e+00 2.012282370094778394e-01 4.672426800616266362e+00
-4.945986241802561523e+00 1.949442493497609563e-01 4.553226341576960046e+00
-4.801242225901501293e+00 1.690640623799252729e-01 4.380394802879022720e+00
-4.593485788843164386e+00 1.240730032335632949e-01 4.154250299748488473e+00
-4.322322496226795430e+00 6.050004727376848135e-02 3.875093259639620591e+00
-3.987369703631360895e+00 -2.108668083165676777e-02 3.543202391857361633e+00
-3.588261797549733512e+00 -1.200843564456264556e-01 3.158830470484230712e+00
-3.124655442926202564e+00 -2.358597919071432902e-01 2.722199941049587846e+00
-2.596234855095362448e+00 -3.677537762642866248e-01 2.233498340131905735e+00
-2.002717096061505941e+00 -5.150854215051722251e-01 1.692873535195003942e+00
-1.469142341956212849e+00 -6.697156175140455137e-01 1.178018613821422811e+00
-1.121094260575214774e+00 -8.247864665639427217e-01 7.658899206973668328e-01
-9.590783733581960124e-01 -9.816332099568453318e-01 4.555977217243197819e-01
-9.835181839737594522e-01 -1.141730567499459559e+00 2.464026384428386618e-01
-1.194743485209576184e+00 -1.306687075665499131e+00 1.377368946395070848e-01
-1.592983599340938028e+00 -1.478234656562273708e+00 1.292142665251121980e-01
-2.178377959367534533e+00 -1.658196655945497033e+00 2.205942612524502133e-01
-2.950971291559255416e+00 -1.848468429131148616e+00 4.117801170661857246e-01
-3.910720051680181886e+00 -2.051000432684750407e+00 7.028061598651000885e-01
-5.057503599042160403e+00 -2.267778910703584394e+00 1.093816860859965434e+00
-6.159556927258925008e+00 -2.432384182668629879e+00 1.536609979582923335e+00
-6.985896721297359058e+00 -2.475438257662844865e+00 1.983183586944433641e+00
-7.537629588009886028e+00 -2.394360128254511721e+00 2.433837214240095914e+00
-7.815963260515466970e+00 -2.186402872221712812e+00 2.888612272015720350e+00
-7.822189557757958767e+00 -1.848697506823394621e+00 3.347335294059231359e+00
-7.557666667914654468e+00 -1.378296673504178615e+00 3.809661262938403681e+00
-7.023800626881884668e+00 -7.722180348206948430e-01 4.275117048052902824e+00
-6.222025897158651730e+00 -2.748732898636541133e-02 4.743144970657189319e+00
-5.153784991375598423e+00 8.588190327315654571e-01 5.213146538397147367e+00
-3.820507112248427983e+00 1.889531879440595752e+00 5.684526358488185771e+00
-2.480245977246883005e+00 2.838886604824744975e+00 6.007884674444880169e+00
-1.388118060874802495e+00 3.477269994106608308e+00 6.034588809892695416e+00
-5.411237316919789153e-01 3.801646664091260508e+00 5.765294326621292598e+00
6.371294758735579489e-02 3.809027955421735001e+00 5.200698913529902434e+00
4.293263840669291898e-01 3.496538466803739365e+00 4.341482825696457049e+00
5.585904772967211773e-01 2.861481845749232811e+00 3.188249270715948658e+00
4.542986355043270308e-01 1.901405866945878431e+00 1.741464758312741168e+00
1.191429525403945727e-01 6.141668388272960577e-01 1.399469430621053112e-03
-4.443071815998465013e-01 -1.002006526425917032e+00 -2.031932355790972533e+00
-1.233626766665848251e+00 -2.948449664653418179e+00 -4.358831963362549189e+00
-2.049222664576133557e+00 -4.869089384719636371e+00 -6.605813785606261312e+00
-2.695237897889663170e+00 -6.405685814255711819e+00 -8.399506006994434060e+00
-3.174887358613468713e+00 -7.556200567436710536e+00 -9.740471256282370760e+00
-3.491268814611221849e+00 -8.318984927496936521e+00 -1.062899845013059874e+01
-3.647350123604250705e+00 -8.692848111514607012e+00 -1.106504561994331048e+01
-3.645953575661286639e+00 -8.677176933138936121e+00 -1.104814395427140639e+01
-3.489736838436114930e+00 -8.272141301808186853e+00 -1.057723794475278112e+01
-3.181207785884894612e+00 -7.478521010681748571e+00 -9.650818268802744626e+00
-2.722739356168338620e+00 -6.297597664096393544e+00 -8.267007249277734005e+00
-2.116581975229272050e+00 -4.731096676882419416e+00 -6.423606676654474157e+00
-1.462814410608845872e+00 -3.041667433059776826e+00 -4.412073061000173269e+00
-8.594760021753642398e-01 -1.490951604288817789e+00 -2.525434313251922802e+00
-3.057377209414995356e-01 -7.932882503456750722e-02 -7.637901828731643583e-01
1.991620530797849065e-01 1.193014527939915137e+00 8.726020433245483821e-01
6.559258487344387101e-01 2.326068791498726362e+00 2.383343070820108434e+00
1.065205540185535593e+00 3.319984650415526595e+00 3.767907099822386474e+00
1.427610801540728058e+00 4.175056894162221255e+00 5.025657284500112176e+00
1.743717451843773469e+00 4.891708254459551597e+00 6.155861138397075827e+00
2.014075616101493882e+00 5.470473282369499479e+00 7.157705869889803729e+00
2.239217641181214358e+00 5.911982229807164479e+00 8.030313630786208634e+00
2.398067379219864126e+00 6.190281468010708998e+00 8.682261809929052276e+00
2.470214132018607511e+00 6.280129436960670830e+00 9.021743636592949755e+00
2.457158994317556466e+00 6.183326621053081062e+00 9.047262432493612394e+00
2.360369715301654292e+00 5.901698122233042909e+00 8.757336280395064065e+00
2.181272895527113675e+00 5.437057750320285265e+00 8.150520879976696165e+00
1.921245479810797407e+00 4.791172153235796927e+00 7.225431899053260665e+00
1.581605598160014114e+00 3.965724977189471812e+00 5.980766834444454005e+00
1.163602812663791397e+00 2.962281056101836896e+00 4.415326406139662652e+00
6.684078987733168553e-01 1.782250605089555240e+00 2.528035522605243113e+00
9.710228182453291279e-02 4.268534077873213373e-01 3.179638640066418387e-01
-4.795241180473269194e-01 -9.466524691484514697e-01 -1.893411710951313331e+00
-9.923267500518537787e-01 -2.183045249851772507e+00 -3.783215610914194116e+00
-1.442667117813262845e+00 -3.284285777236321646e+00 -5.350219683635768497e+00
-1.831751482026573896e+00 -4.252240098036080163e+00 -6.593251072026198756e+00
-2.160610926330333470e+00 -5.088646810748501892e+00 -7.511206536356746177e+00
-2.430082640362484003e+00 -5.795050841325801727e+00 -8.103090068075836427e+00
-2.640811288213389396e+00 -6.372655650003642869e+00 -8.368115183284812630e+00
-2.793269265999104967e+00 -6.822394954441478809e+00 -8.305665606740618045e+00
-2.887769729995950829e+00 -7.144993377432774295e+00 -7.915260481756184241e+00
-2.924478780728064997e+00 -7.341000663683724170e+00 -7.196537479136482673e+00
-2.934814213746327560e+00 -7.407279519711934768e+00 -6.301603212513091634e+00
-2.950424861479535643e+00 -7.340344504234446177e+00 -5.382574855426220495e+00
-2.971822161973364018e+00 -7.140136332648792106e+00 -4.439194089481654615e+00
-2.999639589584417898e+00 -6.806628995881489175e+00 -3.471212145496485046e+00
-3.034614424142627165e+00 -6.339831726478916352e+00 -2.478379137176705438e+00
-3.077569479335702241e+00 -5.739790880576407517e+00 -1.460433402396184910e+00
-3.129394784812548291e+00 -5.006591682815051847e+00 -4.170908944820446163e-01
-3.191029211997529202e+00 -4.140359794459336662e+00 6.519653034271595260e-01
-3.263442065766307021e+00 -3.141262691356990988e+00 1.747095351270881114e+00
-3.347614645537805966e+00 -2.009510826533889016e+00 2.868712876432188530e+00
-3.371843338637508403e+00 -8.440560201491125181e-01 3.923866483473637867e+00
-3.263816069625687710e+00 2.572767854757443962e-01 4.818902446940690254e+00
-3.023609171710941901e+00 1.295943740748267681e+00 5.553217303211740230e+00
-2.651310199070204376e+00 2.273411180818799338e+00 6.126204737416239610e+00
-2.147011837725969041e+00 3.191148536529507140e+00 6.537263870868150306e+00
-1.510805438855479910e+00 4.050621332952761833e+00 6.785807610748952889e+00
-7.427741799133205092e-01 4.853284273327924225e+00 6.871271048358720712e+00
1.570141264512371349e-01 5.600574382671172025e+00 6.793119904560583677e+00
1.188514583066632824e+00 6.293904198641424586e+00 6.550859023147299176e+00
2.351713095451849256e+00 6.934654989559325244e+00 6.144040899801828992e+00
3.421649962603681150e+00 7.436939912777544848e+00 5.643275845553080927e+00
4.174488972659124997e+00 7.712503199629518136e+00 5.119730322262379119e+00
4.611796143777874946e+00 7.759344716003626630e+00 4.573651320397635445e+00
4.734956311142352270e+00 7.575779498290983405e+00 4.004999387542472533e+00
4.545136115355487227e+00 7.160487137287671722e+00 3.413402266137274044e+00
4.043227217588081679e+00 6.512588807624883458e+00 2.798074881780921785e+00
3.229768279208480752e+00 5.631733085725844745e+00 2.157711950144729496e+00
2.105022505601692462e+00 4.517951683451553180e+00 1.490657398530474520e+00
6.690144580653886175e-01 3.171601173401965568e+00 7.949883105961026430e-01
-1.078454116858837297e+00 1.593339537525387373e+00 6.855864562491870151e-02
-2.783861013160627618e+00 5.286943493767985031e-02 -6.024895286737694811e-01
-4.093840275148298957e+00 -1.180765340460073975e+00 -1.129520728627843251e+00
-5.008778243114448969e+00 -2.108085129470925523e+00 -1.510790316767752994e+00
-5.528807510039243311e+00 -2.730105553086557890e+00 -1.744210795421659022e+00
-5.653829674961831309e+00 -3.048286349355949110e+00 -1.827408935106477950e+00
-5.383538773276273837e+00 -3.064479595159033121e+00 -1.757782069666535163e+00
-4.717445199803313116e+00 -2.780877171166354689e+00 -1.532553436626959309e+00
-3.654899924655455212e+00 -2.199957396851390801e+00 -1.148826473444802820e+00
-2.195118859875364592e+00 -1.324430712347813843e+00 -6.036380025343619504e-01
-3.372072213651609585e-01 -1.571843619378963941e-01 1.059897353727123348e-01
1.488367891907572682e+00 1.015930673193110145e+00 8.149634009336840235e-01
2.850082730890387772e+00 1.912840480225922901e+00 1.354435019350693992e+00
3.747282165196391013e+00 2.536436337629472515e+00 1.721677571591625266e+00
4.179235292247581945e+00 2.889808507920775593e+00 1.913910570926343757e+00
4.145157813892748955e+00 2.976181711975212529e+00 1.928344629538513599e+00
3.644233974517362640e+00 2.798849670136782652e+00 1.762224838406607486e+00
2.675637945413471996e+00 2.361108783128936572e+00 1.412873055642631881e+00
1.238554538912628011e+00 1.666191098578969632e+00 8.777291824768970185e-01
-6.678008238848511802e-01 7.171966082636184181e-01 1.543916686090055779e-01
-3.044162970455951633e+00 -4.829749843202479354e-01 -7.593425483477251881e-01
-5.344427112231590726e+00 -1.655881467309574084e+00 -1.656765550210641980e+00
-7.021413761119958963e+00 -2.527847740044232960e+00 -2.327610157444652828e+00
-8.074256717102796799e+00 -3.103188145138113363e+00 -2.768682068956000109e+00
-8.502165067060367676e+00 -3.385964847130650046e+00 -2.976966181328395855e+00
-8.304443426583612009e+00 -3.379898856764390391e+00 -2.949670221450024776e+00
-7.480515388207323646e+00 -3.088257228778163554e+00 -2.684283826190461575e+00
-6.029947761929761008e+00 -2.513729303278595673e+00 -2.178646739991427772e+00
-3.952431864215829815e+00 -1.658529095679926124e+00 -1.430873190490659974e+00
-1.247771876167095950e+00 -5.244586464329128450e-01 -4.392980440464818170e-01
2.084121699808036521e+00 8.870544990874745794e-01 7.975594946564935617e-01
5.407519812977711560e+00 2.296572733042184122e+00 2.040684442890368988e+00
8.086427676453274316e+00 3.427341161173977024e+00 3.048688245882722025e+00
1.012052931993532390e+01 4.281888771084749301e+00 3.819516672294374970e+00
1.150962007699944678e+01 4.862350890470930054e+00 4.351287392076755189e+00
1.225360052444770176e+01 5.170506840416606131e+00 4.642256876593322978e+00
1.235247073432279485e+01 5.207817864072474379e+00 4.690787906484986891e+00
1.180632487384290030e+01 4.975465216859413786e+00 4.495317481061830378e+00
1.061534619630571541e+01 4.474388234143254373e+00 4.054325011265982326e+00
8.779802444837866204e+00 3.705322371488118272e+00 3.366300566028950669e+00
6.300041698529553535e+00 2.668837144127659045e+00 2.429713030253489947e+00
3.660722726969550145e+00 1.567961063459630822e+00 1.427636724542335811e+00
1.346211651536624920e+00 6.049544784654500296e-01 5.446657082029850994e-01
-6.435157115909031500e-01 -2.207591642972462631e-01 -2.184869734123451313e-01
-2.308525645181419783e+00 -9.096508976269747082e-01 -8.611169887756164876e-01
-3.648924607066160952e+00 -1.462105151637930645e+00 -1.382512545395153669e+00
-4.664857559435930057e+00 -1.878438565511114433e+00 -1.781938037118663942e+00
-5.356506560901527436e+00 -2.158918708672644904e+00 -2.058617458484556906e+00
-5.724089640287904679e+00 -2.303782586850730230e+00 -2.211717669844883272e+00
-5.767859955595977972e+00 -2.313255008161267501e+00 -2.240331440081908987e+00
-5.488105243747391171e+00 -2.187566853722505478e+00 -2.143460236306380384e+00
-5.142228906630173846e+00 -2.027744974963485713e+00 -2.016608052505127091e+00
-4.987297082431468631e+00 -1.934452214083484778e+00 -1.956562336172522620e+00
-5.023101674214675683e+00 -1.907376402372539026e+00 -1.964219662849306491e+00
-5.249413534140588311e+00 -1.946180981961541656e+00 -2.040548203209531231e+00
-5.665982181437066778e+00 -2.050495289446471858e+00 -2.186595847756106714e+00
-6.272539056374111688e+00 -2.219904752057812125e+00 -2.403488736452199070e+00
-7.068811276686544964e+00 -2.453940009769889130e+00 -2.692402346460198714e+00
-8.054518658197382663e+00 -2.752064515405598932e+00 -3.054576726128554132e+00
-9.229376452487771942e+00 -3.113663159922790857e+00 -3.491316398217555239e+00
-1.059310124374431972e+01 -3.538031053455273689e+00 -4.003982000137890296e+00
-1.180228122688864723e+01 -3.909195941962264165e+00 -4.465163167642092645e+00
-1.251422862234996991e+01 -4.112411405924003560e+00 -4.744345282652715490e+00
-1.272978745317971772e+01 -4.148898355089023049e+00 -4.838160010308361514e+00
-1.244979958520577235e+01 -4.020102863760648404e+00 -4.743094933367149935e+00
-1.167508980251002093e+01 -3.727725648178285223e+00 -4.455514296750986425e+00
-1.040645108804597818e+01 -3.273751626783648394e+00 -3.971679281923881089e+00
-8.644630175220605395e+00 -2.660479540166425849e+00 -3.287767792250611443e+00
-6.390313471612542706e+00 -1.890551597540319317e+00 -2.399893670723134420e+00
-3.644113389768609323e+00 -9.669831786123437301e-01 -1.304125416931153358e+00
-4.065551819978529546e-01 1.068074128539932555e-01 3.495640189661849973e-03
2.752381778525682332e+00 1.142675932140163830e+00 1.296395820462300952e+00
5.263704407892543458e+00 1.956670877162949074e+00 2.342108502427770134e+00
7.128392849709254797e+00 2.551692817841986649e+00 3.135709126309540018e+00
8.347328860515553117e+00 2.931132711297320448e+00 3.672212127700127837e+00
8.921279082838777796e+00 3.098910758913319796e+00 3.946594243523634304e+00
8.850879308116434530e+00 3.059515414191885885e+00 3.953817001898954686e+00
8.136619885311533906e+00 2.818042582045823696e+00 3.688848341889952920e+00
6.778832667197032258e+00 2.380234836570090273e+00 3.146682971074476143e+00
4.777679468547495034e+00 1.752520905774484161e+00 2.322361717255319036e+00
2.133142235466599423e+00 9.420554731564168005e-01 1.210989797624546505e+00
-6.091598058118092851e-01 1.200396132801639787e-01 4.373093014458656613e-02
-2.903720218105322104e+00 -5.496428304542491095e-01 -9.426474371926232276e-01
-4.750838865691625834e+00 -1.070614289869419311e+00 -1.744625315095493789e+00
-6.150690866527186884e+00 -1.446987238973638679e+00 -2.358722834224288967e+00
-7.103321377476364162e+00 -1.683392180574321495e+00 -2.781511927245197580e+00
-7.608629102421054391e+00 -1.785043578739343273e+00 -3.009637393379202663e+00
-7.666326903523504654e+00 -1.757884222723758549e+00 -3.039856999799902759e+00
-7.276006637205438388e+00 -1.608447886951001715e+00 -2.869000449956812027e+00
-6.437202655038102073e+00 -1.343728030614238067e+00 -2.493930941285610992e+00
-5.149442175276619516e+00 -9.710761274915444830e-01 -1.911517197243590704e+00
-3.752939237484102630e+00 -5.809440257952065423e-01 -1.269111050100139249e+00
-2.588339918984043475e+00 -2.564924846188820218e-01 -7.173108537029979637e-01
-1.655836882765951756e+00 5.829975793984039367e-03 -2.578257587962367037e-01
-9.556226964470518892e-01 2.097562280024136139e-01 1.076370280188094219e-01
-4.878687242252551237e-01 3.591460674090581895e-01 3.773602748843118970e-01
-2.527060427384087982e-01 4.579313254338089889e-01 5.496059231212283569e-01
-2.502084603193182599e-01 5.100606101062192810e-01 6.226054581923519127e-01
-4.803777179258096885e-01 5.194437506034452756e-01 5.945514527290715057e-01
-9.431308475671648095e-01 4.898960234957584481e-01 4.635902636456273873e-01
-1.638289627909632618e+00 4.250822248820734783e-01 2.278158231635175612e-01
-2.260131479286114242e+00 3.664003722860313950e-01 2.423685759284421870e-03
-2.503424839773683352e+00 3.484890211061710819e-01 -9.383971506940269602e-02
-2.368768978055177943e+00 3.649865001347191162e-01 -5.753097685328789623e-02
-1.856921012974373175e+00 4.099511500586595636e-01 1.148840201667531424e-01
-9.687947686978702899e-01 4.779538910658243656e-01 4.270329216429456509e-01
2.945427146890443604e-01 5.641701051088716667e-01 8.826384826095683422e-01
1.931876515026150321e+00 6.644706764349475048e-01 1.485519123078059112e+00
3.941850430167585628e+00 7.755120713144894040e-01 2.239588663587745110e+00
6.322974225676986748e+00 8.948254536385895630e-01 3.148855405508960814e+00
9.073630820182174261e+00 1.020904739058856814e+00 4.217420785519814252e+00
1.161845359745381145e+01 1.121446277648425749e+00 5.225258233644934691e+00
1.338482684761665631e+01 1.170999057628761442e+00 5.944408566342209710e+00
1.437535201561228426e+01 1.177823959081301108e+00 6.366983149160497568e+00
1.459290827551956760e+01 1.148325134955501481e+00 6.484898972011337470e+00
1.404064201045619065e+01 1.086871826140144659e+00 6.289881270821507719e+00
1.272198194830273721e+01 9.955224376992511948e-01 5.773437073950910658e+00
1.064067971152879721e+01 8.736816680573684657e-01 4.926808427634697729e+00
7.800690235934506056e+00 7.186235295781777666e-01 3.741168159358237766e+00
4.206106255661106630e+00 5.258005467627904217e-01 2.207747421414365530e+00
-1.388789188294080601e-01 2.890385181727131991e-01 3.179258490080406618e-01
-4.413115819126499417e+00 4.145205153290577871e-02 -1.577629833661335246e+00
-7.801130540424360049e+00 -1.790748933470230342e-01 -3.115872490991326682e+00
-1.030722873465736633e+01 -3.710256868904782679e-01 -4.286667192800647008e+00
-1.193586126038564110e+01 -5.308815995340990801e-01 -5.079986621082352549e+00
-1.269158415175735222e+01 -6.533446108349078019e-01 -5.486009498871681878e+00
-1.257901935305310204e+01 -7.315594366916646774e-01 -5.495214936059820587e+00
-1.160281488278387307e+01 -7.573343820595371811e-01 -5.098473034984937868e+00
-9.767603224239186588e+00 -7.213604051740385437e-01 -4.287132222477255006e+00
-7.077956947315646730e+00 -6.134283046932245131e-01 -3.053103629471044744e+00
-3.538340716771105843e+00 -4.226436712632351544e-01 -1.388942917378989561e+00
1.246172501239204838e-01 -1.848658910908744235e-01 3.613519854620994565e-01
3.189225457017170307e+00 5.266565989703650419e-02 1.844768384350099932e+00
5.658577454230532489e+00 2.836715426280780328e-01 3.055028534931147899e+00
7.535687351115655908e+00 5.013289771181105303e-01 3.986288000301643208e+00
8.823456957956373969e+00 6.984162896856200842e-01 4.633190418508680963e+00
9.524639472671376339e+00 8.674552589530089008e-01 4.990921467551464374e+00
9.641799594585478417e+00 1.000851202797084394e+00 5.055262374866309472e+00
9.177270005937478103e+00 1.091030291090210991e+00 4.822643508746610408e+00
8.133104356595755036e+00 1.130574219251464285e+00 4.290198351482174211e+00
6.511026950957807813e+00 1.112352125309525430e+00 3.455818282896078397e+00
4.797350301976256226e+00 1.062968778036117889e+00 2.563431638325374351e+00
3.476619597709937004e+00 1.017014597514726004e+00 1.859470729101303732e+00
2.547762062663732507e+00 9.794999891585399743e-01 1.345772879289814261e+00
2.009943758053870155e+00 9.551953872234246745e-01 1.023613461815694015e+00
1.862601937536203067e+00 9.485474245091312095e-01 8.936654220064372822e-01
2.105469717704751442e+00 9.636095660631056603e-01 9.559636215079813093e-01
2.738573218416047617e+00 1.004028592048030077e+00 1.209902419219956560e+00
3.762246058818937922e+00 1.073042660018390881e+00 1.654253601222476666e+00
5.177111151746428774e+00 1.173531263926086643e+00 2.287213513073652393e+00
6.984051396909269904e+00 1.308076875316924959e+00 3.106455559190755444e+00
8.763846568006615101e+00 1.442041674409763052e+00 3.912158877603161500e+00
1.009646440758984376e+01 1.536622601284730605e+00 4.507000274202745516e+00
1.098152154299688732e+01 1.588245009721886092e+00 4.892509710365933628e+00
1.141836251111843659e+01 1.593649390735011329e+00 5.070798445433021939e+00
1.140609537661326556e+01 1.549824758646001666e+00 5.044500655674664991e+00
1.094362848041538783e+01 1.453943352629446739e+00 4.816714755137074810e+00
1.002970799295056459e+01 1.303296823083534006e+00 4.390944174423269786e+00
8.662955914351178066e+00 1.095234338508697558e+00 3.771037460827172616e+00
6.841908352176087504e+00 8.271024040087540108e-01 2.961127443269278459e+00
4.565053838122689278e+00 4.961865391539206915e-01 1.965569358752905282e+00
2.296308278194596486e+00 1.735178585593865896e-01 9.863459535198799699e-01
5.011401501723543594e-01 -6.606688208708713650e-02 2.203763554378073419e-01
-8.195460737497192172e-01 -2.196610960176541560e-01 -3.356631128390804020e-01
-1.664781301161123883e+00 -2.843260901764786963e-01 -6.853456152415825509e-01
-2.033572948696555027e+00 -2.570329394367437681e-01 -8.324314334932081394e-01
-1.924945798059030322e+00 -1.346064386565995752e-01 -7.808045117440529648e-01
-1.337982477840110374e+00 8.632881249117360656e-02 -5.344079862018839000e-01
-2.718634277048749825e-01 4.093999750065179799e-01 -9.717897926446841805e-02
1.274093549129910130e+00 8.385354115129990404e-01 5.270173875674936115e-01
3.300394097472405974e+00 1.378012074688897526e+00 1.334454635350023732e+00
5.289574370801732428e+00 1.900557555347833771e+00 2.116624386567307337e+00
6.723637398253084818e+00 2.273172215972081744e+00 2.670123279140100170e+00
7.602221819569956907e+00 2.491533542710262505e+00 2.998917145213620739e+00
7.925201327541623542e+00 2.550900206143282833e+00 3.106799619694391001e+00
7.692732356569916163e+00 2.446061242264654823e+00 2.997319911034499018e+00
6.905315454280444243e+00 2.171262843465960213e+00 2.673695819076981728e+00
5.563862441837041040e+00 1.720126918125321147e+00 2.138718922958821267e+00
3.669637348467025717e+00 1.085798591960113413e+00 1.394800468960974094e+00
1.224223743094122518e+00 2.610444450383220261e-01 4.439930003343831588e-01
-1.770493078163028144e+00 -7.616784972082704108e-01 -7.120038667193778759e-01
-4.679816936766200364e+00 -1.774571314060908955e+00 -1.829206935806364509e+00
-6.871390503286163742e+00 -2.559102816010708548e+00 -2.666789803623406119e+00
-8.347009216471843018e+00 -3.106569437730776873e+00 -3.227743349621891689e+00
-9.108868904314260107e+00 -3.407853137231125373e+00 -3.514618632776480123e+00
-9.159539884563905332e+00 -3.453508571218403489e+00 -3.529533303611721351e+00
-8.501939653873385794e+00 -3.233849108705730391e+00 -3.274178350527191750e+00
-7.139304086033249064e+00 -2.739031698530056236e+00 -2.749824980646064621e+00
-5.075157123644014945e+00 -1.959140548934807713e+00 -1.957331399585161114e+00
-2.313278841085500748e+00 -8.842697538267959567e-01 -8.971494281783124469e-01
1.142328155088961461e+00 4.953951135043664911e-01 4.306691555110830349e-01
4.630570213957373227e+00 1.922564741049914039e+00 1.774071999740397088e+00
7.495007849779949716e+00 3.127616608629356865e+00 2.881666297002101196e+00
9.738690498993973321e+00 4.101747643620301531e+00 3.754434105150985523e+00
1.136488225479075354e+01 4.836190489038003193e+00 4.393006293710538301e+00
1.237703055523604334e+01 5.322283648995255412e+00 4.797667144378546134e+00
1.277873337080088589e+01 5.551540875834449551e+00 4.968358574059363875e+00
1.257370488665817909e+01 5.515719891730096691e+00 4.904683987268654732e+00
1.176573997137909977e+01 5.206889905099057358e+00 4.605911782803889132e+00
1.035867724333454909e+01 4.617498521526052002e+00 4.070978578038563889e+00
8.356360786005515351e+00 3.740438113290412314e+00 3.298492231055834445e+00
6.158805904864315117e+00 2.754342902032950846e+00 2.443089670963174420e+00
4.162623851555835586e+00 1.844378575530408293e+00 1.660427272978736823e+00
2.366504170667793172e+00 1.013548717409774591e+00 9.504803611265176810e-01
7.691075487650945730e-01 2.647610360996570100e-01 3.133347268513461681e-01
-6.309216548700787852e-01 -3.991938086478922787e-01 -2.508137476821796219e-01
-1.834941736476812801e+00 -9.756666528139641414e-01 -7.416567550515353879e-01
-2.844294670348443077e+00 -1.462196412728531847e+00 -1.158756279242579623e+00
-3.660290491305231875e+00 -1.856538199410758816e+00 -1.501543020507914772e+00
-4.284197323074439900e+00 -2.156664581556525295e+00 -1.769331757395710802e+00
-4.717231826516393944e+00 -2.360765034160553277e+00 -1.961337743604512962e+00
-4.948548214706177006e+00 -2.467647793945001666e+00 -2.070534377247353230e+00
-4.967209709700845188e+00 -2.476259292585863303e+00 -2.089866709422943281e+00
-4.774192351909698928e+00 -2.385336083671581786e+00 -2.018408306504016814e+00
-4.370386114768954222e+00 -2.193849258194485508e+00 -1.855201379828968156e+00
-3.756586190574770612e+00 -1.901001246052743010e+00 -1.599274890937896210e+00
-2.933484572007882374e+00 -1.506222206676142150e+00 -1.249662814070865657e+00
-1.901661952141926459e+00 -1.009166039421170113e+00 -8.054224750234877384e-01
-6.615799659916736797e-01 -4.097060616441701719e-01 -2.656528733020755983e-01
7.864262070932142024e-01 2.920696259698395969e-01 3.704870539506846527e-01
2.442154864095941846e+00 1.095863021868446641e+00 1.103760303908361662e+00
3.977283320746912931e+00 1.843356071865133616e+00 1.788491757197635090e+00
5.064552470210680113e+00 2.375774759973397376e+00 2.277195111445810216e+00
5.705229068702035278e+00 2.692310517363348588e+00 2.567904417816572415e+00
5.900310032520351022e+00 2.792607476461478999e+00 2.658783065096111731e+00
5.650508236663480233e+00 2.676751764156772406e+00 2.548161929887055699e+00
4.956239183646746760e+00 2.345260677708749686e+00 2.234576889937756050e+00
3.817608550241033960e+00 1.799071965769822423e+00 1.716805574051373462e+00
2.234400520714578509e+00 1.039533652778623640e+00 9.939032328832475560e-01
2.060670496154647924e-01 6.839436993481159965e-02 6.523761428791868822e-02
-2.268281945368027852e+00 -1.112205531656916158e+00 -1.069477268094623623e+00
-4.649721475885436384e+00 -2.245468365518878517e+00 -2.160681670999134774e+00
-6.398593189020427729e+00 -3.077152167320491571e+00 -2.957658214441355682e+00
-7.514665523568136329e+00 -3.609109569506705917e+00 -3.459031939877428741e+00
-7.997236521410119536e+00 -3.843742269671305500e+00 -3.663899291542534353e+00
-7.845122494881282549e+00 -3.783990330915327771e+00 -3.571871884792559015e+00
-7.056627728172999880e+00 -3.433345350942358376e+00 -3.183140017442302572e+00
-5.629504759338567865e+00 -2.795876824614753620e+00 -2.498545803620721095e+00
-3.561105309641482641e+00 -1.876056159565341996e+00 -1.519451092356529420e+00
-8.484958524490071596e-01 -6.786169780637588689e-01 -2.476414172422603810e-01
2.511451289672799181e+00 7.915607991547989331e-01 1.314745345232073204e+00
5.833239224143438761e+00 2.226351943275719059e+00 2.844502814541542968e+00
8.427359402083350659e+00 3.324155840981233734e+00 4.020727449211412896e+00
1.029080906148368690e+01 4.090082318155586982e+00 4.844895017627298017e+00
1.142034129161997846e+01 4.529436150098519853e+00 5.318900794878768323e+00
1.181256472200041152e+01 4.647584016208423208e+00 5.444980473531936482e+00
1.146404022207330797e+01 4.449819149940290153e+00 5.225633076369485153e+00
1.037137453384116093e+01 3.941223322901203030e+00 4.663546166890712996e+00
8.531310882405444218e+00 3.126525931828595173e+00 3.761523547359341357e+00
5.940816699495256259e+00 2.009960113449879238e+00 2.522415578101516065e+00
2.597168728528354897e+00 5.951159197362589914e-01 9.490521445432575920e-01
-7.677790118439753453e-01 -8.138765529262778076e-01 -5.878888577716200325e-01
-3.418290803040460180e+00 -1.917879622270808548e+00 -1.721376367597474699e+00
-5.351152338043814183e+00 -2.720988666851009263e+00 -2.454136841510360600e+00
-6.563435969535597714e+00 -3.226696550148215437e+00 -2.788889248809795163e+00
-7.052579909194093055e+00 -3.437763554978593650e+00 -2.728284327950587063e+00
-6.816466800316119290e+00 -3.356085363649833564e+00 -2.274845539744273282e+00
-5.853502417704757654e+00 -2.982559565606940133e+00 -1.430911335335081969e+00
-4.162695439906367589e+00 -2.316951054712029556e+00 -1.985783647775134497e-01
-1.743739207068868424e+00 -1.357757272516151748e+00 1.420355040307991423e+00
1.402903435103057150e+00 -1.020741111919465371e-01 3.424445773498230761e+00
4.568608474071608860e+00 1.182597793999935032e+00 5.395431455079190641e+00
7.044497105467579345e+00 2.226117949698400267e+00 6.917218746457510115e+00
8.829487143863820720e+00 3.027662406360268399e+00 7.991709155830022837e+00
9.923134697480533006e+00 3.585142449082338700e+00 8.620517104652156704e+00
1.032571436604007964e+01 3.895098396544684149e+00 8.804919381994363192e+00
1.003834708298759537e+01 3.952534338445428119e+00 8.545782367378027544e+00
9.063202605046072335e+00 3.750688859303538791e+00 7.843451725484037240e+00
7.403376560080077162e+00 3.281371680890163400e+00 6.697789958262382548e+00
5.062789915437943655e+00 2.535255583533530199e+00 5.108202568286195344e+00
2.046122789437689882e+00 1.502109540688369105e+00 3.073647101393657266e+00
-1.066189958898671852e+00 3.856721380658335585e-01 9.625615887391600900e-01
-3.697920173726566340e+00 -5.999411274248014347e-01 -8.559784108081593956e-01
-5.850489767182668999e+00 -1.449249608036354608e+00 -2.382141194423271102e+00
-7.525809420583847498e+00 -2.156022892629889220e+00 -3.615819767858241995e+00
-8.726243559079748024e+00 -2.713443075290037143e+00 -4.556631599879334971e+00
-9.454570773708656617e+00 -3.114266179128524215e+00 -5.203919937581672706e+00
-9.713939004466071836e+00 -3.350982101380193257e+00 -5.556757107262854767e+00
-9.507814896594258158e+00 -3.415972747506720086e+00 -5.613950152841586494e+00
-8.839927125580688383e+00 -3.301667663270173581e+00 -5.374048970452341756e+00
-7.714203632143759926e+00 -3.000696698972004306e+00 -4.835357029273577467e+00
-6.398587811840966033e+00 -2.599837470314177779e+00 -4.150556712826222849e+00
-5.158415598891546772e+00 -2.191626385138612854e+00 -3.473486863456151319e+00
-3.993719539357868165e+00 -1.777639708118525119e+00 -2.804028099735304647e+00
-2.904448250806100695e+00 -1.359532166342467763e+00 -2.142114088040687481e+00
-1.890467166293094525e+00 -9.390041339833387068e-01 -1.487735342327565657e+00
-9.515605971424975218e-01 -5.177690599412223538e-01 -8.409424491557665471e-01
-8.743507194408298155e-02 -9.752121989221712584e-02 -2.018487003636064980e-01
7.022761289106361771e-01 3.200961254158288805e-01 4.293678479025631045e-01
1.418007541380942538e+00 7.335220283993949542e-01 1.052462688071020613e+00
2.060255327378459178e+00 1.141308569809152740e+00 1.667123538721438258e+00
2.604251520065558267e+00 1.515044900040856124e+00 2.233252941157370497e+00
3.025787952705395245e+00 1.826281340505613748e+00 2.710499890998174788e+00
3.326171158232859693e+00 2.073823871627358706e+00 3.098103124573955647e+00
3.506588186272674434e+00 2.256780068960721586e+00 3.395281513475321589e+00
3.568079737388099026e+00 2.374589711489539567e+00 3.601241072461545123e+00
3.511492686661263019e+00 2.427077740398872141e+00 3.715187238095248201e+00
3.337392322226060415e+00 2.414533666580876314e+00 3.736350844039659336e+00
3.046126651226745530e+00 2.337618401479882202e+00 3.663974464256833485e+00
2.637864025486845065e+00 2.197316429371320989e+00 3.497303345718047574e+00
2.112611492852233042e+00 1.994913207001983269e+00 3.235581018590009350e+00
1.568584599963373627e+00 1.767365164662014987e+00 2.924383417417288022e+00
1.103952750761132640e+00 1.550345406687236638e+00 2.610282553733183075e+00
7.185739743041010819e-01 1.343181039580644498e+00 2.294053760092975125e+00
4.123375097545955992e-01 1.144892372825484950e+00 1.976526565251112810e+00
1.851529810522702935e-01 9.542192796340106531e-01 1.658582806146617461e+00
3.693929960305075699e-02 7.696474707155481765e-01 1.341154670548374561e+00
-3.238640164589778880e-02 5.894347190865969477e-01 1.025222528390379750e+00
-2.291954323187092579e-02 4.116370678152191376e-01 7.118124166257472352e-01
6.522172085001670672e-02 2.341350220298006879e-01 4.019930696721056296e-01
2.318871469742996849e-01 5.465972469292117164e-02 9.687240927217628805e-02
3.532349943419564875e-01 -1.041477926647068758e-01 -1.581556482293252908e-01
3.055934019465824658e-01 -2.140484008826208373e-01 -3.204097482126051499e-01
8.919662561320193528e-02 -2.687682689479245490e-01 -3.929218188554328695e-01
-2.954924642027044746e-01 -2.617726828971922437e-01 -3.788420671686603125e-01
-8.477766811866961350e-01 -1.863404227086454812e-01 -2.814176006671167407e-01
-1.566723327220169049e+00 -3.563744838697548156e-02 -1.039690647087373465e-01
-2.451167745726278824e+00 1.972104237559112461e-01 1.501347673322810383e-01
-3.499721788543491474e+00 5.190460472664977232e-01 4.775043015571944771e-01
-4.710787396047201980e+00 9.366109150064132471e-01 8.747582115439729300e-01
-6.082575328667237713e+00 1.456476835767559486e+00 1.338554213623368128e+00
-7.429442001644897431e+00 2.007823080027516749e+00 1.748441096225373137e+00
-8.566965505172614570e+00 2.509248120868429854e+00 1.988883837678848465e+00
-9.495280385755931363e+00 2.951262660378958902e+00 2.064006196166095819e+00
-1.021483518273102398e+01 3.324434560232719882e+00 1.977978992341313802e+00
-1.072637603310339216e+01 3.619482229783319127e+00 1.734982381213554525e+00
-1.103091410797803640e+01 3.827391462805053823e+00 1.339171124939504409e+00
-1.112966912803421948e+01 3.939578570151896386e+00 7.946483533106096786e-01
-1.102407401954259214e+01 3.947880579139777524e+00 1.054055899818973074e-01
-1.071576417526774883e+01 3.844580561783467854e+00 -7.247298863617865905e-01
-1.020655443857585176e+01 3.622455752308637145e+00 -1.692143103732607567e+00
-9.580298991825950239e+00 3.321902991825233631e+00 -2.637088169805307913e+00
-8.921498321819923305e+00 2.988853991574231816e+00 -3.401896553262470313e+00
-8.232895853197753411e+00 2.624755624015192357e+00 -3.986375408912357976e+00
-7.517013362957692735e+00 2.231004137634129858e+00 -4.390465809591642454e+00
-6.776125734937251899e+00 1.808925010854566917e+00 -4.614243022924344295e+00
-6.012236367761002676e+00 1.359752401737154059e+00 -4.657916414391488402e+00
-5.227053186476368296e+00 8.846083868997124400e-01 -4.521829138956112715e+00
-4.421965286234579295e+00 3.844821896009718021e-01 -4.206457698425239755e+00
-3.598020047240765518e+00 -1.397903577064610048e-01 -3.712411680130156100e+00
-2.755900639137744967e+00 -6.875468950188716732e-01 -3.040433851966068524e+00
-1.976746020826646522e+00 -1.227961304376581797e+00 -2.321563598391104932e+00
-1.339744391440264248e+00 -1.728704810219160670e+00 -1.687535505504991207e+00
-8.424741339081616154e-01 -2.187170214880050256e+00 -1.140036021274264177e+00
-4.826893949035077624e-01 -2.600976384904037708e+00 -6.804778037970682369e-01
-2.583519319279738991e-01 -2.967975028275156024e+00 -3.099775250321660236e-01
-1.676623776032112323e-01 -3.286258014692653440e+00 -2.933394919401810519e-02
-2.090907407667081386e-01 -3.554165612028783894e+00 1.609936962599265997e-01
-3.814053730424893929e-01 -3.770295929622970998e+00 2.609076540386435772e-01
-6.837005424139172005e-01 -3.933515883454240747e+00 2.706935530186125316e-01
-1.115422279868626632e+00 -4.042974239809860038e+00 1.910423347562617558e-01
-1.639020181713778612e+00 -4.111702060717174589e+00 8.720055915734559182e-02
-2.216898770144835495e+00 -4.153925347911853194e+00 2.441835621599636186e-02
-2.848716060636100611e+00 -4.171076215750264993e+00 3.869185319574364179e-03
-3.534124911854026774e+00 -4.164961601137351366e+00 2.694216695221784974e-02
-4.272761866483629767e+00 -4.137781626720699713e+00 9.524369667922760740e-02
-5.064280329901755806e+00 -4.092090121542454106e+00 2.105900389126220684e-01
-5.908479155303663077e+00 -4.030553125459618080e+00 3.749344314495284269e-01
-6.805149584451333666e+00 -3.955969912421070322e+00 5.902873738672398396e-01
-7.754017110838867133e+00 -3.871276147525976263e+00 8.586828715619101438e-01
-8.754732518161778998e+00 -3.779505838075503998e+00 1.182149351324058628e+00
-9.646238088526235543e+00 -3.667893183269366197e+00 1.410899611834713685e+00
-1.027112192150734771e+01 -3.515804288699995617e+00 1.392045207649143190e+00
-1.063489459640397961e+01 -3.313638009005912988e+00 1.122747374753013450e+00
-1.074363579917875100e+01 -3.050792132116365352e+00 6.000030700779017678e-01
-1.060393149004222479e+01 -2.715882545002563209e+00 -1.792577767049370330e-01
-1.022280160294438289e+01 -2.296961467044211336e+00 -1.218084480145256165e+00
-9.607616941539529165e+00 -1.781734133279366583e+00 -2.519428592538353051e+00
-8.766004546407080156e+00 -1.157772407207329213e+00 -4.086078520070146602e+00
-7.705740826793719300e+00 -4.127253117179065511e-01 -5.920606703968523732e+00
-6.434632342982719244e+00 4.654743042429092537e-01 -8.025329900485679957e+00
-5.132173888037938170e+00 1.356749182767620576e+00 -1.002729930106203327e+01
-3.963944403031981700e+00 2.123544135636500130e+00 -1.155309888723491518e+01
-2.916558535498998239e+00 2.751339288556767126e+00 -1.260434476412811122e+01
-1.976426894090407949e+00 3.225752079081465773e+00 -1.318297094420372950e+01
-1.129981266642317905e+00 3.532733024111792020e+00 -1.329119233795159616e+01
-3.639090542256324667e-01 3.658748379872093004e+00 -1.293145094322467159e+01
3.346041591536521587e-01 3.590949947660426744e+00 -1.210634610324189175e+01
9.776258233743213566e-01 3.317332929487291970e+00 -1.081854994124156200e+01
1.576222180912945303e+00 2.826882373945402982e+00 -9.070709562304250184e+00
2.140200010067356828e+00 2.109709989440326172e+00 -6.865337869926309011e+00
2.667235631157088172e+00 1.320625144666465189e+00 -4.598914453380215761e+00
3.143084880180039953e+00 6.245693429323937451e-01 -2.663613238526160387e+00
3.558995457720890876e+00 2.740533984919013566e-02 -1.055312619679940278e+00
3.906898417031854365e+00 -4.654965411598820380e-01 2.299820444039780698e-01
4.179559001391790929e+00 -8.492837999176585662e-01 1.196043697567942932e+00
4.370759692775106231e+00 -1.119589710054142762e+00 1.846281108486276024e+00
4.475589618118576141e+00 -1.272404398719172436e+00 2.183486815335132558e+00
4.490443924929984121e+00 -1.304245535045963411e+00 2.209895391571716772e+00
4.412892131130862872e+00 -1.212160917701373020e+00 1.927240149643287381e+00
4.241553871768115158e+00 -9.936779070027513816e-01 1.336782328416930676e+00
3.994329892233760226e+00 -7.251302772001801955e-01 6.451154709960815747e-01
3.690445793962449983e+00 -4.845115711947044490e-01 5.791869450080422421e-02
3.330964887678649511e+00 -2.718953300876915669e-01 -4.252494081911764034e-01
2.916641243542058337e+00 -8.703759615078965339e-02 -8.048059835377449067e-01
2.447957921160850425e+00 7.056701303201803888e-02 -1.081138321296442051e+00
1.925165066410540859e+00 2.016302434164501944e-01 -1.254599634401057928e+00
1.348317394255265089e+00 3.070156728682076896e-01 -1.325505705841438342e+00
7.173110859198299494e-01 3.876831456259297592e-01 -1.294131850694199004e+00
3.191978362971725769e-02 4.446337384409662086e-01 -1.160710215781229238e+00
-7.081705915214103753e-01 4.788547098651633194e-01 -9.254270406725249032e-01
-1.429810877366422872e+00 5.044644035051677466e-01 -6.576620261426201486e-01
-2.059665763226181667e+00 5.341228641657450593e-01 -4.267726227816588391e-01
-2.597803578066229857e+00 5.664865872561306581e-01 -2.328094193843242010e-01
-3.044282930599454762e+00 6.001249852319527900e-01 -7.574870076989725920e-02
-3.399159451147132138e+00 6.335778151226973964e-01 4.448992350370339910e-02
-3.662490985076336969e+00 6.654134762863894714e-01 1.280250839549184061e-01
-3.834341163233790262e+00 6.942893623191999097e-01 1.749939937606648233e-01
-3.914782704014170278e+00 7.190064936218446556e-01 1.855341489313413472e-01
-3.903899631926330827e+00 7.385645153695969967e-01 1.597643756286695194e-01
-3.801788948871466012e+00 7.522172971375546968e-01 9.776534326375507788e-02
-3.645749094538660362e+00 7.632684016941546634e-01 1.061686262504368816e-02
-3.473071503648953229e+00 7.754294331630166015e-01 -9.061746086571431658e-02
-3.283877715954039100e+00 7.888810646676887028e-01 -2.059381705010238095e-01
-3.078322500896831571e+00 8.039342705039650427e-01 -3.353705135087040601e-01
-2.856599090706933186e+00 8.210421142822653673e-01 -4.789664307196490611e-01
-2.618930355891282424e+00 8.408443994229221063e-01 -6.368242898865469348e-01
-2.365521831861411961e+00 8.642399541313234845e-01 -8.091360465076942177e-01
-2.096595940665412883e+00 8.922226338716009453e-01 -9.961169535668468189e-01
-1.812406593673886013e+00 9.258311396630218848e-01 -1.197982567739658943e+00
-1.513240476757433228e+00 9.661404384423225578e-01 -1.414945949679308201e+00
-1.207073022948913943e+00 9.731632288339155945e-01 -1.635023315481698436e+00
-9.007313541418169311e-01 9.066240078215533904e-01 -1.846543734864011910e+00
-5.926143594058257413e-01 7.671523248306784115e-01 -2.050249755479499392e+00
-2.808894066950058388e-01 5.553455627609837908e-01 -2.246964340931417947e+00
3.647824230138763113e-02 2.717791561502876374e-01 -2.437582838914893024e+00
3.616983253364710049e-01 -8.298824866596388183e-02 -2.623064415158455454e+00
6.971229293036326213e-01 -5.084300368101060119e-01 -2.804415859814721745e+00
1.045188123532023061e+00 -1.004050437202500978e+00 -2.982670053045973546e+00
1.408367970963453564e+00 -1.569379432590493284e+00 -3.158870066242560615e+00
1.789132962429777152e+00 -2.203972295444059704e+00 -3.334053617964999994e+00
2.189909099640680701e+00 -2.907412056141725820e+00 -3.509236919131468735e+00
2.613037663127363075e+00 -3.679314989325380036e+00 -3.685397897575089843e+00
3.060735697012148648e+00 -4.519339129545820732e+00 -3.863458810522309328e+00
3.535057230896141878e+00 -5.427195753323162286e+00 -4.044268269077607059e+00
4.037855240277013813e+00 -6.402663691702672466e+00 -4.228582711336708044e+00
4.570820875151278884e+00 -7.445529804995553391e+00 -4.417097036443449198e+00
5.135779962250706987e+00 -8.555316325011057543e+00 -4.610630522805326592e+00
5.734629842647223086e+00 -9.731410475255046322e+00 -4.810068164571355886e+00
6.369298135570613084e+00 -1.097312242696846063e+01 -5.016329511366144800e+00
7.041754360528592827e+00 -1.227968037774468257e+01 -5.230374501088268069e+00
7.754021263324234248e+00 -1.365022480452962306e+01 -5.453209425136478217e+00
8.508185803736141750e+00 -1.508380188279047474e+01 -5.685893012285764492e+00
9.306409759370827928e+00 -1.657935605699485748e+01 -5.929542617942123783e+00
1.015093989627917637e+01 -1.813572174111568813e+01 -6.185340505703795344e+00
