4.226120591947013594e+01 3.211450271402557233e-01 -2.470072103697344090e+01
3.599353172230753017e+01 1.511612373779203655e-01 -2.234919107470578581e+01
3.011260061939925237e+01 -6.589635732360017185e-03 -2.011385309695595325e+01
2.461841261074529186e+01 -1.521075921905854778e-01 -1.799470710372393256e+01
1.951096769634565220e+01 -2.853926319967560743e-01 -1.599175309500973086e+01
1.479026587620034938e+01 -4.064447551508716949e-01 -1.410499107081335168e+01
1.045630715030936386e+01 -5.152639616529323119e-01 -1.233442103113478616e+01
6.509091518672695642e+00 -6.118502515029380362e-01 -1.068004297597403252e+01
2.948618981290350050e+00 -6.962036247008889234e-01 -9.141856905331103178e+00
-2.251104618376604805e-01 -7.683240812467846403e-01 -7.719862819205991045e+00
-3.012096810711356376e+00 -8.282116211406258532e-01 -6.414060717598696115e+00
-5.412340065330717209e+00 -8.758662443824117849e-01 -5.224450600509221054e+00
-7.425840225695766961e+00 -9.112879509721428795e-01 -4.151032467937560533e+00
-9.052597291806488755e+00 -9.344767409098190258e-01 -3.193806319883717659e+00
-1.029261126366288792e+01 -9.454326141954404461e-01 -2.352772156347691990e+00
-1.114588214126495913e+01 -9.441555708290065851e-01 -1.627929977329487521e+00
-1.161240992461270949e+01 -9.306456108105176650e-01 -1.019279782829096703e+00
-1.169219461370613544e+01 -9.049027341399740187e-01 -5.268215728465255321e-01
-1.138523620854524410e+01 -8.669269408173758684e-01 -1.505553473817717869e-01
-1.069153470913001946e+01 -8.167182308427221038e-01 1.095188935651643103e-01
-9.611090115460477534e+00 -7.542766042160139461e-01 2.534011499942840917e-01
-8.143902427536609423e+00 -6.796020609372506183e-01 2.810914219055844487e-01
-6.289971645358418684e+00 -5.926946010064325643e-01 1.925897092990684900e-01
-4.049297768925899987e+00 -4.935542244235591181e-01 -1.210398782526622696e-02
-1.421880798239063992e+00 -3.821809311886311677e-01 -3.329896694674172597e-01
1.592279266702099960e+00 -2.585747213016480472e-01 -7.700673356273870507e-01
4.608451166142534916e+00 -1.312238349202226873e-01 -1.225038236489630172e+00
7.241902493737621960e+00 -8.616537498917959531e-03 -1.599603329285226971e+00
9.492633249487139935e+00 1.092471709622611503e-01 -1.893762614014122603e+00
1.136064343339108618e+01 2.223672904633141878e-01 -2.107516090676315734e+00
1.284593304544947934e+01 3.307438210042424886e-01 -2.240863759271809919e+00
1.394850208566230343e+01 4.343767625850450953e-01 -2.293805619800601825e+00
1.466835055402956556e+01 5.332661152057223131e-01 -2.266341672262694118e+00
1.500547845055125862e+01 6.274118788662739199e-01 -2.158471916658084133e+00
1.495988577522738971e+01 7.168140535667001378e-01 -1.970196352986773425e+00
1.453157252805795707e+01 8.014726393070004118e-01 -1.701514981248762881e+00
1.381898590650325431e+01 8.641028791481569771e-01 -1.409034261589636072e+00
1.292057346009857888e+01 8.874199543359736486e-01 -1.149360856595683211e+00
1.183633518884401781e+01 8.714238648704366597e-01 -9.224947662669495951e-01
1.056627109273956222e+01 8.161146107515460102e-01 -7.284359906034352239e-01
9.110381171785220999e+00 7.214921919793020333e-01 -5.671845296051402086e-01
7.468665425980994144e+00 5.875566085537049510e-01 -4.387403832720650487e-01
5.641123855326872771e+00 4.143078604747537086e-01 -3.431035516042085232e-01
3.627756459822859547e+00 2.017459477424488057e-01 -2.802740346015712980e-01
1.428563239468957136e+00 -5.012912964320970222e-02 -2.502518322641533732e-01
-9.564558057348353515e-01 -3.413173716822218706e-01 -2.530369445919545823e-01
-3.164154118369328472e+00 -6.188712217072644961e-01 -2.718943201078323213e-01
-4.831384708110724624e+00 -8.298430599325826718e-01 -2.900888873848997962e-01
-5.958147574959015813e+00 -9.742328863581747322e-01 -3.076206464231560078e-01
-6.544442718914189605e+00 -1.052040700984039345e+00 -3.244895972226007341e-01
-6.590270139976246000e+00 -1.063266503810176733e+00 -3.406957397832340861e-01
-6.095629838145184110e+00 -1.007910294836586118e+00 -3.562390741050558418e-01
-5.060521813421004822e+00 -8.859720740632679448e-01 -3.711196001880662232e-01
-3.484946065803708137e+00 -6.974518414902225460e-01 -3.853373180322651192e-01
-1.368902595293294944e+00 -4.423495971174491448e-01 -3.988922276376525855e-01
1.287608598110236535e+00 -1.206653409449481851e-01 -4.117843290042285109e-01
4.064975839853560480e+00 2.208157127550918475e-01 -4.176402260529417099e-01
6.543585454515965516e+00 5.353081266208620237e-01 -4.100864923139752038e-01
8.723437442096908967e+00 8.228119006523024748e-01 -3.891231277873195560e-01
1.060453180259636419e+01 1.083327034849409731e+00 -3.547501324729749328e-01
1.218686853601433384e+01 1.316853529212183904e+00 -3.069675063709413343e-01
1.347044764235081082e+01 1.523391383740624994e+00 -2.457752494812187605e-01
1.445526912160580402e+01 1.702940598434733221e+00 -1.711733618038071558e-01
1.514133297377930276e+01 1.855501173294507478e+00 -8.316184333870652035e-02
1.552863919887131772e+01 1.981073108319949316e+00 1.825930591408309045e-02
1.561718779688183822e+01 2.079656403511057405e+00 1.330900859545617043e-01
1.531576600238176766e+01 2.121515623771718317e+00 2.378871763261468653e-01
1.453316083247364610e+01 2.076915263110962862e+00 3.092072006789828853e-01
1.326937228715744865e+01 1.945855321528780824e+00 3.470501590130614100e-01
1.152440036643319132e+01 1.728335799025175312e+00 3.514160513283827725e-01
9.298245070300843906e+00 1.424356695600141443e+00 3.223048776249470837e-01
6.590906398760416174e+00 1.033918011253680547e+00 2.597166379027537886e-01
3.402384351811912566e+00 5.570197459857935129e-01 1.636513321618033867e-01
-2.673210705446713575e-01 -6.338100203520324882e-03 3.410896040209526747e-02
-4.418209868309331156e+00 -6.561555273142607447e-01 -1.289104773763700140e-01
-9.050282041482072160e+00 -1.392432535346427969e+00 -3.254069811735927908e-01
-1.332587123276999641e+01 -2.076493882713735584e+00 -5.125791683738817328e-01
-1.640731108488019530e+01 -2.569664327829895623e+00 -6.476256563615448991e-01
-1.829460159781268302e+01 -2.871943870694909862e+00 -7.305464451365830669e-01
-1.898774277156744716e+01 -2.983332511308776525e+00 -7.613415346989954591e-01
-1.848673460614450548e+01 -2.903830249671497832e+00 -7.400109250487829637e-01
-1.679157710154383665e+01 -2.633437085783072895e+00 -6.665546161859446928e-01
-1.390227025776549752e+01 -2.172153019643506155e+00 -5.409726081104829776e-01
-9.818814074809413484e+00 -1.519978051252790507e+00 -3.632649008223949316e-01
-4.541208552675612964e+00 -6.769121806109272832e-01 -1.334314943216811100e-01
1.930546308635431307e+00 3.570445922820053575e-01 1.485276113916357554e-01
8.259136112778815431e+00 1.364901730290683624e+00 4.199702227289200951e-01
1.310724965181038115e+01 2.129669213624690194e+00 6.182542954519193446e-01
1.647488692573013580e+01 2.651347042284025957e+00 7.433798295606336426e-01
1.836204793453806872e+01 2.929935216268689135e+00 7.953468250550627117e-01
1.876873267823418345e+01 2.965433735578680619e+00 7.741552819352064407e-01
1.769494115681848712e+01 2.757842600214001738e+00 6.798052002010653849e-01
1.514067337029096727e+01 2.307161810174650718e+00 5.122965798526388781e-01
1.110592931865163280e+01 1.613391365460627114e+00 2.716294208899270313e-01
5.590709001900556530e+00 6.765312660719451365e-01 -4.219627668706571466e-02
-1.404987579960254473e+00 -5.034184879910587052e-01 -4.291805128782303358e-01
-8.372527348607070152e+00 -1.672948531866198962e+00 -8.071131982836381447e-01
-1.380328441941572315e+01 -2.578550709514185968e+00 -1.093784635510332226e+00
-1.769725879238621502e+01 -3.220225020935019167e+00 -1.289194824558313357e+00
-2.005445046751854932e+01 -3.597971466128699891e+00 -1.393343765427581094e+00
-2.087485944481271360e+01 -3.711790045095225921e+00 -1.406231458118134769e+00
-2.015848572426871499e+01 -3.561680757834600364e+00 -1.327857902629975273e+00
-1.790532930588655702e+01 -3.147643604346819668e+00 -1.158223098963101716e+00
-1.411539018966623438e+01 -2.469678584631886942e+00 -8.973270471175150975e-01
-8.788668375607750605e+00 -1.527785698689800409e+00 -5.451697470932150846e-01
-1.925163863711102152e+00 -3.219649465205609573e-01 -1.017511988902015663e-01
5.036944805894914445e+00 8.982121094470155720e-01 3.440841086642719704e-01
1.065947223530164045e+01 1.883172716732395724e+00 7.034912630987859572e-01
1.494241842450702329e+01 2.632916875335225448e+00 9.764702644132138287e-01
1.788578337351107450e+01 3.147444585255506411e+00 1.163021112607556473e+00
1.948956708231377633e+01 3.426755846493234170e+00 1.263143807681812669e+00
1.975376955091514475e+01 3.470850659048412723e+00 1.276838349635983194e+00
1.867839077931516911e+01 3.279729022921041626e+00 1.204104738470067826e+00
1.626343076751392047e+01 2.853390938111130204e+00 1.044942974184071005e+00
1.250888951551130290e+01 2.191836404618662471e+00 7.993530567779859597e-01
7.414767023307339500e+00 1.295065422443644199e+00 4.673349862518150211e-01
2.026650289002657424e+00 3.399816916153417523e-01 1.077517352205433626e-01
-2.609858731993257575e+00 -4.965085571979317991e-01 -2.205328816555000293e-01
-6.494760039667022866e+00 -1.214405323993913655e+00 -5.175188643755623819e-01
-9.628053634018643336e+00 -1.813708608772604647e+00 -7.832062129396435424e-01
-1.200973951504811588e+01 -2.294418411534004498e+00 -1.017594927347744038e+00
-1.363981768275544226e+01 -2.656534732278112543e+00 -1.220685007599862981e+00
-1.451828813714062427e+01 -2.900057571004929002e+00 -1.392476453696001260e+00
-1.464515087820366368e+01 -3.024986927714455209e+00 -1.532969265636158429e+00
-1.402040590594454983e+01 -3.031322802406688943e+00 -1.642163443420334268e+00
-1.264405322036328982e+01 -2.919065195081630648e+00 -1.720058987048528998e+00
-1.085144265985011458e+01 -2.716901223607677274e+00 -1.749342761782237465e+00
-8.977924062795246130e+00 -2.453518005853222661e+00 -1.712701632882953406e+00
-7.023497429198688025e+00 -2.128915541818266366e+00 -1.610135600350676821e+00
-4.988162759060438489e+00 -1.743093831502809721e+00 -1.441644664185408375e+00
-2.871920052380501076e+00 -1.296052874906852725e+00 -1.207228824387147625e+00
-6.747693091588717884e-01 -7.877926720303940478e-01 -9.068880809558944600e-01
1.603289470604448042e+00 -2.183132228734345759e-01 -5.406224338916491012e-01
3.962256286909458414e+00 4.123854725640256902e-01 -1.084318831944115491e-01
6.402131139756159328e+00 1.104303414281986973e+00 3.896835711358181964e-01
8.922914029139674241e+00 1.857440602278813024e+00 9.537239290977174155e-01
1.114350341120165666e+01 2.543870435175248801e+00 1.480254892137184752e+00
1.268280319373146448e+01 3.035668141578758750e+00 1.865843641325080515e+00
1.354081337672909058e+01 3.332833721489338430e+00 2.110490176661401929e+00
1.371753396019456872e+01 3.435367174906999832e+00 2.214194498146157652e+00
1.321296494412786870e+01 3.343268501831735406e+00 2.176956605779341913e+00
1.202710632852900119e+01 3.056537702263546930e+00 1.998776499560956044e+00
1.015995811339795374e+01 2.575174776202428184e+00 1.679654179490997379e+00
7.611520298734739676e+00 1.899179723648386720e+00 1.219589645569467695e+00
4.381792884539349231e+00 1.028552544601418095e+00 6.185828977963665487e-01
4.707758708128637060e-01 -3.670676093817401564e-02 -1.233660638280893868e-01
-3.362828857574765351e+00 -1.083215401862131388e+00 -8.536433629983759541e-01
-6.360323033514232449e+00 -1.897591604547297361e+00 -1.419635851126252568e+00
-8.521706657005530872e+00 -2.479835368993671185e+00 -1.821343528211719187e+00
-9.846979728048658842e+00 -2.829946695201253526e+00 -2.058766394254775367e+00
-1.033614224664362524e+01 -2.947925583170043495e+00 -2.131904449255422218e+00
-9.989194212790419414e+00 -2.833772032900041538e+00 -2.040757693213658186e+00
-8.806135626489052015e+00 -2.487486044391247653e+00 -1.785326126129485047e+00
-6.786966487739515053e+00 -1.909067617643661396e+00 -1.365609748002901025e+00
-3.931686796541809414e+00 -1.098516752657283657e+00 -7.816085588339074519e-01
-2.402965528959395414e-01 -5.583344943211443479e-02 -3.332255862250343981e-02
3.510148794039767317e+00 1.001173269196690141e+00 7.238945089405700584e-01
6.542590089812348353e+00 1.854693341798073103e+00 1.334688159379094463e+00
8.857027334420694231e+00 2.504726768371723811e+00 1.799058392692849395e+00
1.045346052786481650e+01 2.951273548917643819e+00 2.117005208881835632e+00
1.133188967014470094e+01 3.194333683435831350e+00 2.288528607946050730e+00
1.149231476126036000e+01 3.233907171926287294e+00 2.313628589885496911e+00
1.093473580121178479e+01 3.069994014389012094e+00 2.192305154700173730e+00
9.659152789999014388e+00 2.702594210824015519e+00 1.924558302390087183e+00
7.665565727621993730e+00 2.131707761231282028e+00 1.510388032955228166e+00
4.953974614080744132e+00 1.357334665610817614e+00 9.497943463955984544e-01
2.140756551054175727e+00 5.558171321398054365e-01 3.706215568700881313e-01
-1.577025423941925131e-01 -9.650010839776151927e-02 -9.928419262665126588e-02
-1.941402666256476728e+00 -5.996170559996288896e-01 -4.599229020929845868e-01
-3.210343820532678638e+00 -9.535337106657970629e-01 -7.112945715289119564e-01
-3.964526005222796634e+00 -1.158250072396265207e+00 -8.533992009344334440e-01
-4.203949220326832048e+00 -1.213766141191033654e+00 -8.862367903095484944e-01
-3.928613465844782660e+00 -1.120081917050102849e+00 -8.098073396542576630e-01
-3.138518741776652021e+00 -8.771973999734721250e-01 -6.241108489685608385e-01
-1.833665048122435692e+00 -4.851125899611417047e-01 -3.291473182524577989e-01
-1.405238488213633730e-02 5.617251298688863415e-02 7.508325249405145563e-02
1.820215871826106335e+00 5.985760356484224332e-01 4.783690755910830483e-01
3.169036345884152617e+00 9.940161048012641221e-01 7.704983633587533243e-01
4.032409037292001841e+00 1.242492720445413479e+00 9.514711157970618949e-01
4.410333946049654230e+00 1.344005882580870503e+00 1.021287332906009482e+00
4.302811072157111560e+00 1.298555591207635196e+00 9.799470146855958630e-01
3.709840415614370279e+00 1.106141846325707778e+00 8.274501611358207054e-01
2.631421976421433051e+00 7.667646479350875843e-01 5.637967722566841200e-01
1.067555754578300764e+00 2.804239960357763906e-01 1.889868480481864399e-01
-9.817582499150283581e-01 -3.528801093722284676e-01 -2.969796114896723349e-01
-3.516520037052334402e+00 -1.133147668287044052e+00 -8.941026063554713410e-01
-6.050255138465033156e+00 -1.913315914304834608e+00 -1.491261581234075262e+00
-8.096496044789216029e+00 -2.546324184750827779e+00 -1.977337570387015742e+00
-9.655242756024849271e+00 -3.032172479625014905e+00 -2.352330573814283010e+00
-1.072649527217201104e+01 -3.370860798927417079e+00 -2.616240591515896163e+00
-1.131025359323065516e+01 -3.562389142658021868e+00 -2.769067623491844987e+00
-1.140651771920078161e+01 -3.606757510816829271e+00 -2.810811669742128593e+00
-1.101528765008239041e+01 -3.503965903403839732e+00 -2.741472730266747870e+00
-1.013656338587548511e+01 -3.254014320419052364e+00 -2.561050805065702374e+00
-8.770344926580060374e+00 -2.856902761862467610e+00 -2.269545894138992104e+00
-6.916632272196665099e+00 -2.312631227734252448e+00 -1.866957997486744070e+00
-4.960187390483917547e+00 -1.738328268654970588e+00 -1.442276242493000904e+00
-3.285770414518418114e+00 -1.251121876734566651e+00 -1.084489332209970902e+00
-1.893381344300168800e+00 -8.510120519730415278e-01 -7.935972666376550633e-01
-7.830201798291688275e-01 -5.379987943703939957e-01 -5.696000457760523883e-01
4.531307889458108251e-02 -3.120821039266250541e-01 -4.124976696251638764e-01
5.916184318710731027e-01 -1.732619806417364239e-01 -3.222901381849901381e-01
8.558958791003334898e-01 -1.215384245157216658e-01 -2.989774514555274543e-01
8.381454205823384296e-01 -1.569114355485855539e-01 -3.425596094367782118e-01
5.383670563170872558e-01 -2.793810137403313076e-01 -4.530366121287460190e-01
-4.343921368976496472e-02 -4.889471590890149266e-01 -6.304084595298318217e-01
-6.597077875321146756e-01 -7.005969392945039509e-01 -8.047760525375882157e-01
-1.062877785180961876e+00 -8.293190435283698259e-01 -9.062416252515672621e-01
-1.252949206636341906e+00 -8.751134717906235982e-01 -9.348051776717771766e-01
-1.229922051898237667e+00 -8.379802240812614933e-01 -8.904667097982157387e-01
-9.937963209666476061e-01 -7.179193004002798473e-01 -7.732262216308796177e-01
-5.445720138415930389e-01 -5.149307007476902065e-01 -5.830837131697783615e-01
1.177508694769673347e-01 -2.290144251234733641e-01 -3.200391844148950948e-01
9.931723289889733408e-01 1.398295264723445896e-01 1.590736463374620158e-02
2.081692364694502473e+00 5.916011540397962953e-01 4.247559339761755037e-01
3.383310976591782815e+00 1.126300457578166325e+00 9.065065236117527681e-01
4.602923351691795339e+00 1.624980728280081221e+00 1.354849298363247856e+00
5.445427491325675717e+00 1.968696391694860548e+00 1.663475436896302062e+00
5.910823395493492782e+00 2.157447447822532283e+00 1.832384939210941477e+00
5.999111064195210119e+00 2.191233896663081104e+00 1.861577805307152111e+00
5.710290497430835721e+00 2.070055738216510122e+00 1.751054035184937518e+00
5.044361695200393569e+00 1.793912972482828883e+00 1.500813628844305025e+00
4.001324657503822380e+00 1.362805599462014072e+00 1.110856586285233316e+00
2.581179384341220739e+00 7.767336191541043267e-01 5.811829075077588058e-01
7.839258757124563104e-01 3.569703155904591085e-02 -8.820740748816735533e-02
-1.390435868382308371e+00 -8.603041633230938956e-01 -8.973143587024856593e-01
-3.505170409517778030e+00 -1.730291280262713727e+00 -1.682359161257495739e+00
-5.123542309268648509e+00 -2.393285634030207110e+00 -2.279563030275494562e+00
-6.245551567634771928e+00 -2.849287224625513648e+00 -2.688925965756426617e+00
-6.871198184616252647e+00 -3.098296052048676863e+00 -2.910447967700332317e+00
-7.000482160213033822e+00 -3.140312116299672329e+00 -2.944129036107188568e+00
-6.633403494425124336e+00 -2.975335417378502711e+00 -2.789969170976998925e+00
-5.769962187252559715e+00 -2.603365955285186217e+00 -2.447968372309778928e+00
-4.410158238695263577e+00 -2.024403730019687764e+00 -1.918126640105496605e+00
-2.553991648753353161e+00 -1.238448741582057533e+00 -1.200443974364198585e+00
-2.014624174266677059e-01 -2.455009899722280231e-01 -2.949203750858226947e-01
2.214372478766648999e+00 7.751524054408378550e-01 6.364282226102003781e-01
4.260451933343379238e+00 1.644222615468039272e+00 1.431584338495625719e+00
5.936775946300882900e+00 2.361709640108278663e+00 2.090547972569462232e+00
7.243344517639311420e+00 2.927613479361622417e+00 2.613319124831769535e+00
8.180157647358543116e+00 3.341934133228017689e+00 2.999897795282499668e+00
8.747215335458662366e+00 3.604671601707502671e+00 3.250283983921688158e+00
8.944517581939619433e+00 3.715825884800053380e+00 3.364477690749311467e+00
8.772064386801435631e+00 3.675396982505679588e+00 3.342478915765380254e+00
8.229855750044119844e+00 3.483384894824386624e+00 3.184287658969897183e+00
7.317891671667627662e+00 3.139789621756154947e+00 2.889903920362847600e+00
6.222250872848678505e+00 2.714522477350048479e+00 2.519029427923134001e+00
5.129015623954916059e+00 2.277496109115502598e+00 2.131367048356479721e+00
4.038185924990668418e+00 1.828710517054146667e+00 1.726916781664278089e+00
2.949761775955839216e+00 1.368165701165940717e+00 1.305678627846492024e+00
1.863743176850523708e+00 8.958616614509244958e-01 8.676525869031593841e-01
7.801301276746752666e-01 4.117983979090793500e-01 4.128386588342615182e-01
-3.010773715717545151e-01 -8.402408945961825637e-02 -5.876315636022233502e-02
-1.379879320888669936e+00 -5.916058006551232484e-01 -5.471528586802507643e-01
-2.456275720276166474e+00 -1.110946735677481811e+00 -1.052330448125867068e+00
-3.530266569731117965e+00 -1.642046894525024170e+00 -1.574295924695379600e+00
-4.468536856917296518e+00 -2.113543514083359831e+00 -2.040627209814122267e+00
-5.137774112247019964e+00 -2.454075192356849122e+00 -2.378903606230755585e+00
-5.537978335720348255e+00 -2.663641929345522019e+00 -2.589125113945309753e+00
-5.669149527337245864e+00 -2.742243725049360314e+00 -2.671291732957765674e+00
-5.531287687097724337e+00 -2.689880579468369781e+00 -2.625403463268131343e+00
-5.124392815001794332e+00 -2.506552492602555748e+00 -2.451460304876409424e+00
-4.448464911049422099e+00 -2.192259464451901785e+00 -2.149462257782585262e+00
-3.503503975240668922e+00 -1.747001495016437644e+00 -1.719409321986687056e+00
-2.289510007575447315e+00 -1.170778584296121139e+00 -1.161301497488674617e+00
-8.064830080550895453e-01 -4.635907322915913120e-01 -4.751387842891711677e-01
7.301064366883107670e-01 2.712583774527416169e-01 2.382006125154909892e-01
2.104789794896583466e+00 9.304660465665852698e-01 8.778394498720883954e-01
3.317567066569846457e+00 1.514032275049996823e+00 1.443777727780676923e+00
4.368438251707993381e+00 2.021957062902925539e+00 1.936015446241206250e+00
5.257403350311119716e+00 2.454240410125416272e+00 2.354552605253721786e+00
5.984462362379143308e+00 2.810882316717430829e+00 2.699389204818183785e+00
6.549615287912129880e+00 3.091882782678999853e+00 2.970525244934623998e+00
6.952862126910030582e+00 3.297241808010100250e+00 3.167960725603019334e+00
7.194202879372880055e+00 3.426959392710748453e+00 3.291695646823385779e+00
7.273637545300655205e+00 3.481035536780933803e+00 3.341730008595713564e+00
7.141537900010010986e+00 3.433017393858403654e+00 3.293972132807075237e+00
6.748275718817558833e+00 3.256452117580888483e+00 3.124330341344527362e+00
6.093851001723332494e+00 2.951339707948402946e+00 2.832804634208084149e+00
5.178263748727276905e+00 2.517680164960921729e+00 2.419395011397722062e+00
4.001513959829472000e+00 1.955473488618481692e+00 1.884101472913475739e+00
2.563601635029812087e+00 1.264719678921033541e+00 1.226924018755297663e+00
8.645267743284268391e-01 4.454187358686385600e-01 4.478626489232473418e-01
-1.095710622274837398e+00 -5.024293405387756373e-01 -4.530826365827453905e-01
-3.317110554779802989e+00 -1.578824550301126450e+00 -1.475911837762600154e+00
-5.799673023186668885e+00 -2.783766893418508026e+00 -2.620624954616407543e+00
-8.132514483993054100e+00 -3.919151870406785587e+00 -3.704212207957661374e+00
-9.904747475194479733e+00 -4.786873092504662530e+00 -4.543662073277578095e+00
-1.111637199678844823e+01 -5.386930559710932265e+00 -5.138974550575041711e+00
-1.176738804877507327e+01 -5.719324272025652967e+00 -5.490149639850110397e+00
-1.185779563115429447e+01 -5.784054229448791773e+00 -5.597187341102748626e+00
-1.138759474392612248e+01 -5.581120431980354013e+00 -5.460087654332967055e+00
-1.035678538709059282e+01 -5.110522879620359227e+00 -5.078850579540777233e+00
-8.765367560647618461e+00 -4.372261572368765670e+00 -4.453476116726145406e+00
-6.613341264597342395e+00 -3.366336510225639067e+00 -3.583964265889128420e+00
-3.900706498939570110e+00 -2.092747693190887937e+00 -2.470315027029648558e+00
-1.049005962403138703e+00 -7.520296179294758687e-01 -1.277134148676282610e+00
1.520209605946778009e+00 4.552793939790880096e-01 -1.690305189816142528e-01
3.806940206100362545e+00 1.529179342530135877e+00 8.539958620505148090e-01
5.811185838057824071e+00 2.469670227723764100e+00 1.791944994420197723e+00
7.532946501818980956e+00 3.276752049559887858e+00 2.644816878127348225e+00
8.972222197383928233e+00 3.950424808038552893e+00 3.412611513172012057e+00
1.012901292475270942e+01 4.490688503159779188e+00 4.095328899554214530e+00
1.100331868392522772e+01 4.897543134923520114e+00 4.692969037273899247e+00
1.159513947490155594e+01 5.170988703329809866e+00 5.205531926331117276e+00
1.190447529768308854e+01 5.311025208379273721e+00 5.633017566725406766e+00
1.199492908679174441e+01 5.346114604249043722e+00 5.957193157984702836e+00
1.193010256363560728e+01 5.304718302254660678e+00 6.159826247395375987e+00
1.170999572821467360e+01 5.186836302396124587e+00 6.240916834957447534e+00
1.133460858052896114e+01 4.992468604673442556e+00 6.200464920670909486e+00
1.080394112057843792e+01 4.721615209086599485e+00 6.038470504535758288e+00
1.011799334836314834e+01 4.374276115635616691e+00 5.754933586552006375e+00
9.276765263883035573e+00 3.950451324320466195e+00 5.349854166719631543e+00
8.280256867138172439e+00 3.450140835141185303e+00 4.823232245038668431e+00
7.128468158128469234e+00 2.873344648097727827e+00 4.175067821509069077e+00
5.821399136854890521e+00 2.220062763190631561e+00 3.405360896131518711e+00
4.510559619872188897e+00 1.575856698230732933e+00 2.624109008104614116e+00
3.347457978834609271e+00 1.026287155056105904e+00 1.941308647615684446e+00
2.332094213742046840e+00 5.713541336667018466e-01 1.356959814664667974e+00
1.464468324594591975e+00 2.110576340625612835e-01 8.710625092516177670e-01
7.445803113921681815e-01 -5.460234375634775983e-02 4.836167313764900832e-01
1.724301741348388817e-01 -2.256257997900017465e-01 1.946224810393197002e-01
-2.519820871774464677e-01 -3.020127340384158310e-01 4.079758240080638698e-03
-5.286564725446503132e-01 -2.837631465015834076e-01 -8.801143702121017043e-02
-6.575929819667972742e-01 -1.708770371795025333e-01 -8.165110474456072076e-02
-6.387916154438756378e-01 3.664559392781652214e-02 2.316075507002829381e-02
-6.113304746513122945e-01 2.475590209556106092e-01 1.331339387813650077e-01
-7.142876612645321366e-01 3.706175180391174662e-01 1.549782427482584712e-01
-9.476631752835260603e-01 4.058210851783256023e-01 8.869366697070679706e-02
-1.311457016708315049e+00 3.531697223732387925e-01 -6.571978855129606556e-02
-1.805669185538866461e+00 2.126634296238614219e-01 -3.082621238177362111e-01
-2.430299681775224041e+00 -1.569779306981922140e-02 -6.389333388286353443e-01
-3.185348505417333165e+00 -3.319139457077822097e-01 -1.057733433583964100e+00
-4.070815656465259558e+00 -7.359850282900565199e-01 -1.564662408083759448e+00
-5.086701134918926392e+00 -1.227911040816605848e+00 -2.159720262327976315e+00
-6.233004940778421599e+00 -1.807691983287473381e+00 -2.842906996316667989e+00
-7.213030321201723716e+00 -2.340196847187018037e+00 -3.451238659758579796e+00
-7.730077693817819728e+00 -2.690293335286126908e+00 -3.821729748021854611e+00
-7.784147058624972360e+00 -2.857981447584000634e+00 -3.954380261105534977e+00
-7.375238415623195820e+00 -2.843261184080654758e+00 -3.849190199009633329e+00
-6.503351764812517644e+00 -2.646132544776090612e+00 -3.506159561734158103e+00
-5.168487106192864999e+00 -2.266595529670289544e+00 -2.925288349279078659e+00
-3.370644439764356015e+00 -1.704650138763286416e+00 -2.106576561644445622e+00
-1.109823765526829042e+00 -9.602963720550303783e-01 -1.050024198830187938e+00
1.613974916519514302e+00 -3.353422954558826774e-02 2.443687391636015782e-01
4.800751606374912939e+00 1.075636288765121851e+00 1.776602252337037502e+00
7.819352162948819185e+00 2.139775193155547761e+00 3.238368262453242608e+00
1.003861040676958005e+01 2.931438155804932499e+00 4.321352810730633820e+00
1.145852633782265251e+01 3.450625176708034481e+00 5.025555897162106156e+00
1.207909995610816267e+01 3.697336255864901666e+00 5.350977521747722676e+00
1.190033126162605015e+01 3.671571393275510076e+00 5.297617684487452294e+00
1.092222025437636290e+01 3.373330588939876584e+00 4.865476385381319879e+00
9.144766934359001453e+00 2.802613842857970106e+00 4.054553624429278358e+00
6.567971301574131893e+00 1.959421155029843487e+00 2.864849401631403225e+00
3.191833356021520629e+00 8.437525254554194554e-01 1.296363716987587011e+00
-9.836469022802989404e-01 -5.443920458589839306e-01 -6.509034294933807585e-01
-5.156371990142588402e+00 -1.931488638456919871e+00 -2.596508096201217697e+00
-8.524259722970660036e+00 -3.044018548868051344e+00 -4.160013597822466380e+00
-1.108731010076481027e+01 -3.881981777092476715e+00 -5.341419934357265475e+00
-1.284552312352481351e+01 -4.445378323130119824e+00 -6.140727105805511954e+00
-1.379889879125082075e+01 -4.734208186981033073e+00 -6.557935112167276870e+00
-1.394743710394275560e+01 -4.748471368645187596e+00 -6.593043953442519367e+00
-1.329113806160062339e+01 -4.488167868122587834e+00 -6.246053629631246551e+00
-1.183000166422448984e+01 -3.953297685413255991e+00 -5.516964140733490396e+00
-9.564027911814218186e+00 -3.143860820517144550e+00 -4.405775486749181624e+00
-6.493216804373106221e+00 -2.059857273435572012e+00 -2.912487667680060621e+00
-3.161571065038902617e+00 -9.208313270502757053e-01 -1.325538132939532376e+00
-1.130882289696560905e-01 5.367482948053627773e-02 6.663841879457788053e-02
2.652231703834897925e+00 8.636611961569493623e-01 1.264041987522393828e+00
5.134388733374517066e+00 1.509127772978892557e+00 2.266672573243808664e+00
7.333382859649425711e+00 1.990074559946423127e+00 3.074530175958913869e+00
9.249214082659420910e+00 2.306501557059497554e+00 3.687614795667634393e+00
1.088188240240467763e+01 2.458408764318144257e+00 4.105926432370026191e+00
1.223138781888505022e+01 2.445796181722350138e+00 4.329465086066053736e+00
1.329773033210065591e+01 2.268663809272113863e+00 4.358230756755733459e+00
1.408090994205140412e+01 1.927011646967450753e+00 4.192223444439065361e+00
1.452926309424383433e+01 1.520328789605725373e+00 3.909041293348371582e+00
1.459112623418443278e+01 1.148104331984288518e+00 3.586282447715953836e+00
1.426649936187318701e+01 8.103382741031741610e-01 3.223946907541841878e+00
1.355538247731008283e+01 5.070306159623521047e-01 2.822034672826002843e+00
1.245777558049516642e+01 2.381813575618492718e-01 2.380545743568471817e+00
1.097367867142834719e+01 3.790498901641708995e-03 1.899480119769210384e+00
9.103091750109761904e+00 -1.961419600182498224e-01 1.378837801428261400e+00
6.846014816539239156e+00 -3.616160191978429750e-01 8.186187885455777913e-01
4.202447870716977008e+00 -4.926316786371229828e-01 2.188230811212099614e-01
1.172390912642748084e+00 -5.891889383361016419e-01 -4.205493208448951581e-01
-1.751026638299661320e+00 -6.509542413971940444e-01 -1.017829036277489996e+00
-4.074670659864318090e+00 -6.775940277417732416e-01 -1.491345905239197522e+00
-5.798541152048214187e+00 -6.691082973698352365e-01 -1.841099927729511920e+00
-6.922638114851508817e+00 -6.254970502813791411e-01 -2.067091103748464942e+00
-7.446961548274095399e+00 -5.467602864764089521e-01 -2.169319433296035715e+00
-7.371511452316022783e+00 -4.328980059549172865e-01 -2.147784916372234232e+00
-6.696287826977297186e+00 -2.839102087169146360e-01 -2.002487552977060936e+00
-5.421290672257858212e+00 -9.979689476238784440e-02 -1.733427343110504282e+00
-3.546519988157822212e+00 1.194419359086471566e-01 -1.340604286772587361e+00
-1.071975774677018656e+00 3.738062832962094073e-01 -8.240183839632757579e-01
1.529451276823670547e+00 6.329402155263592622e-01 -2.870979059288380486e-01
3.784861455255906115e+00 8.664872217282988398e-01 1.667269033350721186e-01
5.694254760608740362e+00 1.074447301901317431e+00 5.374560438260632678e-01
7.257631192882340265e+00 1.256820456045433243e+00 8.250895155441682061e-01
8.474990752076568157e+00 1.413606684160630511e+00 1.029627318489360954e+00
9.346333438191496867e+00 1.544805986246917895e+00 1.151069452661656500e+00
9.871659251227129062e+00 1.650418362304294506e+00 1.189415918061054400e+00
1.005096819118346829e+01 1.730443812332767450e+00 1.144666714687547771e+00
9.884260258060480808e+00 1.784882336332322073e+00 1.016821842541144383e+00
9.371535451859847043e+00 1.813733934302613982e+00 8.058813016228492110e-01
8.585429914045393573e+00 1.801506990287612187e+00 5.560942685873737634e-01
7.598578400674564470e+00 1.732710183806526194e+00 3.117090761144110100e-01
6.410980911747538258e+00 1.607343514859368439e+00 7.272572420400451321e-02
5.022637447264233224e+00 1.425406983446134701e+00 -1.608557871438677234e-01
3.433548007224653364e+00 1.186900589566826092e+00 -3.890354579292056858e-01
1.643712591628626818e+00 8.918243332214126351e-01 -6.118132881520288446e-01
-3.468687995235271160e-01 5.401782144099471772e-01 -8.291892778122977870e-01
-2.538196166231957207e+00 1.319622331324066256e-01 -1.041163426910032497e+00
-4.930269508496665232e+00 -3.328236106112099080e-01 -1.247735735445232752e+00
-7.523088826219050063e+00 -8.541793167989690794e-01 -1.448906203412986926e+00
-9.833637891146196353e+00 -1.324682684728947013e+00 -1.620583749112538330e+00
-1.137892811234899604e+01 -1.636917660205202019e+00 -1.738678669291714218e+00
-1.215895948982744734e+01 -1.790884243227734762e+00 -1.803190963950514591e+00
-1.217373202358151829e+01 -1.786582433796537916e+00 -1.814120633088938117e+00
-1.142324571361120533e+01 -1.624012231911612592e+00 -1.771467676706982575e+00
-9.907500559916545768e+00 -1.303173637572964338e+00 -1.675232094804651073e+00
-7.626496562497534271e+00 -8.240666507805936014e-01 -1.525413887381943834e+00
-4.580233721353872411e+00 -1.866912715344373197e-01 -1.322013054438841095e+00
-7.687120364861002031e-01 6.089525001653912639e-01 -1.065029595975378385e+00
3.808068492106022163e+00 1.562864664318942554e+00 -7.544635119915397148e-01
8.251012608294628237e+00 2.485932516827793037e+00 -4.493336692852560876e-01
1.166102505595186045e+01 3.189043353593520091e+00 -2.086589346544581725e-01
1.403810583507788223e+01 3.672197174616157689e+00 -3.243930809913281310e-02
1.538225494567226903e+01 3.935393979895617900e+00 7.932521038068834907e-02
1.569347238773528019e+01 3.978633769431954903e+00 1.266346207850240213e-01
1.497175816126691572e+01 3.801916543225168699e+00 1.094889231138740926e-01
1.321711226626696956e+01 3.405242301275213990e+00 2.788811736722840440e-02
1.042953470273576322e+01 2.788611043582162274e+00 -1.181677964548982773e-01
6.609025470673177693e+00 1.952022770145984909e+00 -3.286788183525105600e-01
1.755584570079216533e+00 8.954774809666852242e-01 -6.036449483256085546e-01
-3.128595819931832889e+00 -1.589787864160964459e-01 -8.907991006069881923e-01
-7.041266173322354938e+00 -9.892872886590343695e-01 -1.137871198629246683e+00
-9.982426489887732401e+00 -1.595448025716791562e+00 -1.344861242381714783e+00
-1.195207676962797549e+01 -1.977460997589369551e+00 -1.511769231864393381e+00
-1.295021701254312951e+01 -2.135326204276772000e+00 -1.638595167077291581e+00
-1.297684721863300084e+01 -2.069043645778969598e+00 -1.725339048020386068e+00
-1.203196738789773867e+01 -1.778613322095987881e+00 -1.772000874693691275e+00
-1.011557752033733593e+01 -1.264035233227825517e+00 -1.778580647097205869e+00
-7.227677615951495937e+00 -5.253093791744083418e-01 -1.745078365230926298e+00
-3.368267674740726747e+00 4.375642400641335250e-01 -1.671494029094857892e+00
7.169689360193265415e-01 1.451494675820951041e+00 -1.592823262920181282e+00
4.282334626186578674e+00 2.343387677961629834e+00 -1.544062358430616122e+00
7.327829395744317686e+00 3.113243246482297444e+00 -1.525211315626956887e+00
9.853453244692008894e+00 3.761061381382818425e+00 -1.536270134509207574e+00
1.185920617302994273e+01 4.286842082663262943e+00 -1.577238815077364853e+00
1.334508818075812009e+01 4.690585350323636327e+00 -1.648117357331428723e+00
1.431109926787653919e+01 4.972291184363933247e+00 -1.748905761271399184e+00
1.475723943438521601e+01 5.131959584784167028e+00 -1.879604026897289337e+00
1.468350868028407419e+01 5.169590551584305693e+00 -2.040212154209076090e+00
1.408990700557877673e+01 5.085184084765006496e+00 -2.230730143205588156e+00
1.322276100966245771e+01 4.906691714532471771e+00 -2.399211030664925914e+00
1.232839259368277141e+01 4.662064437966742858e+00 -2.493708844161891758e+00
1.140680175763987592e+01 4.351302255067862390e+00 -2.514223583696469255e+00
1.045798850153369308e+01 3.974405165835812159e+00 -2.460755249268669065e+00
9.481952825364228232e+00 3.531373170270594386e+00 -2.333303840878492963e+00
8.478694729131383667e+00 3.022206268372157112e+00 -2.131869358525917857e+00
7.448214212835339687e+00 2.446904460140593152e+00 -1.856451802210980162e+00
6.390511276476012803e+00 1.805467745575859873e+00 -1.507051171933666556e+00
5.305585920053398574e+00 1.097896124677957053e+00 -1.083667467693975262e+00
4.193438143574491406e+00 3.241895974596180618e-01 -5.863006895034712507e-01
3.088740208206834037e+00 -4.530749881614676844e-01 -7.169664659678896823e-02
2.026162391233012006e+00 -1.171324364802926565e+00 4.034020986850954671e-01
1.005704692653025090e+00 -1.830558532464758414e+00 8.389955463421814308e-01
2.736711246678835696e-02 -2.430777491147015912e+00 1.235083696374503326e+00
-9.088503493255239984e-01 -2.971981240849589589e+00 1.591666548781989654e+00
-1.802947692724001127e+00 -3.454169781572537623e+00 1.908744103564678163e+00
-2.654924917728642697e+00 -3.877343113315858680e+00 2.186316360722568852e+00
-3.464782024339519761e+00 -4.241501236079583848e+00 2.424383320255680374e+00
-4.232519012556487326e+00 -4.546644149863646511e+00 2.622944982163970984e+00
-4.958135882379619552e+00 -4.792771854668083087e+00 2.782001346447463774e+00
-5.634639177299839652e+00 -4.976682754090816729e+00 2.897054135519126383e+00
-6.255035440808075720e+00 -5.095175251729771482e+00 2.963605071791927337e+00
-6.819324672904372164e+00 -5.148249347584949120e+00 2.981654155265866191e+00
-7.327506873588630398e+00 -5.135905041656339876e+00 2.951201385940938948e+00
-7.779582042860901936e+00 -5.058142333943951741e+00 2.872246763817150494e+00
-8.175550180721186777e+00 -4.914961224447783827e+00 2.744790288894499053e+00
-8.515411287169513344e+00 -4.706361713167814820e+00 2.568831961172968636e+00
-8.799165362205823016e+00 -4.432343800104084686e+00 2.344371780652590331e+00
-9.026812405830144215e+00 -4.092907485256573885e+00 2.071409747333349483e+00
-9.198352418042478718e+00 -3.688052768625284195e+00 1.749945861215247200e+00
-9.253034281627188662e+00 -3.268573208495807236e+00 1.427030886070845161e+00
-9.130103403099649739e+00 -2.885265269636541952e+00 1.149718277987238357e+00
-8.829559782447438110e+00 -2.538128952057844057e+00 9.180080369740244439e-01
-8.351403419670560879e+00 -2.227164255759713996e+00 7.319001630312031992e-01
-7.695634314768943440e+00 -1.952371180742128898e+00 5.913946561587642980e-01
-6.862252467742706585e+00 -1.713749727005136947e+00 4.964915163567327205e-01
-5.851257878591802353e+00 -1.511299894548712830e+00 4.471907436250938672e-01
-4.662650547316225413e+00 -1.345021683372856325e+00 4.434923379638479046e-01
-3.296430473915851866e+00 -1.214915093477557217e+00 4.853962993730004394e-01
-1.752597658390921076e+00 -1.120980124862838823e+00 5.729026278525440885e-01
-3.554469838043963215e-01 -1.048890289957367550e+00 6.627734130346869534e-01
5.707204813097797036e-01 -9.843188279321306577e-01 7.117699198490309298e-01
1.025904736944251106e+00 -9.272657387867973000e-01 7.198921482945914718e-01
1.010105783098939725e+00 -8.777310225213776906e-01 6.871400983713675803e-01
5.233236197739064011e-01 -8.357146791358665006e-01 6.135137700793613647e-01
-4.344417530308510855e-01 -8.012167086302638408e-01 4.990131634185731024e-01
-1.863190335315329627e+00 -7.742371110045693783e-01 3.436382783890025716e-01
-3.762922127079718848e+00 -7.547758862587821138e-01 1.473891149906307874e-01
-6.133637128323686127e+00 -7.428330343929052670e-01 -8.973432677650761136e-02
-8.975335339032412207e+00 -7.384085554067588708e-01 -3.677320469111383661e-01
-1.162995789529054846e+01 -7.336783484896894914e-01 -6.298792378331012909e-01
-1.343945848449498115e+01 -7.208184620619643157e-01 -8.194521738878995931e-01
-1.440383710664539407e+01 -6.998288961235857863e-01 -9.364508550755005212e-01
-1.452309376174197553e+01 -6.707096506745529041e-01 -9.808752813959232819e-01
-1.379722844978473972e+01 -6.334607257148660020e-01 -9.527254528491686525e-01
-1.222624117077349304e+01 -5.880821212445203061e-01 -8.520013694352237543e-01
-9.810131924708526796e+00 -5.345738372635240321e-01 -6.787030311541067951e-01
-6.548900711589736190e+00 -4.729358737718736827e-01 -4.328304380058120016e-01
-2.442547531417115891e+00 -4.031682307695690914e-01 -1.143835899903395958e-01
2.508927615607658979e+00 -3.252709082586554556e-01 2.766375128765540814e-01
7.317660358613194305e+00 -2.492745607843633859e-01 6.630451534211569964e-01
1.099584285055864719e+01 -1.852092689558225980e-01 9.676560310127328979e-01
1.354347509144400696e+01 -1.330750327730331195e-01 1.190470145651280731e+00
1.496055708126936068e+01 -9.287185223599181416e-02 1.331487497336810932e+00
1.524708882003444721e+01 -6.459972734470592615e-02 1.390708086069296856e+00
1.440307030773944774e+01 -4.825865809917129906e-02 1.368131911848755600e+00
1.242850154438436050e+01 -4.384864449938793290e-02 1.263758974675186941e+00
9.323382529968860410e+00 -5.136968654535705586e-02 1.077589274548570453e+00
5.087713264493498144e+00 -7.082178423707727322e-02 8.096228114689396627e-01
-2.785062520419518961e-01 -1.022049375745488070e-01 4.598595854362813595e-01
-5.649172927343838246e+00 -1.359357896412386468e-01 8.773380281576091677e-02
-9.898183669118514771e+00 -1.624309835206138863e-01 -2.473203300274562921e-01
-1.302553847736621151e+01 -1.816905192126758994e-01 -5.453028130933954554e-01
-1.503123735208636624e+01 -1.937143967174213000e-01 -8.062136463820031018e-01
-1.591528029327930938e+01 -1.985026160348521140e-01 -1.030052829893307820e+00
-1.567766730094504268e+01 -1.960551771649682862e-01 -1.216820363627309165e+00
-1.431839837508339386e+01 -1.863720801077686506e-01 -1.366516247584019128e+00
-1.183747351569460804e+01 -1.694533248632549838e-01 -1.479140481763411064e+00
-8.234892722778608842e+00 -1.452989114314267305e-01 -1.554693066165499848e+00
-3.510655996335403373e+00 -1.139088398122838630e-01 -1.593174000790285483e+00
1.271181042647239190e+00 -8.053030393860845237e-02 -1.604206598975420617e+00
5.046501886340393206e+00 -5.041079799540629930e-02 -1.597414724718810186e+00
7.815306534526774485e+00 -2.355032198374807859e-02 -1.572798378022424837e+00
9.577594987206396127e+00 5.112409636624098974e-05 -1.530357558886265235e+00
1.033336724437926613e+01 2.039354024493830048e-02 -1.470092267310324496e+00
1.008262330604525303e+01 3.747692646196447430e-02 -1.392002503294613502e+00
8.825363172204475859e+00 5.130128274744674699e-02 -1.296088266839128256e+00
6.561586842856931945e+00 6.186660910138508385e-02 -1.182349557943868312e+00
3.291294318002282893e+00 6.917290552378001223e-02 -1.050786376608821238e+00
-9.855144023588895408e-01 7.322017201463024150e-02 -9.013987228340102353e-01
-5.321400710971083470e+00 8.103992536526746782e-02 -8.056690571101413623e-01
-8.768907929513586552e+00 9.966381648336096466e-02 -8.350812033557857283e-01
-1.132803605796503987e+01 1.290918453690736989e-01 -9.896351615725880180e-01
-1.299878509632499046e+01 1.693240120224004386e-01 -1.269330931760520809e+00
-1.378115504459370833e+01 2.203603164433433070e-01 -1.674168513919592316e+00
-1.367514590277119169e+01 2.822007586319023043e-01 -2.204147908049802318e+00
-1.268075767085744054e+01 3.548453385880774857e-01 -2.859269114151150593e+00
-1.079799034885224529e+01 4.382940563118766231e-01 -3.639532132223712857e+00
-8.026843936755945208e+00 5.325469118032850613e-01 -4.544936962267349223e+00
-4.367318434587070364e+00 6.376039050617267057e-01 -5.575483604276212368e+00
-6.402018247385907745e-01 7.278293477400802347e-01 -6.471120707756585766e+00
2.333733565479772842e+00 7.775880404467647722e-01 -6.971801882235602932e+00
4.554487736067494907e+00 7.868799831817714363e-01 -7.077527127713175048e+00
6.022060687024871406e+00 7.557051759451063333e-01 -6.788296444189358958e+00
6.736452418351907667e+00 6.840636187367696852e-01 -6.104109831664164432e+00
6.697662930048560170e+00 5.719553115567493906e-01 -5.024967290137468900e+00
5.905692222114835133e+00 4.193802544050656000e-01 -3.550868819609465987e+00
4.360540294550769858e+00 2.263384472817103754e-01 -1.681814420080082861e+00
2.062207147356356352e+00 -7.170109813316671854e-03 5.821959084506866944e-01
-9.893072193262992808e-01 -2.811454168698577227e-01 3.241162165883403556e+00
-4.098081236250863846e+00 -5.458201792999377577e-01 5.807907009644782903e+00
-6.568233153557032189e+00 -7.514299501110774937e-01 7.795280972576861700e+00
-8.399762971244806309e+00 -8.979747293032762645e-01 9.203284054679638615e+00
-9.592670689314267918e+00 -9.854545168765401764e-01 1.003191625595316161e+01
-1.014695630776519941e+01 -1.013869312830853131e+00 1.028117757639728502e+01
-1.006261982659773224e+01 -9.832191171662251206e-01 9.951068016012103001e+00
-9.339661245811875290e+00 -8.935039298826570331e-01 9.041587574797620874e+00
-7.978080565407474012e+00 -7.447237509801325483e-01 7.552736252753679658e+00
-5.977877785384770881e+00 -5.368785804586784227e-01 5.484514049880544917e+00
-3.339052905743674415e+00 -2.699684183182834429e-01 2.836920966178105630e+00
-5.757095765867801251e-01 7.307782942015748906e-03 9.401505737202947577e-02
1.798048551983313814e+00 2.462510708231830658e-01 -2.260145620812017420e+00
3.782221479966766609e+00 4.468614453252349739e-01 -4.225561068374198648e+00
5.376809207363226761e+00 6.091389064481353977e-01 -5.802231285314159770e+00
6.581811734172887896e+00 7.330834541919040159e-01 -6.990156271632093521e+00
7.397229060395747346e+00 8.186950885565408287e-01 -7.789336027328000789e+00
7.823061186031825542e+00 8.659738095420483894e-01 -8.199770552401899337e+00
7.859308111081052317e+00 8.749196171484183715e-01 -8.221459846853720776e+00
7.505969835543478297e+00 8.455325113756562150e-01 -7.854403910683513068e+00
6.763046359419105258e+00 7.778124922237625860e-01 -7.098602743891279765e+00
5.906336055220668513e+00 6.983202462487435591e-01 -6.230841643643857175e+00
5.211653077052833538e+00 6.336179798484828929e-01 -5.527921745173300039e+00
4.678997424971953478e+00 5.837056930284083567e-01 -4.989843048536164893e+00
4.308369098978029221e+00 5.485833857885199505e-01 -4.616605553732452627e+00
4.099768099071050109e+00 5.282510581288165641e-01 -4.408209260762151693e+00
4.053194425251051669e+00 5.227087100493014171e-01 -4.364654169625297619e+00
4.168648077518009032e+00 5.319563415499725112e-01 -4.485940280321867313e+00
4.446129055871923086e+00 5.559939526308297353e-01 -4.772067592851858109e+00
4.885637360312838240e+00 5.948215432918769752e-01 -5.223036107215319745e+00
5.487172990840677222e+00 6.484391135331075695e-01 -5.838845823412170510e+00
6.067139858866714697e+00 6.967454961663475110e-01 -6.430366650144352825e+00
6.441938373963847830e+00 7.196391406017985659e-01 -6.808464888722077113e+00
6.611568536127908402e+00 7.171200468390024341e-01 -6.973140539141047256e+00
6.576030345358866214e+00 6.891882148779596706e-01 -6.924393601401235721e+00
6.335323801656745246e+00 6.358436447186710527e-01 -6.662224075502666487e+00
5.889448905021546388e+00 5.570863363611364694e-01 -6.186631961445337780e+00
5.238405655453268750e+00 4.529162898053561426e-01 -5.497617259229251374e+00
4.382194052951826180e+00 3.233335050513173048e-01 -4.595179968854315788e+00
3.320814097517372332e+00 1.683379820990431597e-01 -3.479320090320693559e+00
2.054265789153723265e+00 -1.207027905092948432e-02 -2.150037623632399253e+00
7.533105273345913622e-01 -1.938090108069817352e-01 -7.870660444190391569e-01
-4.112935454389023970e-01 -3.527964049042849326e-01 4.298645997889062320e-01
-1.439546429166552732e+00 -4.890324613428110867e-01 1.500754308991221642e+00
-2.331448123848467890e+00 -6.025171801225749357e-01 2.425603083188020648e+00
-3.086998629484648760e+00 -6.932505612435769793e-01 3.204410922379304694e+00
-3.706197946075143523e+00 -7.612326047058217693e-01 3.837177826565121741e+00
-4.189046073619842936e+00 -8.064633105092975374e-01 4.323903795745359879e+00
-4.535543012118807837e+00 -8.289426786540111669e-01 4.664588829920083057e+00
-4.745688761572036896e+00 -8.286707091399627689e-01 4.859232929089289499e+00
-4.819483321987214630e+00 -8.056474019702577483e-01 4.907836093262006649e+00
-4.794470850108334403e+00 -7.750646676126070611e-01 4.854520374191112708e+00
-4.708193354470036951e+00 -7.521135472808200273e-01 4.743405299044761492e+00
-4.560650835072321385e+00 -7.367940409748965358e-01 4.574490867822952112e+00
-4.351843291915166390e+00 -7.291061486948363646e-01 4.347777080525663251e+00
-4.081770724998611932e+00 -7.290498704406407349e-01 4.063263937152933991e+00
-3.750433134322638029e+00 -7.366252062123085365e-01 3.720951437704746123e+00
-3.357830519887246901e+00 -7.518321560098399914e-01 3.320839582181101868e+00
-2.903962881692395470e+00 -7.746707198332373201e-01 2.862928370581955928e+00
-2.388830219738164562e+00 -8.051408976824965258e-01 2.347217802907390904e+00
-1.812432534024515984e+00 -8.432426895576192738e-01 1.773707879157367939e+00
-1.294911358918835687e+00 -9.009866064972871236e-01 1.227213832726810283e+00
-9.564082287885098399e-01 -9.903831595401818566e-01 7.925508970106418527e-01
-7.969231436335320051e-01 -1.111432348686315352e+00 4.697190720088376681e-01
-8.164561034539311590e-01 -1.264134173935666183e+00 2.587183577214560160e-01
-1.015007108249684542e+00 -1.448488635288244009e+00 1.595487541484626459e-01
-1.392576158020792487e+00 -1.664495732744048162e+00 1.722102612898577245e-01
-1.949163252767312837e+00 -1.912155466303102624e+00 2.967028791456579606e-01
-2.684768392489145228e+00 -2.191467835965362987e+00 5.330266077158402060e-01
-3.599391577186333180e+00 -2.502432841730850566e+00 8.811814470004111222e-01
-4.693032806858875361e+00 -2.845050483599564917e+00 1.341167396999370709e+00
-5.746556875888894744e+00 -3.124969802793548190e+00 1.851878069797334714e+00
-6.540816039416948335e+00 -3.247834441633055569e+00 2.352203580880686928e+00
-7.075810297398295035e+00 -3.213644400098810028e+00 2.842143930236967986e+00
-7.351539649832940171e+00 -3.022399678190812899e+00 3.321699117866178330e+00
-7.368004096720870422e+00 -2.674100275909025104e+00 3.790869143768359706e+00
-7.125203638062081346e+00 -2.168746193253508814e+00 4.249654007943428624e+00
-6.623138273856589819e+00 -1.506337430224241380e+00 4.698053710391426385e+00
-5.861808004104392289e+00 -6.868739868212201394e-01 5.136068251112352989e+00
-4.841212828805389279e+00 2.896441369556463918e-01 5.563697630106245740e+00
-3.561352747959759313e+00 1.423216941106185462e+00 5.980941847373030917e+00
-2.271032369368439330e+00 2.471245227587794080e+00 6.248274523941607761e+00
-1.219061046431995532e+00 3.191125171117737302e+00 6.226166619570506988e+00
-4.054387791560236654e-01 3.582856771690518194e+00 5.914618134256514281e+00
1.698344324593322741e-01 3.646440029306070585e+00 5.313629067999687372e+00
5.067585884141548869e-01 3.381874943964441549e+00 4.423199420800008497e+00
6.053336887084439510e-01 2.789161515665631974e+00 3.243329192657479876e+00
4.655597333421999107e-01 1.868299744409640528e+00 1.774018383572100177e+00
8.743672231537846784e-02 6.192896301963433103e-01 1.526699354370197881e-02
-5.290353443719539861e-01 -9.578688269740389671e-01 -2.032924977427404301e+00
-1.383856466715134292e+00 -2.863175627093567321e+00 -4.370557529332883995e+00
-2.270961144705510026e+00 -4.743224016892954253e+00 -6.624853367457682829e+00
-2.984287808670428088e+00 -6.244613983713489525e+00 -8.423042307156251240e+00
-3.523836458609762357e+00 -7.367345527554909346e+00 -9.765124348428276591e+00
-3.889607094523582553e+00 -8.111418648417357602e+00 -1.065109949127393030e+01
-4.081599716411890455e+00 -8.476833346300844951e+00 -1.108096773569322124e+01
-4.099814324274678512e+00 -8.463589621205343860e+00 -1.105472908168611923e+01
-3.944250918111944504e+00 -8.071687473130861434e+00 -1.057238352925263136e+01
-3.614909497923697757e+00 -7.301126902077413661e+00 -9.633931078392778957e+00
-3.111790063709937382e+00 -6.151907908044995210e+00 -8.239371729106560238e+00
-2.434892615493393642e+00 -4.624030491085833638e+00 -6.388705481453774482e+00
-1.695628795123311994e+00 -2.973443647284701452e+00 -4.375092151531863927e+00
-1.005403869674242001e+00 -1.456081727783029134e+00 -2.491674781358395041e+00
-3.642178391461833864e-01 -7.194473258081696132e-02 -7.384533709333638285e-01
2.279292964609139216e-01 1.178967338322040703e+00 8.845720797433676008e-01
7.710375371469445627e-01 2.296654484925319650e+00 2.377401570671508590e+00
1.265106882911963604e+00 3.281116707229139173e+00 3.740035101851211685e+00
1.710137333755970657e+00 4.132354005233497496e+00 4.972472673282474886e+00
2.106128889678999361e+00 4.850366378938453238e+00 6.074714284965391009e+00
2.453081550680978218e+00 5.435153828343880278e+00 7.046759936899762877e+00
2.750995316761946530e+00 5.886716353449845229e+00 7.888609629085697961e+00
2.970649615660680087e+00 6.178622792159734978e+00 8.511864848422289853e+00
3.082823875115958234e+00 6.284441982376934632e+00 8.828127081808636589e+00
3.087518095127775641e+00 6.204173924101429094e+00 8.837396329244722182e+00
2.984732275696132753e+00 5.937818617333230797e+00 8.539672590730548407e+00
2.774466416821033121e+00 5.485376062072342407e+00 7.934955866266127700e+00
2.456720518502478079e+00 4.846846258318763034e+00 7.023246155851461836e+00
2.031494580740424105e+00 4.022229206072410967e+00 5.804543459486426471e+00
1.498788603534948249e+00 3.011524905333435420e+00 4.278847777171242761e+00
8.586025868860154286e-01 1.814733356101767114e+00 2.446159108905810342e+00
1.109365307936274192e-01 4.318545583774087149e-01 3.064774546901327668e-01
-6.457658518723726759e-01 -9.763834310862009591e-01 -1.827775709532598158e+00
-1.313055215146766042e+00 -2.249243358437595042e+00 -3.644161030598672024e+00
-1.890931559009477736e+00 -3.386725223644011518e+00 -5.142678508444354257e+00
-2.379394883460508758e+00 -4.388829026705453273e+00 -6.323328143069649521e+00
-2.778445188499890417e+00 -5.255554767621989143e+00 -7.186109934474617766e+00
-3.088082474127550547e+00 -5.986902446393465027e+00 -7.731023882659106228e+00
-3.308306740343530894e+00 -6.582872063019966191e+00 -7.958069987623207275e+00
-3.439117987147828792e+00 -7.043463617501490859e+00 -7.867248249366917356e+00
-3.480516214540446462e+00 -7.368677109838060346e+00 -7.458558667890189398e+00
-3.432501422521374579e+00 -7.558512540029619586e+00 -6.732001243193093565e+00
-3.344422541788854009e+00 -7.612949022481134698e+00 -5.835149736157999811e+00
-3.265629444302880380e+00 -7.531965671199174928e+00 -4.915580722430179961e+00
-3.196122130064568356e+00 -7.315562486183710966e+00 -3.973294202012904286e+00
-3.135900599073931261e+00 -6.963739467434785446e+00 -3.008290174906337988e+00
-3.084964851330961988e+00 -6.476496614952384157e+00 -2.020568641110400243e+00
-3.043314886835660982e+00 -5.853833928736505321e+00 -1.010129600625090385e+00
-3.010950705588028242e+00 -5.095751408787150716e+00 2.302694654959225318e-02
-2.987872307588061549e+00 -4.202249055104234188e+00 1.078901000413740707e+00
-2.974079692835765343e+00 -3.173326867687915165e+00 2.157492560967169126e+00
-2.969572861329684343e+00 -2.008984846540384783e+00 3.258801628207724121e+00
-2.910442049178041835e+00 -8.088348295427343349e-01 4.284110122591010317e+00
-2.732778711455059462e+00 3.275132453441471636e-01 5.134701847445938938e+00
-2.436582848160768755e+00 1.400059378120059206e+00 5.810576802772358995e+00
-2.021854459295157724e+00 2.408803568785105043e+00 6.311734988570354865e+00
-1.488593544858228590e+00 3.353745817339285118e+00 6.638176404839928324e+00
-8.368001048499174033e-01 4.234886123782672485e+00 6.789901051581082037e+00
-6.647413927033962722e-02 5.052224488115115264e+00 6.766908928793787581e+00
8.223843518805566966e-01 5.805760910336690728e+00 6.569200036478072491e+00
1.829775368602772900e+00 6.495495390447398876e+00 6.196774374633931437e+00
2.955698910851846328e+00 7.121427928430401622e+00 5.649631943280742696e+00
3.982362524522022440e+00 7.600999545428622994e+00 5.022740351195623454e+00
4.691986217201829845e+00 7.851655986462002801e+00 4.411061773279139508e+00
5.084569988891266767e+00 7.873397251530542817e+00 3.814596209531290860e+00
5.160113839590328766e+00 7.666223340634211070e+00 3.233343659952027771e+00
4.918617769298999853e+00 7.230134253773048414e+00 2.667304124541452381e+00
4.360081778017301346e+00 6.565129990947042415e+00 2.116477603299512289e+00
3.484505865745234132e+00 5.671210552156196627e+00 1.580864096226207938e+00
2.291890032482676531e+00 4.548375937400399138e+00 1.060463603321493586e+00
7.822342782298425945e-01 3.196626146679852010e+00 5.552761245854618277e-01
-1.044461397013360937e+00 1.615961179994462427e+00 6.530166001806558818e-02
-2.823994420203912448e+00 7.277294362397086769e-02 -3.680089173394605062e-01
-4.192162218298788545e+00 -1.166546656151881800e+00 -7.032047344458823845e-01
-5.148964791298059396e+00 -2.101997619333167755e+00 -9.402857913012169222e-01
-5.694402139201550916e+00 -2.733579945919718757e+00 -1.079252087905421265e+00
-5.828474262009371465e+00 -3.061293635911631394e+00 -1.120103624258521613e+00
-5.551181159721513936e+00 -3.085138689308905668e+00 -1.062840400360517634e+00
-4.862522832337905498e+00 -2.805115106111505163e+00 -9.074624162113904546e-01
-3.762499279858666057e+00 -2.221222886319477396e+00 -6.539696718111694951e-01
-2.251110502283751202e+00 -1.333462029932811710e+00 -3.023621671598435423e-01
-3.283564996131618230e-01 -1.418325369515076595e-01 1.473600977425866265e-01
1.559560169859247392e+00 1.063239582048381315e+00 5.906040357223893977e-01
2.966411415467342216e+00 1.991311697883662024e+00 9.227705746342307336e-01
3.892197237119995989e+00 2.642383810495021912e+00 1.143859714456750165e+00
4.336917634817214484e+00 3.016455919882459202e+00 1.253871455189948581e+00
4.300572608558969279e+00 3.113528026045972563e+00 1.252805796833820873e+00
3.783162158345266590e+00 2.933600128985542899e+00 1.140662739388366376e+00
2.784686284176126847e+00 2.476672228701192413e+00 9.174422828535909735e-01
1.305144986051547384e+00 1.742744325192918886e+00 5.831444272294936670e-01
-6.554617360286654204e-01 7.318164184606228417e-01 1.377691725160312686e-01
-3.097133882064162513e+00 -5.561114914955176403e-01 -4.186834812867183953e-01
-5.458812416732772732e+00 -1.824391811919159556e+00 -9.605613960734681323e-01
-7.179427603296577587e+00 -2.776371291916372996e+00 -1.362210037100281879e+00
-8.258979441742887673e+00 -3.412049931480455989e+00 -1.623629404364319351e+00
-8.697467932071516472e+00 -3.731427730611295956e+00 -1.744819497865534474e+00
-8.494893074282583001e+00 -3.734504689308962622e+00 -1.725780317603957004e+00
-7.651254868376089036e+00 -3.421280807573456428e+00 -1.566511863579586716e+00
-6.166553314352034576e+00 -2.791756085404777377e+00 -1.267014135792422724e+00
-4.040788412210204683e+00 -1.845930522802827323e+00 -8.272871342424210628e-01
-1.273960161950974168e+00 -5.838041197677745764e-01 -2.473308589296594473e-01
2.133931436411037108e+00 9.946231236933702480e-01 4.728546901427131965e-01
5.532648507182295283e+00 2.577925722771920114e+00 1.193318610094768584e+00
8.271965576810050180e+00 3.854684132551100095e+00 1.774112667363242135e+00
1.035188264529381463e+01 4.824898353030687481e+00 2.215236861948032043e+00
1.177239971263386309e+01 5.488568384210803508e+00 2.516691193849195596e+00
1.253351677883019555e+01 5.845694226091453061e+00 2.678475663066732348e+00
1.263523384388278892e+01 5.896275878672625481e+00 2.700590269600639193e+00
1.207755090779162899e+01 5.640313341954310111e+00 2.583035013450910355e+00
1.086046797055674773e+01 5.077806615936528267e+00 2.325809894617556495e+00
8.983985032178154029e+00 4.208755700619276396e+00 1.928914913100575390e+00
6.448102092756970549e+00 3.033160596049632840e+00 1.392350068921333506e+00
3.748274311156041705e+00 1.781651791516135397e+00 8.207898510909218404e-01
1.379928497181122538e+00 6.848465800436659423e-01 3.189027593335865829e-01
-6.569353491677870638e-01 -2.572550383677741359e-01 -1.133112063506720585e-01
-2.362317227890826654e+00 -1.044653063718249619e+00 -4.758520459618837961e-01
-3.736217138987690145e+00 -1.677347496007619343e+00 -7.687197594999833905e-01
-4.778635082458544403e+00 -2.155338335235960301e+00 -9.919143469650066880e-01
-5.489571058303392093e+00 -2.478625581403274047e+00 -1.145435808356953356e+00
-5.869025066522248757e+00 -2.647209234509566578e+00 -1.229284143675827723e+00
-5.916997107115048671e+00 -2.661089294554809026e+00 -1.243459352921615357e+00
-5.633487180081839796e+00 -2.520265761539023153e+00 -1.187961436094326473e+00
-5.281875656054758394e+00 -2.341149223305404981e+00 -1.114354394837554274e+00
-5.125542905665942506e+00 -2.240150267697150976e+00 -1.074202230794892410e+00
-5.164488928915401900e+00 -2.217268894714261140e+00 -1.067504943966341546e+00
-5.398713725803132135e+00 -2.272505104356741690e+00 -1.094262534351902794e+00
-5.828217296329126995e+00 -2.405858896624585519e+00 -1.154475001951574153e+00
-6.452999640493385591e+00 -2.617330271517793072e+00 -1.248142346765355404e+00
-7.273060758295990524e+00 -2.906919229036393659e+00 -1.375264568793259645e+00
-8.288400649736797021e+00 -3.274625769180336210e+00 -1.535841668035264451e+00
-9.499019314815868142e+00 -3.720449891949642041e+00 -1.729873644491379370e+00
-1.090491675353320211e+01 -4.244391597344312039e+00 -1.957360498161604401e+00
-1.215307606633640702e+01 -4.708031427842834127e+00 -2.156506291475968951e+00
-1.289046015352249697e+01 -4.972942005357039008e+00 -2.265511550809303998e+00
-1.311706901501936251e+01 -5.039123329858652411e+00 -2.284376276148984974e+00
-1.283290265082700543e+01 -4.906575401347669008e+00 -2.213100467495012325e+00
-1.203796106094533691e+01 -4.575298219824059487e+00 -2.051684124847367841e+00
-1.073224424537448662e+01 -4.045291785287874475e+00 -1.800127248206079944e+00
-8.915752204114419044e+00 -3.316556097739096209e+00 -1.458429837571137755e+00
-6.588484937165127953e+00 -2.389091157177725577e+00 -1.026591892942542605e+00
-3.750442444526338903e+00 -1.262896963603653333e+00 -5.046134143202429811e-01
-4.016247261985572692e-01 6.202648298292068318e-02 1.075055982956685252e-01
2.868763926745879989e+00 1.354644487888282178e+00 7.050444723562939719e-01
5.471507984987463935e+00 2.383917949755286703e+00 1.183280537912480224e+00
7.406607448512941616e+00 3.149846868578735748e+00 1.542213794961872164e+00
8.674062317321970639e+00 3.652431244358495643e+00 1.781844243504408176e+00
9.273872591414750843e+00 3.891671077094644104e+00 1.902171883540122677e+00
9.206038270791282230e+00 3.867566366787180243e+00 1.903196715069016332e+00
8.470559355451566574e+00 3.580117113436108056e+00 1.784918738091090917e+00
7.067435845395604765e+00 3.029323317041423547e+00 1.547337952606344880e+00
4.996667740623392362e+00 2.215184977603128491e+00 1.190454358614778441e+00
2.258255041134384911e+00 1.137702095121007506e+00 7.142679561162964541e-01
-5.819067727915991917e-01 2.002448999243451946e-02 2.199570403607310765e-01
-2.957879045448103650e+00 -9.146809919997198612e-01 -1.912923739269866419e-01
-4.869661776629249594e+00 -1.666414350774272579e+00 -5.194802867100472010e-01
-6.317254966335034361e+00 -2.235175586331222597e+00 -7.646066979884500459e-01
-7.300658614565458393e+00 -2.620964698670569692e+00 -9.266716077621951486e-01
-7.819872721320521691e+00 -2.823781687792314532e+00 -1.005675016031282842e+00
-7.874897286600223367e+00 -2.843626553696456671e+00 -1.001616922795713016e+00
-7.465732310404455951e+00 -2.680499296382951702e+00 -9.144973280554632433e-01
-6.592377792733355335e+00 -2.334399915851856910e+00 -7.443162318105637221e-01
-5.254833733586895761e+00 -1.805328412103158975e+00 -4.910736340610066808e-01
-3.804615324604649018e+00 -1.229763279830778933e+00 -2.127821566872695747e-01
-2.593251166826396670e+00 -7.441882200320860674e-01 3.254336539789658145e-02
-1.620741260284109142e+00 -3.486032327194932834e-01 2.449029321892154942e-01
-8.870856049777848806e-01 -4.300831789300023356e-02 4.242965436866872886e-01
-3.922842009074254399e-01 1.725965244473927629e-01 5.707241998903116453e-01
-1.363370480730061729e-01 2.982112943017000695e-01 6.841859008001061060e-01
-1.192441464746174518e-01 3.338359916698769858e-01 7.646816464160302029e-01
-3.410054961121931072e-01 2.794706165519539320e-01 8.122114367381070288e-01
-8.016210969857331392e-01 1.351151689479307416e-01 8.267752717663365836e-01
-1.501090949095237326e+00 -9.923035114219225239e-02 8.083731515007190893e-01
-2.129069768910512472e+00 -3.159632605587396892e-01 7.808191517966682760e-01
-2.375212272901364940e+00 -4.074808761420359859e-01 7.679273485095987617e-01
-2.239518461067794508e+00 -3.737831978920811427e-01 7.696977416395102134e-01
-1.721988333409801397e+00 -2.148702258088751593e-01 7.861303311864027421e-01
-8.226218899271930951e-01 6.925804010764369245e-02 8.172251171502832312e-01
4.585808693797139846e-01 4.786015998573742714e-01 8.629820995311408005e-01
2.121619944511043077e+00 1.013160453440356434e+00 9.234012783289792248e-01
4.166495335466794181e+00 1.672934600856589071e+00 9.984826535437989481e-01
6.593207042246968186e+00 2.457924042106073070e+00 1.088226225175599637e+00
9.401755064798317463e+00 3.368128777171347288e+00 1.192631993221994868e+00
1.200665953481228954e+01 4.211549519642176165e+00 1.285459768649356516e+00
1.382246291767905788e+01 4.796194307107747967e+00 1.340470363381574437e+00
1.484916521339872908e+01 5.122063139568099999e+00 1.357663777418647966e+00
1.508676642197094075e+01 5.189156017023111467e+00 1.337040010760571329e+00
1.453526654339595758e+01 4.997472939472870301e+00 1.278599063407351633e+00
1.319466557767375647e+01 4.547013906917370285e+00 1.182340935358987766e+00
1.106496352480434986e+01 3.837778919356614082e+00 1.048265626615479951e+00
8.146160384787748399e+00 2.869767976790603470e+00 8.763731371768292977e-01
4.438256157623932552e+00 1.642981079219335339e+00 6.666634670430344745e-01
-5.874915637833405535e-02 1.574182267429694304e-01 4.191366162292669006e-01
-4.496125310934401043e+00 -1.311595860243635947e+00 1.754961122814680530e-01
-8.025206809339834990e+00 -2.488757465852217798e+00 -2.255769881405335353e-02
-1.064599365159550004e+01 -3.374066590083060202e+00 -1.750248170573448503e-01
-1.235848583770140152e+01 -3.967523232936165822e+00 -2.819052424484062014e-01
-1.316268336765753943e+01 -4.269127394411535548e+00 -3.431989749872376150e-01
-1.305858624146391200e+01 -4.278879074509165825e+00 -3.589060146738390911e-01
-1.204619445912051745e+01 -3.996778273229059320e+00 -3.290263615082105741e-01
-1.012550802062736466e+01 -3.422824990571215586e+00 -2.535600154903520087e-01
-7.296526925984440304e+00 -2.557019226535633738e+00 -1.325069766202634503e-01
-3.559251175191008087e+00 -1.399360981122082404e+00 3.413275510208879648e-02
3.184594454275360143e-01 -1.865894369040067002e-01 2.098763392298048647e-01
3.568686565098611485e+00 8.445381613489245654e-01 3.582381518298828893e-01
6.191430183542862231e+00 1.694021813550581790e+00 4.792181928890497655e-01
8.186690300760293582e+00 2.361861519700966916e+00 5.728164624073058819e-01
9.554466916750902428e+00 2.848057279800078945e+00 6.390329603846511830e-01
1.029476003151468433e+01 3.152609093847916544e+00 6.778676868210852247e-01
1.040756964505164994e+01 3.275516961844481933e+00 6.893206417166086730e-01
9.892895757361642950e+00 3.216780883789747136e+00 6.733918250712158660e-01
8.750738368444846316e+00 2.976400859683733469e+00 6.300812368849124656e-01
6.981097478301229842e+00 2.554376889526446259e+00 5.593888771576979169e-01
5.108841655133780080e+00 2.094505310428110612e+00 4.779526699132086720e-01
3.658859489531017584e+00 1.740587944959262279e+00 4.024111738690770990e-01
2.631150981540678835e+00 1.492624793132979022e+00 3.327643890268163207e-01
2.025716131162765166e+00 1.350615854949261063e+00 2.690123153864265593e-01
1.842554938397276132e+00 1.314561130408108625e+00 2.111549529479076759e-01
2.081667403244290782e+00 1.384460619509543022e+00 1.591923017112510108e-01
2.743053525703726514e+00 1.560314322253540498e+00 1.131243616764750493e-01
3.826713305775586438e+00 1.842122238640103049e+00 7.295113284357000738e-02
5.332646743459871885e+00 2.229884368669230899e+00 3.867261521253586437e-02
7.260853838756579748e+00 2.723600712340924712e+00 1.028880878337267574e-02
9.161813009427470789e+00 3.201638321664743714e+00 -1.312933503373868785e-02
1.058600267323430089e+01 3.542364248650250680e+00 -3.251086482861734878e-02
1.153342283017706826e+01 3.745778493297443834e+00 -4.785578060126325500e-02
1.200407348025577647e+01 3.811881055606324065e+00 -5.916408235167642388e-02
1.199795462347038111e+01 3.740671935576866503e+00 -6.643577007985781990e-02
1.151506625982088217e+01 3.532151133209096461e+00 -6.967084378580482018e-02
1.055540838930731873e+01 3.186318648503011719e+00 -6.886930346951908311e-02
9.118981011929697900e+00 2.703174481458616274e+00 -6.403114913100063643e-02
7.205784127688017904e+00 2.082718632075906129e+00 -5.515638077024945934e-02
4.815817736626499368e+00 1.324951100369148538e+00 -4.224499838748058123e-02
2.435365609651282348e+00 5.867262330019610284e-01 -2.766171730525640235e-02
5.506929679013481405e-01 2.489239327642941979e-02 -1.377116264177452934e-02
-8.382001886235080912e-01 -3.605504188074986072e-01 -5.733343970326749625e-04
-1.731313859922791965e+00 -5.696022032496859122e-01 1.193176742896446749e-02
-2.128648045996794913e+00 -6.022629600502177327e-01 2.374414283621930841e-02
-2.030202746845516160e+00 -4.585326892090930695e-01 3.486379182473183652e-02
-1.435977962468955926e+00 -1.384113907263120336e-01 4.529071439450206571e-02
-3.459736928671164335e-01 3.581009353981248200e-01 5.502491054552999250e-02
1.239810061960006315e+00 1.031004289164217935e+00 6.406638027781560996e-02
3.321373301818818735e+00 1.880298670495396340e+00 7.241512359075194527e-02
5.366558196594488628e+00 2.695500137008924657e+00 7.840263511568944244e-02
6.843247514461908487e+00 3.266140804129716635e+00 8.036053677415593011e-02
7.751441255421493537e+00 3.592220671857939251e+00 7.828882856615279606e-02
8.091139419473245553e+00 3.673739740193591174e+00 7.218751049168009581e-02
7.862342006617164536e+00 3.510698009136674624e+00 6.205658255073777385e-02
7.065049016853246044e+00 3.103095478687187381e+00 4.789604474332587875e-02
5.699260450181495408e+00 2.450932148845132108e+00 2.970589706944439662e-02
3.764976306601909961e+00 1.554208019610506142e+00 7.486139529093327472e-03
1.262196586114490593e+00 4.129230909833108143e-01 -1.876322787772735645e-02
-1.809078711281359553e+00 -9.729226370367229926e-01 -4.904220515102335892e-02
-4.799159812438676731e+00 -2.314699766171234963e+00 -7.757584349608646901e-02
-7.058307375634438330e+00 -3.323756876942115301e+00 -9.858875351409354670e-02
-8.586521400632278755e+00 -4.000093969244354675e+00 -1.120809352029435574e-01
-9.383801887432202449e+00 -4.343711043077956191e+00 -1.180523885626366259e-01
-9.450148836034205857e+00 -4.354608098442919406e+00 -1.165031135931726136e-01
-8.785562246438288980e+00 -4.032785135339240767e+00 -1.074331102945515759e-01
-7.390042118644452707e+00 -3.378242153766926048e+00 -9.084237866677355444e-02
-5.263588452652253835e+00 -2.390979153725764306e+00 -6.673091870983353935e-02
-2.406201248462448206e+00 -1.070996135216110812e+00 -3.509873042374009322e-02
1.182119493925275933e+00 5.817069017621827598e-01 4.054186191510378290e-03
4.817342365057858622e+00 2.253235876530311099e+00 4.367805760195985626e-02
7.815409861443789019e+00 3.629684734157853310e+00 7.672284134292718660e-02
1.017632198302085555e+01 4.711053474616261560e+00 1.031885374137711531e-01
1.190007872978906533e+01 5.497342097905538516e+00 1.230751458144918320e-01
1.298668010174840859e+01 5.988550604025681068e+00 1.363826665450891817e-01
1.343612609889891374e+01 6.184678992976698098e+00 1.431110996055638129e-01
1.324841672124041914e+01 6.085727264758521216e+00 1.432604449959133386e-01
1.242355196877306334e+01 5.691695419371210818e+00 1.368307027161395351e-01
1.096153184149684101e+01 5.002583456814766905e+00 1.238218727662423746e-01
8.862356339411761041e+00 4.018391377089189476e+00 1.042339551462219405e-01
6.546716971549671804e+00 2.935942831405541131e+00 8.196780636169037626e-02
4.435305246942422563e+00 1.952061470974885360e+00 6.092428291825992270e-02
2.528121165590019981e+00 1.066747295797221939e+00 4.110338481593060755e-02
8.251647274924608366e-01 2.800003058725502036e-01 2.250511205470239265e-02
-6.735640673505014497e-01 -4.081794987992421464e-01 5.129464634572346304e-03
-1.968065218938335859e+00 -9.977921182179116943e-01 -1.102355744445340444e-02
-3.058338727271325830e+00 -1.488837552383589280e+00 -2.595395418237803065e-02
-3.944384592349472918e+00 -1.881315801296274515e+00 -3.966172557920152886e-02
-4.626202814172774680e+00 -2.175226864955967621e+00 -5.214687163492391642e-02
-5.103793392740020529e+00 -2.370570743362688138e+00 -6.340939234935875912e-02
-5.363818887767834553e+00 -2.467564937397670910e+00 -7.139954164457487651e-02
-5.392942367742471710e+00 -2.466426939645367078e+00 -7.406765163219779236e-02
-5.191163832663872491e+00 -2.367156750105750440e+00 -7.141372231222653522e-02
-4.758483282532111502e+00 -2.169754368778856080e+00 -6.343775368466203490e-02
-4.094900717347172758e+00 -1.874219795664676447e+00 -5.013974574950438162e-02
-3.200416137109055814e+00 -1.480553030763209765e+00 -3.151969850675347823e-02
-2.075029541817758894e+00 -9.887540740744562573e-01 -7.577611956409338601e-03
-7.187409314732864374e-01 -3.988229255984172550e-01 2.168651390152796787e-02
8.684496939243668834e-01 2.892404146649081298e-01 5.627267906705851752e-02
2.686542334243949171e+00 1.075435946659356379e+00 9.618088353699416615e-02
4.374753595099708292e+00 1.805376039227397866e+00 1.326473742042870441e-01
5.572327606249791287e+00 2.324684839434783878e+00 1.569090665481000790e-01
6.279264367694536553e+00 2.633362347281663407e+00 1.689659605684407651e-01
6.495563879433949417e+00 2.731408562768034898e+00 1.688180562653090744e-01
6.221226141468029880e+00 2.618823485893900571e+00 1.564653536387050903e-01
5.456251153796772613e+00 2.295607116659258651e+00 1.319078526886287572e-01
4.200638916420185609e+00 1.761759455064110913e+00 9.514555341508010300e-02
2.454389429338263540e+00 1.017280501108455137e+00 4.617845581805909982e-02
2.175026925510064046e-01 6.217025479229310037e-02 -1.499344010243428005e-02
-2.510021293942112486e+00 -1.103571283884602128e+00 -8.837013434641408094e-02
-5.132531778616073126e+00 -2.227866312417854822e+00 -1.559246700739833902e-01
-7.054332564318068322e+00 -3.058617795835149700e+00 -1.996287150648376196e-01
-8.275423650831385203e+00 -3.595825734044778343e+00 -2.194822693124182100e-01
-8.795805038156036204e+00 -3.839490127046740309e+00 -2.154853328167254112e-01
-8.615476726292014220e+00 -3.789610974841036484e+00 -1.876379055777590565e-01
-7.734438715239316586e+00 -3.446188277427664204e+00 -1.359399875955190906e-01
-6.152691004997948632e+00 -2.809222034806626578e+00 -6.039157887000567992e-02
-3.870233595567438734e+00 -1.878712246977730871e+00 3.900732059880118729e-02
-8.870664869486031279e-01 -6.546589139413074854e-01 1.622567108108659006e-01
2.796810320858909904e+00 8.629379643027821345e-01 3.093565917662042808e-01
6.427164930846270607e+00 2.358855429640820400e+00 4.493006756079152009e-01
9.249736673998224745e+00 3.517858499014218321e+00 5.510814916689871223e-01
1.126452555024618007e+01 4.339947172394307273e+00 6.146990399465996902e-01
1.247153155959013127e+01 4.825121449781088145e+00 6.401533204407533484e-01
1.287075470203007654e+01 4.973381331174558717e+00 6.274443331514475419e-01
1.246219497756587558e+01 4.784726816574657704e+00 5.765720780786703914e-01
1.124585238619767580e+01 4.259157905981452608e+00 4.875365552224396604e-01
9.221726927925470108e+00 3.396674599394936322e+00 3.603377645827497977e-01
6.389818602749261167e+00 2.197276896815111069e+00 1.949757061596005259e-01
2.750127410669053418e+00 6.609647982419786238e-01 -8.549620047007544521e-03
-8.926442441104914804e-01 -8.763480690670000239e-01 -1.808128281462390574e-01
-3.733793957384708317e+00 -2.078748077854360776e+00 -2.523885322472582127e-01
-5.773321729153591875e+00 -2.946235228120103855e+00 -2.232767323500647882e-01
-7.011227559417143596e+00 -3.478809519864228150e+00 -9.347742845465900619e-02
-7.447511448175371029e+00 -3.676470953086740323e+00 1.370093794390092601e-01
-7.082173395428119633e+00 -3.539219527787569319e+00 4.681836913308579096e-01
-5.915213401175534180e+00 -3.067055243966778644e+00 9.000455072209192497e-01
-3.946631465417620888e+00 -2.259978101624370961e+00 1.432594827109192615e+00
-1.176427588154375314e+00 -1.117988100760346715e+00 2.065831650995678892e+00
2.395398230542069573e+00 3.589147585964405085e-01 2.799755978867990880e+00
5.975700070593786606e+00 1.853427504088756894e+00 3.498173333553260989e+00
8.771362267244992239e+00 3.048259267189702637e+00 4.024894433149345474e+00
1.078238482049596847e+01 3.943410047899410298e+00 4.379919277656290078e+00
1.200876773034600475e+01 4.538879846217561465e+00 4.563247867073973119e+00
1.245051099679553275e+01 4.834668662144343543e+00 4.574880201402470981e+00
1.210761461984454002e+01 4.830776495679755200e+00 4.414816280641783663e+00
1.098007859949304077e+01 4.527203346823794661e+00 4.083056104791910279e+00
9.067902935741031456e+00 3.923949215576467253e+00 3.579599673852853492e+00
6.371087628588500529e+00 3.021014101937767649e+00 2.904446987824610193e+00
2.889632678275972033e+00 1.818398005994163569e+00 2.057598046758649879e+00
-7.153264013679601074e-01 5.537853054246753004e-01 1.180533275115251746e+00
-3.782704534503789962e+00 -5.351577550187522903e-01 4.147223038215697155e-01
-6.312501721132201205e+00 -1.448431175336358345e+00 -2.398348671225611073e-01
-8.304717961253199832e+00 -2.186034955528143531e+00 -7.831382377171413056e-01
-9.759353254866782734e+00 -2.747969095594108957e+00 -1.215187807962170963e+00
-1.067640760197295080e+01 -3.134233595534253514e+00 -1.535983577857650495e+00
-1.105588100257170225e+01 -3.344828455348576757e+00 -1.745525547403578681e+00
-1.089777345666304242e+01 -3.379753675037080018e+00 -1.843813716599956631e+00
-1.020208496424696420e+01 -3.239009254599761967e+00 -1.830848085446783680e+00
-8.968815525323202920e+00 -2.922595194036551547e+00 -1.706628653944028073e+00
-7.501449201322773597e+00 -2.518783928569657160e+00 -1.520588466821106710e+00
-6.103493208224421984e+00 -2.115854628234024482e+00 -1.322164340339296196e+00
-4.774947546138560206e+00 -1.713807293061768489e+00 -1.111356274516580811e+00
-3.515812215065188706e+00 -1.312641923052888515e+00 -8.881642693529607779e-01
-2.326087215004307929e+00 -9.123585182073851163e-01 -6.525883248484365406e-01
-1.205772545955915653e+00 -5.129570785252580700e-01 -4.046284410030076550e-01
-1.548682079200125461e-01 -1.144376040065072653e-01 -1.442846178166741211e-01
8.266257991035690367e-01 2.831999053489377971e-01 1.284431447106134661e-01
1.738709475114479819e+00 6.799554495409357857e-01 4.135548465787582950e-01
2.581382820112901211e+00 1.075829028569557311e+00 7.110504877878076613e-01
3.315419308199996529e+00 1.441982381945792202e+00 9.967885177229041105e-01
3.901590917085883792e+00 1.749576149075185105e+00 1.246626464831143366e+00
4.339897646766996075e+00 1.998610329955112785e+00 1.460564329110329629e+00
4.630339497243334712e+00 2.189084924585576353e+00 1.638602110560463343e+00
4.772916468514898369e+00 2.320999932966575141e+00 1.780739809181544508e+00
4.767628560581671060e+00 2.394355355098116256e+00 1.886977424973588224e+00
4.614475773443658113e+00 2.409151190980175272e+00 1.957314957936557631e+00
4.313458107100871075e+00 2.365387440612769510e+00 1.991752408070474045e+00
3.864575561553308169e+00 2.263064103995898524e+00 1.990289775375337467e+00
3.267828136800971173e+00 2.102181181129563203e+00 1.952927059851148561e+00
2.634066313622299926e+00 1.910481025549386702e+00 1.883563790006661076e+00
2.074140572795737381e+00 1.715705990790993951e+00 1.786099494350630090e+00
1.588050914321281759e+00 1.517856076854384062e+00 1.660534172883054937e+00
1.175797338198934394e+00 1.316931283739557479e+00 1.506867825603936062e+00
8.373798444286412179e-01 1.112931611446477564e+00 1.325100452513239047e+00
5.727984330105224675e-01 9.058570599752164831e-01 1.115232053611027840e+00
3.820531039445115296e-01 6.957076293257388189e-01 8.772626288972723563e-01
2.651438572306084041e-01 4.824833194980443496e-01 6.111921783719734824e-01
2.220706928688130355e-01 2.661841304921331308e-01 3.170207020351311078e-01
2.528336108503876911e-01 4.681006231131591699e-02 -5.251800105475148625e-03
2.613575052801350718e-01 -1.392323571182891018e-01 -2.700769115947535548e-01
1.515709351411662908e-01 -2.555379886329628980e-01 -3.919094793051193237e-01
-7.652609956656941659e-02 -3.021068322327075673e-01 -3.707495032365565879e-01
-4.229335988429915316e-01 -2.789388879175062619e-01 -2.065969833890725083e-01
-8.876515626881291698e-01 -1.860341556873740254e-01 1.005480802373233118e-01
-1.470679991101982997e+00 -2.339263554231052478e-02 5.506856876426313718e-01
-2.172018884084553125e+00 2.089856725176846286e-01 1.143815838826852449e+00
-2.991668241635839109e+00 5.111007684926105465e-01 1.879938533789984989e+00
-3.929628063755841172e+00 8.829526523824681172e-01 2.759053772532029658e+00
-4.985898350401298806e+00 1.324541324160336986e+00 3.781161554986098849e+00
-6.041558763516450270e+00 1.761867070383611233e+00 4.762394395337469888e+00
-6.977698037470854153e+00 2.120935823043414548e+00 5.518898835011015969e+00
-7.794316172264705855e+00 2.401747582139829973e+00 6.050674874006928050e+00
-8.491413167898006265e+00 2.604302347672858620e+00 6.357722512325207909e+00
-9.068989024370756269e+00 2.728600119642500488e+00 6.440041749965856432e+00
-9.527043741682955869e+00 2.774640898048755133e+00 6.297632586928872733e+00
-9.865577319834605063e+00 2.742424682891623000e+00 5.930495023214257699e+00
-1.008458975882570030e+01 2.631951474171103644e+00 5.338629058822010442e+00
-1.018408105865624691e+01 2.443221271887197066e+00 4.522034693752130075e+00
-1.016405121932622713e+01 2.176234076039849530e+00 3.480711928004413203e+00
-1.002782512102885448e+01 1.866426940944179602e+00 2.393862170507365050e+00
-9.778727897631620536e+00 1.549239624612305022e+00 1.440700502497371138e+00
-9.416759549135727880e+00 1.224672127057119475e+00 6.212269240396274261e-01
-8.941920075541181845e+00 8.927244482786218516e-01 -6.455856486586779297e-02
-8.354209476847984206e+00 5.533965882768130395e-01 -6.166559642191127288e-01
-7.653627753056126970e+00 2.066885470516925949e-01 -1.035065274020107617e+00
-6.840174904165617242e+00 -1.473996753967394824e-01 -1.319786494268853527e+00
-5.913850930176277387e+00 -5.088680790685480293e-01 -1.470819624965364447e+00
-4.874655831088436919e+00 -8.777166639636044820e-01 -1.488164666109586864e+00
-3.722589606901942627e+00 -1.253945430081972567e+00 -1.371821617701559859e+00
-2.596966164391035559e+00 -1.625268457190100602e+00 -1.191360785130138211e+00
-1.637104724797085353e+00 -1.979399356378187980e+00 -1.016355127712342599e+00
-8.430052881327619874e-01 -2.316338127645116263e+00 -8.468046454544998491e-01
-2.146678543980655718e-01 -2.636084770990887893e+00 -6.827093383566105178e-01
2.479075764070037269e-01 -2.938639286415500873e+00 -5.240692064186742716e-01
5.447210042824834897e-01 -3.224001673919004940e+00 -3.708842496406646871e-01
6.757724292282690781e-01 -3.492171933501298842e+00 -2.231544680226359434e-01
6.410618512444273831e-01 -3.743150065162434537e+00 -8.087986156456034026e-02
4.405892703309582936e-01 -3.976936068902412913e+00 5.593956973356201123e-02
7.435468648786236479e-02 -4.193529944721232638e+00 1.873038258717311111e-01
-3.912385397540095733e-01 -4.396052436287920528e+00 3.489130437608813362e-01
-8.897870478638070235e-01 -4.587624287271504286e+00 5.764673603119471190e-01
-1.421290837841529209e+00 -4.768245497671983024e+00 8.699667755249282930e-01
-1.985749909687176240e+00 -4.937916067489357630e+00 1.229411289399824803e+00
-2.583164263400857585e+00 -5.096635996723653861e+00 1.654800901936718471e+00
-3.213533898982360526e+00 -5.244405285374816650e+00 2.146135613135457643e+00
-3.876858816431788757e+00 -5.381223933442874419e+00 2.703415422996112483e+00
-4.573139015749141834e+00 -5.507091940927827167e+00 3.326640331518683436e+00
-5.302374496934420200e+00 -5.622009307829676672e+00 4.015810338703168725e+00
-6.064565259981734791e+00 -5.725976034144188098e+00 4.770925444530768722e+00
-6.794964197711709453e+00 -5.772467157349796985e+00 5.385264324823576310e+00
-7.428826672786308372e+00 -5.714959489664856562e+00 5.652113540989543772e+00
-7.966152685205620365e+00 -5.553453031089331304e+00 5.571473093028629364e+00
-8.406942234969452699e+00 -5.287947781623275390e+00 5.143342980940858844e+00
-8.751195322077915506e+00 -4.918443741266671942e+00 4.367723204726252639e+00
-8.998911946531000794e+00 -4.444940910019520963e+00 3.244613764384806309e+00
-9.150092108328712115e+00 -3.867439287881819787e+00 1.774014659916521630e+00
-9.204735807471053022e+00 -3.185938874853572411e+00 -4.407410867859962167e-02
-9.162843043958016409e+00 -2.400439670934774838e+00 -2.209652541400560111e+00
-9.024413817783329961e+00 -1.510941676168674475e+00 -4.722720638098035550e+00
-8.772198176918532653e+00 -6.363210027471573049e-01 -7.167310734257880789e+00
-8.388947485333167364e+00 1.045553061893153279e-01 -9.127486899515295349e+00
-7.874661743027200345e+00 7.116872506409094301e-01 -1.060324913387075441e+01
-7.229340950000634258e+00 1.185074830607624863e+00 -1.159459743732425530e+01
-6.452985106253468217e+00 1.524718046089463153e+00 -1.210153180987580512e+01
-5.545594211785700445e+00 1.730616897086422856e+00 -1.212405225152540211e+01
-4.507168266597333606e+00 1.802771383598504640e+00 -1.166215876227304449e+01
-3.337707270688367700e+00 1.741181505625708725e+00 -1.071585134211873225e+01
-2.037211224058800951e+00 1.545847263168034003e+00 -9.285129991062463617e+00
-6.056801267083673501e-01 1.216768656225410972e+00 -7.369994709103859343e+00
7.932410935748587244e-01 8.462204250425383600e-01 -5.353773472426126112e+00
1.995895023588754258e+00 5.264843500357611061e-01 -3.619823503512328067e+00
3.002281663273782986e+00 2.575604312386503558e-01 -2.168144802501921653e+00
3.812401012629946795e+00 3.944866865120552624e-02 -9.987373693949076481e-01
4.426253071657246352e+00 -1.278509377265730496e-01 -1.116012041912867736e-01
4.843837840355675439e+00 -2.443383878946853438e-01 4.932636931089412480e-01
5.065155318725243383e+00 -3.100136818531316063e-01 8.158573225057773604e-01
5.090205506765931531e+00 -3.248768196019097831e-01 8.561796839992026342e-01
4.918988404477731002e+00 -2.889278011410146840e-01 6.142307775892033028e-01
4.551504011860664889e+00 -2.021666264704533034e-01 9.001060327581122955e-02
4.076754610449739857e+00 -9.748478876510531521e-02 -5.169407509176330295e-01
3.583745876988024825e+00 -7.775035925693871836e-03 -1.007075585026794062e+00
3.072477811483614207e+00 6.696263204478955511e-02 -1.380393899033522498e+00
2.542950413936508891e+00 1.267282151463449968e-01 -1.636895692937820224e+00
1.995163684346708211e+00 1.715217133789724568e-01 -1.776580966739686129e+00
1.429117622714110025e+00 2.013431267426757099e-01 -1.799449720439113332e+00
8.448122290389157296e-01 2.161924552374444031e-01 -1.705501954036095391e+00
2.422475033210262918e-01 2.160696988632851145e-01 -1.494737667530644964e+00
-3.785765544395587323e-01 2.009748576201977333e-01 -1.167156860922763162e+00
-1.017659944242838677e+00 1.709079315081823980e-01 -7.227595342124498723e-01
-1.627801503878950395e+00 1.360623790951516199e-01 -2.512212431972633553e-01
-2.161800071138031853e+00 1.066316589490180350e-01 1.577824563252377410e-01
-2.619655646020082607e+00 8.261577106978167107e-02 5.042515643550530280e-01
-3.001368228525101767e+00 6.401471545744252811e-02 7.881860808921826722e-01
-3.306937818653137739e+00 5.082849211199873957e-02 1.009586005936660369e+00
-3.536364416404081723e+00 4.305710103345498918e-02 1.168451339488408181e+00
-3.689648021777994558e+00 4.070054222180843895e-02 1.264782081547469739e+00
-3.766788634774877131e+00 4.375881567705910274e-02 1.298578232113846376e+00
-3.767786255394727668e+00 5.223192139920697363e-02 1.269839791187536981e+00
-3.692640883640502469e+00 6.611985938816856978e-02 1.178566758770497991e+00
-3.573844707185458436e+00 8.450447959709730950e-02 1.046265182913358460e+00
-3.443888674256766258e+00 1.064676670028727457e-01 8.944402912976379127e-01
-3.302772784854400179e+00 1.320094216054996661e-01 7.230920839233047070e-01
-3.150497038978410824e+00 1.611297434049691057e-01 5.322205607904197944e-01
-2.987061436628773770e+00 1.938286324012851725e-01 3.218257218989539759e-01
-2.812465977805489015e+00 2.301060885944479217e-01 9.190756724890769558e-02
-2.626710662508556560e+00 2.699621119844573536e-01 -1.575339031597193795e-01
-2.429795490737976404e+00 3.133967025713134680e-01 -4.264986893269268053e-01
-2.221720462493748549e+00 3.604098603550163205e-01 -7.149867912527151370e-01
-2.002485577774270720e+00 4.110015853215699955e-01 -1.022998208929844166e+00
-1.767688211218562122e+00 4.266991484155060466e-01 -1.330631210935113273e+00
-1.512926073341806177e+00 3.690327556636786577e-01 -1.617985584147125788e+00
-1.238199164143962694e+00 2.380024070660970437e-01 -1.885061328565937000e+00
-9.435074836250325614e-01 3.360810262276114901e-02 -2.131858444191547797e+00
-6.288510317850145581e-01 -2.441501576663290818e-01 -2.358376931023957734e+00
-2.942298086239099053e-01 -5.952723738011735932e-01 -2.564616789063168145e+00
6.035618585828239624e-02 -1.019758545781771941e+00 -2.750578018309176809e+00
4.349069516615615694e-01 -1.517608673608124903e+00 -2.916260618761985057e+00
8.294224887859276141e-01 -2.088822757280231812e+00 -3.061664590421592891e+00
1.243902797231456692e+00 -2.733400796798214571e+00 -3.186789933288019405e+00
1.678347876998001142e+00 -3.451342792161843143e+00 -3.291636647361222412e+00
2.132757728085632909e+00 -4.242648743371225883e+00 -3.376204732641224560e+00
2.607132350494351769e+00 -5.107318650426362794e+00 -3.440494189128026292e+00
3.101471744224157057e+00 -6.045352513327253874e+00 -3.484505016821626722e+00
3.615775909275050104e+00 -7.056750332073900012e+00 -3.508237215722026292e+00
4.150044845647030911e+00 -8.141512106666299431e+00 -3.511690785829225447e+00
4.704278553340097702e+00 -9.299637837104453908e+00 -3.494865727143224632e+00
5.278477032354357057e+00 -1.053112752338858904e+01 -3.457762039664014520e+00
5.872640282689602031e+00 -1.183598116551826251e+01 -3.400379723391607989e+00
6.486768304345934766e+00 -1.321419876349369282e+01 -3.322718778326001043e+00
7.120861097323353484e+00 -1.466578031731487641e+01 -3.224779204467194127e+00
7.774918661621860849e+00 -1.619072582698181506e+01 -3.106561001815185463e+00
8.448940997241454198e+00 -1.778903529249451054e+01 -2.968064170369976384e+00
9.142928104182136195e+00 -1.946070871385295575e+01 -2.809288710131566891e+00
