-6.899767039232305166e-01 -1.394286403020332521e-01 -3.589700621445762185e-01
-6.870804445431084595e-01 -1.408096243968819661e-01 -3.574523883456335871e-01
-6.852041476914448870e-01 -1.417031946636288509e-01 -3.564746856244000450e-01
-6.843503093130509640e-01 -1.421093288398938004e-01 -3.560321652376187140e-01
-6.845214161868952152e-01 -1.420280601785208763e-01 -3.561200338650667430e-01
-6.857199456715667996e-01 -1.414594774427374302e-01 -3.567334941007684890e-01
-6.879483656043487994e-01 -1.404037253115785755e-01 -3.578677450311539276e-01
-6.912091343491146844e-01 -1.388610051953223234e-01 -3.595179829093236856e-01
-6.955047009881814013e-01 -1.368315764604758067e-01 -3.616794019347004396e-01
-7.008375056531254144e-01 -1.343157580636425430e-01 -3.643471951475711346e-01
-7.072099799893928340e-01 -1.313139305933734846e-01 -3.675165554483423858e-01
-7.125550023094914254e-01 -1.287996347314133427e-01 -3.701603522120949785e-01
-7.147989063961871503e-01 -1.277457885760579781e-01 -3.712642589943100924e-01
-7.139343236410128357e-01 -1.281517554573737283e-01 -3.708426815833252843e-01
-7.099539137042626402e-01 -1.300167252125205009e-01 -3.689100313292207889e-01
-7.028503664240119964e-01 -1.333397173873380748e-01 -3.654807242913375998e-01
-6.926164050010298334e-01 -1.381195881827620986e-01 -3.605691813481233243e-01
-6.792447904169197637e-01 -1.443550411388475063e-01 -3.541898293521176244e-01
-6.627283270460081477e-01 -1.520446415478290125e-01 -3.463571034066460497e-01
-6.430598694261919768e-01 -1.611868345867663033e-01 -3.370854503317345929e-01
-6.202323301602017391e-01 -1.717799671600075406e-01 -3.263893333749037229e-01
-5.948009783056551480e-01 -1.835620176792621128e-01 -3.145449157834481202e-01
-5.673227622904661871e-01 -1.962712924084573374e-01 -3.018248923140042783e-01
-5.377931944180002199e-01 -2.099065382618532927e-01 -2.882385499062432577e-01
-5.062078352798264902e-01 -2.244664707208488819e-01 -2.737951936587854629e-01
-4.725622998042899869e-01 -2.399497916145994503e-01 -2.585041514883151814e-01
-4.368522637496924932e-01 -2.563552084148993937e-01 -2.423747793430718611e-01
-3.990734706571970047e-01 -2.736814550464721774e-01 -2.254164669418708411e-01
-3.592217392839108236e-01 -2.919273142154709677e-01 -2.076386439992566335e-01
-3.172929715422239116e-01 -3.110916412607805381e-01 -1.890507868860744622e-01
-2.732831609773835324e-01 -3.311733895345418954e-01 -1.696624256626202143e-01
-2.288004079634790855e-01 -3.505686619874592846e-01 -1.502075548779194247e-01
-1.854593254053785722e-01 -3.676743503344298003e-01 -1.314075026469579965e-01
-1.432654734406146879e-01 -3.824908039485293565e-01 -1.132534247789082210e-01
-1.022240538836024920e-01 -3.950185025342373146e-01 -9.573725464025446830e-02
-6.233990527258818914e-02 -4.052580349081579825e-01 -7.885169921873676213e-02
-2.361749969161926893e-02 -4.132100805086458828e-01 -6.259023602321274471e-02
1.393905886238879475e-02 -4.188753935009676965e-01 -4.694711077251029901e-02
5.032603479160277504e-02 -4.222547893449953293e-01 -3.191733581559966920e-02
8.554006010753664735e-02 -4.233491336928854598e-01 -1.749668921666887311e-02
1.195781327550237139e-01 -4.221593334847309475e-01 -3.681714431659102553e-03
1.523971399567539964e-01 -4.186675543356695450e-01 9.513686500815807592e-03
1.839541134389081622e-01 -4.128559094793021189e-01 2.207498893934476888e-02
2.142467996995288948e-01 -4.047252995342929260e-01 3.400354853748308731e-02
2.432732892429960436e-01 -3.942766832209909089e-01 4.529993074561133176e-02
2.710320157876209279e-01 -3.815110754374925750e-01 5.596391112649460459e-02
2.975217558205570656e-01 -3.664295467885250734e-01 6.599447555856502445e-02
3.227416287161181674e-01 -3.490332244255790473e-01 7.538982041177627602e-02
3.466910976333369976e-01 -3.293232940570465228e-01 8.414735278148592623e-02
3.693699714085169061e-01 -3.073010029873766147e-01 9.226369086631486249e-02
3.907784076585585353e-01 -2.829676640444254154e-01 9.973466457653916428e-02
4.109301505735165616e-01 -2.563294827869546100e-01 1.065604484426787013e-01
4.298391497534079786e-01 -2.273926424427321069e-01 1.127403524076558000e-01
4.475063865030687316e-01 -1.961585481426804389e-01 1.182677319056197190e-01
4.639331853015466467e-01 -1.626287086520714908e-01 1.231351623006672336e-01
4.791212256504433498e-01 -1.268047428495445716e-01 1.273344425143589642e-01
4.930725564145098105e-01 -8.868838624449419672e-02 1.308565994009190658e-01
5.057896128631826915e-01 -4.828149739396406237e-02 1.336918929717858806e-01
5.172752366194349749e-01 -5.586064079350004825e-03 1.358298225795955272e-01
5.275326987192933137e-01 3.939579089785135574e-02 1.372591341820154076e-01
5.365657259815328484e-01 8.666180444337662214e-02 1.379678288182065726e-01
5.447214102473636466e-01 1.336181137819065778e-01 1.382521687665566046e-01
5.523415643290480181e-01 1.776725042954421796e-01 1.384268571691350536e-01
5.594223909748515799e-01 2.188251913980300556e-01 1.385069882705941557e-01
5.659601211509553975e-01 2.570764978627521069e-01 1.385076346764774202e-01
5.719509851429112057e-01 2.924268587740065373e-01 1.384438388436724787e-01
5.773911866567608131e-01 3.248768258927298147e-01 1.383306051749877419e-01
5.822768799203253964e-01 3.544270714334080141e-01 1.381828926921811473e-01
5.866041497805564164e-01 3.810783912524859929e-01 1.380156082799303408e-01
5.903689947885484290e-01 4.048317074486283973e-01 1.378436005094476891e-01
5.935673132597880652e-01 4.256880703762156437e-01 1.376816540647316511e-01
5.961945309424034889e-01 4.436488792911302270e-01 1.375445233055498651e-01
5.982460956818018705e-01 4.587154530512983497e-01 1.374469460670580678e-01
5.997177920053697875e-01 4.708889119293967473e-01 1.374035852627676357e-01
6.006053106793629581e-01 4.801705015880904370e-01 1.374290389886449193e-01
6.009042420326901057e-01 4.865615936666998209e-01 1.375378368729521239e-01
6.006100721467874104e-01 4.900636858038279198e-01 1.377444372412147955e-01
5.997181818850527701e-01 4.906784011029707848e-01 1.380632251568291446e-01
5.982238487335154176e-01 4.884074870490236475e-01 1.385085114000736695e-01
5.961222514231189207e-01 4.832528138843180110e-01 1.390945324487374013e-01
5.934084773032743954e-01 4.752163724533941536e-01 1.398354515222330341e-01
5.900759452562359675e-01 4.643028036691499438e-01 1.407445328403516271e-01
5.861181372470745110e-01 4.505166618293137137e-01 1.418350048873916469e-01
5.815301117856461754e-01 4.338599846533298665e-01 1.431208713362880913e-01
5.763068557556446647e-01 4.143349247146140835e-01 1.446160687419034141e-01
5.704432982849289013e-01 3.919437460597480216e-01 1.463344706343842894e-01
5.639343272273555918e-01 3.666888203352740017e-01 1.482898928530399785e-01
5.567748082353397576e-01 3.385726224295192988e-01 1.504961001461874726e-01
5.489596064063780867e-01 3.075977256354519573e-01 1.529668140506991181e-01
5.404836104916063144e-01 2.737667963387589998e-01 1.557157220517402796e-01
5.313417596601405224e-01 2.370825882331304424e-01 1.587564880083820462e-01
5.213774265776393024e-01 1.996550125566312894e-01 1.618611786340849734e-01
5.104390534836339421e-01 1.635924994551165024e-01 1.647866434596197138e-01
4.985292551257993199e-01 1.288956519430178027e-01 1.675240932615795764e-01
4.856506583203786809e-01 9.556504883870436950e-02 1.700652517403253294e-01
4.718058879971404607e-01 6.360124969844874188e-02 1.724023519531227844e-01
4.569975548327056547e-01 3.300479999549893462e-02 1.745281329768970380e-01
4.412282443877310056e-01 3.776236490142624493e-03 1.764358368239990760e-01
4.245005076643222353e-01 -2.408390726338044407e-02 1.781192056300173188e-01
4.068168530008843264e-01 -5.057509532733869828e-02 1.795724791288888511e-01
3.881797392223793053e-01 -7.569678376262967134e-02 1.807903924273894236e-01
3.685915971511934397e-01 -9.944919973468802077e-02 1.817682800100507978e-01
3.480547560320068068e-01 -1.218324045901919006e-01 1.825019260550129752e-01
3.265714525270858593e-01 -1.428455798910222840e-01 1.829874817063285586e-01
3.041438811783263585e-01 -1.624878821792323791e-01 1.832215918675505484e-01
2.807741910297158472e-01 -1.807584392604608681e-01 1.832013940866945023e-01
2.564644830207625237e-01 -1.976563467870140478e-01 1.829245177649802545e-01
2.312168080712553586e-01 -2.131806651948887077e-01 1.823890836926727044e-01
2.050331657779622119e-01 -2.273304170492434773e-01 1.815937039144486509e-01
1.779155036440409066e-01 -2.401045848530996285e-01 1.805374819259340791e-01
1.498657167620515152e-01 -2.515021093743705638e-01 1.792200132023466230e-01
1.208850193171288473e-01 -2.615227799970297196e-01 1.776418253264806790e-01
9.097457605634554079e-02 -2.701662386226760804e-01 1.758039026130214233e-01
6.013613912005006529e-02 -2.774311401780108488e-01 1.737072649497998778e-01
2.837142151730134149e-02 -2.833160973585646669e-01 1.713534264845049948e-01
-4.317902590085280316e-03 -2.878196828108347538e-01 1.687443973022565991e-01
-3.793019763157699092e-02 -2.909404321636652191e-01 1.658826854292066166e-01
-7.246386647966003569e-02 -2.926768479661125411e-01 1.627712991566962197e-01
-1.079173504891001029e-01 -2.930274045898084712e-01 1.594137496785558994e-01
-1.442891298037869974e-01 -2.919905541546657379e-01 1.558140540318533884e-01
-1.815777240114883062e-01 -2.895647335376803633e-01 1.519767383287016216e-01
-2.181507841892913468e-01 -2.861344405216680320e-01 1.478610782110294231e-01
-2.523769101242286927e-01 -2.820871113971540889e-01 1.434194498697125286e-01
-2.842561540261769326e-01 -2.774254099640739435e-01 1.386466451929469768e-01
-3.137886102923904685e-01 -2.721517757132971282e-01 1.335377592004476921e-01
-3.409744136153974314e-01 -2.662684164348594340e-01 1.280881865807366460e-01
-3.658137369768580949e-01 -2.597773020380443887e-01 1.222936189479807284e-01
-3.883067895586483909e-01 -2.526801595018680069e-01 1.161500427555880177e-01
-4.084538146025135652e-01 -2.449784688759701068e-01 1.096537378005509739e-01
-4.262550872497182786e-01 -2.366734602529124154e-01 1.028012762499975336e-01
-4.417109123921813540e-01 -2.277661116334473157e-01 9.558952211957831568e-02
-4.548217449078540420e-01 -2.182565241356219932e-01 8.801553218943752865e-02
-4.655880007310741475e-01 -2.081445824116291143e-01 8.007667384992141202e-02
-4.740099650739224013e-01 -1.974305716365485630e-01 7.177072221442698519e-02
-4.800879457258112604e-01 -1.861145387168640919e-01 6.309575416758413102e-02
-4.838222719376943370e-01 -1.741962918070604216e-01 5.405014830354153837e-02
-4.852132935060680108e-01 -1.616754002344502616e-01 4.463258490852123339e-02
-4.842613800886269027e-01 -1.485511947496075125e-01 3.484204592019284064e-02
-4.809669207833465188e-01 -1.348227680192243538e-01 2.467781479712062229e-02
-4.753303240026340304e-01 -1.204889752777105610e-01 1.413947623234651507e-02
-4.673520176740227905e-01 -1.055484350534777599e-01 3.226915646020196444e-03
-4.570331396905915611e-01 -8.999903717850692153e-02 -8.060347868560573115e-03
-4.443747927664679631e-01 -7.383847850977218186e-02 -1.972246261020111149e-02
-4.293773814137683553e-01 -5.706474189711008282e-02 -3.175858866039361905e-02
-4.120413309215443798e-01 -3.967558443218555803e-02 -4.416758023311959103e-02
-3.923670897176032013e-01 -2.166853680611972172e-02 -5.694798793466514242e-02
-3.703551322443436322e-01 -3.040902229494796272e-03 -7.009806160279860587e-02
-3.460059623789173977e-01 1.621024516701721069e-02 -8.361575378784584511e-02
-3.193201174276319998e-01 3.608806253110327655e-02 -9.749872393954682470e-02
-2.902981727240668275e-01 5.659594116345970788e-02 -1.117443433654870255e-01
-2.589407468598814988e-01 7.773751014264515535e-02 -1.263497010294048484e-01
-2.270040785090400304e-01 9.897407463008370265e-02 -1.407097661616905637e-01
-1.962440952875341704e-01 1.197620030996747881e-01 -1.542230313725186375e-01
-1.666610727497034872e-01 1.400977883473696062e-01 -1.668917591712276716e-01
-1.382553996335008362e-01 1.599780374498818436e-01 -1.787183364988893519e-01
-1.110275734516013163e-01 1.793994681835337501e-01 -1.897052702043704742e-01
-8.497819629240932482e-02 1.983589054258082240e-01 -1.998551830269843232e-01
-6.010797082818972181e-02 2.168532775740947272e-01 -2.091708100563024475e-01
-3.641769652724955592e-02 2.348796130138405547e-01 -2.176549956408258268e-01
-1.390826606691622502e-02 2.524350366663282164e-01 -2.253106907183264063e-01
7.419338056035701401e-03 2.695167666444731602e-01 -2.321409505418474406e-01
2.756404226377594940e-02 2.861217634335890825e-01 -2.381489601854304139e-01
4.652468619218783769e-02 3.022470539438877335e-01 -2.433379732528687944e-01
6.430002400200586499e-02 3.178900927098980977e-01 -2.477113063533781800e-01
8.088872213138995071e-02 3.330484234437511848e-01 -2.512723836542521960e-01
9.628936238664496938e-02 3.477196759851972074e-01 -2.540247357303428988e-01
1.105004448576800413e-01 3.619015634983240304e-01 -2.559719986832763028e-01
1.235203906603114243e-01 3.755918799374187711e-01 -2.571179135100829516e-01
1.353475445072490624e-01 3.887884978036897365e-01 -2.574663257020676776e-01
1.459801771093260925e-01 4.014893662139672470e-01 -2.570211850558142830e-01
1.554164874082624714e-01 4.136925093019936384e-01 -2.557865456792400849e-01
1.636552444520391336e-01 4.253959358963549930e-01 -2.537664878247982148e-01
1.706951026896454393e-01 4.365977449874201000e-01 -2.509651745324489869e-01
1.765339833416829651e-01 4.472962062958685814e-01 -2.473869445859964433e-01
1.811697383822895857e-01 4.574896619621003357e-01 -2.430362466401043975e-01
1.846001525695210865e-01 4.671765259980855678e-01 -2.379176397089671213e-01
1.868229453153923969e-01 4.763552841953453409e-01 -2.320357937531212222e-01
1.878357723950460911e-01 4.850244945090330106e-01 -2.253954903512098429e-01
1.876362274944718134e-01 4.931827879380920043e-01 -2.180016234439376699e-01
1.862218435962337826e-01 5.008288699215072137e-01 -2.098592001377498351e-01
1.835900942027724747e-01 5.079615222707508648e-01 -2.009733415559420977e-01
1.800005796434926142e-01 5.138256816317230413e-01 -1.920873284639074974e-01
1.757197579354702888e-01 5.176652859778300142e-01 -1.839408763014054038e-01
1.707552545378563935e-01 5.194777384245814478e-01 -1.765339060849616115e-01
1.651145630189779778e-01 5.192605494153648138e-01 -1.698663928756305175e-01
1.588050437980076945e-01 5.170113343028497344e-01 -1.639383664408381180e-01
1.518339230606804702e-01 5.127278113471428478e-01 -1.587499130072381470e-01
1.442082918316635043e-01 5.064078001229922465e-01 -1.543011780654444665e-01
1.359351051854324477e-01 4.980492203288822695e-01 -1.505923701874533893e-01
1.270211815762684049e-01 4.876500909915517656e-01 -1.476237658175234835e-01
1.174732022662666603e-01 4.752085300603041684e-01 -1.453957149972534002e-01
1.072976123017049532e-01 4.607226633477772282e-01 -1.439082785005049159e-01
9.650073147004231688e-02 4.441906826450712775e-01 -1.431616705026997893e-01
8.508884969095284467e-02 4.256109523174355092e-01 -1.431565914296815401e-01
7.306812250033803413e-02 4.049819347868666153e-01 -1.438938285404929296e-01
6.044457010509192429e-02 3.823021912352888574e-01 -1.453742630792802526e-01
4.722407634098185064e-02 3.575703826815866959e-01 -1.475988781344792777e-01
3.341238749655401491e-02 3.307852714322365162e-01 -1.505687671657601479e-01
1.901511096215707103e-02 3.019457229064089199e-01 -1.542851431585408883e-01
4.037713659097218709e-03 2.710507078375324341e-01 -1.587493483650397330e-01
-1.151447980037638083e-02 2.380993048544087498e-01 -1.639628645897918680e-01
-2.763674161441232249e-02 2.030917439617715980e-01 -1.699289159756291467e-01
-4.432444924707731881e-02 1.660283013661337514e-01 -1.766507949118676368e-01
-6.157265209966943792e-02 1.269082885541856776e-01 -1.841303022535950851e-01
-7.937654636748052439e-02 8.573112754752636178e-02 -1.923693876992206286e-01
-9.773147876562006398e-02 4.249635456649934750e-02 -2.013701601305557254e-01
-1.166329508354038702e-01 -2.796375921061660351e-03 -2.111348982342485803e-01
-1.360766239024324142e-01 -5.014728676162862747e-02 -2.216660613492099363e-01
-1.560583247621162295e-01 -9.955647328386280082e-02 -2.329663004807446813e-01
-1.765740521727982570e-01 -1.510238980682499232e-01 -2.450384694175761768e-01
-1.976199842409463725e-01 -2.045493853145509133e-01 -2.578856358827402162e-01
-2.179955614024877975e-01 -2.574488999580872850e-01 -2.709220646797188548e-01
-2.365079906132150356e-01 -3.070359354390649886e-01 -2.835582325868117870e-01
-2.531653489895984710e-01 -3.533062470898089558e-01 -2.957918756300910723e-01
-2.679759491212911904e-01 -3.962554616008767683e-01 -3.076210008325731549e-01
-2.809483368723972863e-01 -4.358790836717590933e-01 -3.190438649556409101e-01
-2.920912900017139657e-01 -4.721725021883165230e-01 -3.300589550560712460e-01
-3.014138174656600944e-01 -5.051309959782328551e-01 -3.406649709739312804e-01
-3.089251592830830062e-01 -5.347497391886337770e-01 -3.508608098633156369e-01
-3.146347868554758564e-01 -5.610238063231902661e-01 -3.606455528755109774e-01
-3.185524036494170597e-01 -5.839481769700171077e-01 -3.700184541026425578e-01
-3.206879360769995246e-01 -6.035180688386290182e-01 -3.789778064740320640e-01
-3.210515091800230092e-01 -6.197285269886663173e-01 -3.875222194716868018e-01
-3.196534868424156239e-01 -6.325741312072792333e-01 -3.956516726314537324e-01
-3.165044843587853096e-01 -6.420493687236769054e-01 -4.033663084054405767e-01
-3.116153695161066328e-01 -6.481486389208489518e-01 -4.106664276033010763e-01
-3.049972635512651076e-01 -6.508662579008042126e-01 -4.175524877545307434e-01
-2.966615419379394214e-01 -6.501964629118021088e-01 -4.240251045076771641e-01
-2.866198349597008366e-01 -6.461334166455443562e-01 -4.300850561827879726e-01
-2.748840280274856829e-01 -6.386712114129636797e-01 -4.357332915937429108e-01
-2.614662616986432875e-01 -6.278038732091528740e-01 -4.409709412573228904e-01
-2.463785408258933052e-01 -6.135272924690093888e-01 -4.457992844930255827e-01
-2.296330881600975871e-01 -5.958371434939206956e-01 -4.502198859093360928e-01
-2.112427656007618837e-01 -5.747270332571279283e-01 -4.542345827516539591e-01
-1.912207046848283798e-01 -5.501905093105015077e-01 -4.578454058561959861e-01
-1.695803042140138495e-01 -5.222210647400740147e-01 -4.610546015641526219e-01
-1.463352271196818322e-01 -4.908121431664392298e-01 -4.638646577502745783e-01
-1.214993964737484250e-01 -4.559571438295677570e-01 -4.662783340820481071e-01
-9.508699053429824077e-02 -4.176494268092165729e-01 -4.682986966222310032e-01
-6.711243669118918675e-02 -3.758823184452049770e-01 -4.699291568832939525e-01
-3.759040415005791835e-02 -3.306491170367960031e-01 -4.711735154370069178e-01
-8.715755569815811232e-03 -2.848740097704121066e-01 -4.723245658324974339e-01
1.733362802057453536e-02 -2.414946506154098393e-01 -4.736670702723477788e-01
4.056867546110390355e-02 -2.005243726934731741e-01 -4.751936020187355059e-01
6.100053955068882039e-02 -1.619765270500147236e-01 -4.768973916218037790e-01
7.864058440984487974e-02 -1.258644740455543976e-01 -4.787722915404770130e-01
9.350037528051595437e-02 -9.220157650590636578e-02 -4.808127445979092918e-01
1.055916705303540787e-01 -6.100119439245355740e-02 -4.830137563641569431e-01
1.149264156470901493e-01 -3.227668077221618886e-02 -4.853708715450568700e-01
1.215167390252585439e-01 -6.041378883563495832e-03 -4.878801544456314865e-01
1.253749493623277089e-01 1.769137989264079822e-02 -4.905381735681675903e-01
1.265140044679300135e-01 3.890868217657905692e-02 -4.933410438946999044e-01
1.249469037214422928e-01 5.759748824962034053e-02 -4.962854036960208104e-01
1.206862952125793975e-01 7.374429335243123940e-02 -4.993693676835214146e-01
1.137450171966133822e-01 8.733560300857098890e-02 -5.025915643388523257e-01
1.041360987345442274e-01 9.835793518446374339e-02 -5.059511313226611184e-01
9.187276100638767928e-02 1.067978225431473194e-01 -5.094477153186692808e-01
7.696841914939034357e-02 1.126418149506382832e-01 -5.130814763633571030e-01
5.943668447447812697e-02 1.158764823956848766e-01 -5.168530967112722196e-01
3.929136691334485926e-02 1.164884184880733281e-01 -5.207637942857864521e-01
1.654647754512037286e-02 1.144642447076381353e-01 -5.248153407647958568e-01
-8.781978129732036925e-03 1.097924581655913834e-01 -5.290119731167989281e-01
-3.667796516914156868e-02 1.024614265059305834e-01 -5.333584148792739343e-01
-6.712712072415373543e-02 9.245763011143715016e-02 -5.378580215863361103e-01
-1.001148744929122869e-01 7.976759532965733979e-02 -5.425147372157010928e-01
-1.356264486732933205e-01 6.437790485030685239e-02 -5.473331248181872999e-01
-1.736468589091388626e-01 4.627520996658106983e-02 -5.523184020393447913e-01
-2.141609164532990994e-01 2.544624496637188857e-02 -5.574764815565161902e-01
-2.571532317928696409e-01 1.877843922239146295e-03 -5.628140164430718295e-01
-3.026082200071287809e-01 -2.444303982574148881e-02 -5.683384504569417572e-01
-3.505101081572125077e-01 -5.352931117269382061e-02 -5.740580732324239710e-01
-3.979122661737683475e-01 -8.309219383531921133e-02 -5.794616714339481112e-01
-4.418852533051761400e-01 -1.108232721764437351e-01 -5.840291027935099466e-01
-4.824390122017014892e-01 -1.367061613043672186e-01 -5.877560226811630040e-01
-5.195834600974137407e-01 -1.607247864413326732e-01 -5.906381483930986942e-01
-5.533284848437226566e-01 -1.828633943177768451e-01 -5.926712173513905002e-01
-5.836839404291364053e-01 -2.031065631500155733e-01 -5.938509508723678332e-01
-6.106596419941276999e-01 -2.214392112337963403e-01 -5.941730233835981201e-01
-6.342653603686658759e-01 -2.378466041590309166e-01 -5.936330369611044766e-01
-6.545108161760178067e-01 -2.523143606282695073e-01 -5.922265010506514438e-01
-6.714056735599600589e-01 -2.648284568430679387e-01 -5.899488172296927235e-01
-6.849607190340853968e-01 -2.753763097795954851e-01 -5.867935174843701418e-01
-6.951864721352790655e-01 -2.839454807771396583e-01 -5.827543245123387727e-01
-7.020921006084422933e-01 -2.905226874524911573e-01 -5.778267846013622755e-01
-7.056867010662942752e-01 -2.950949884712479321e-01 -5.720063662367135260e-01
-7.059792927772706728e-01 -2.976497838976776555e-01 -5.652884559470436887e-01
-7.029788113909969383e-01 -2.981748139826587152e-01 -5.576683582981603049e-01
-6.966941026797435210e-01 -2.966581563367060026e-01 -5.491412998728116834e-01
-6.871339163731489119e-01 -2.930882214389929352e-01 -5.397024370729941456e-01
-6.743069001603276824e-01 -2.874537464398352893e-01 -5.293468675808798984e-01
-6.582215939282888284e-01 -2.797437872230903455e-01 -5.180696453154109982e-01
-6.388873936570997891e-01 -2.699496199720773926e-01 -5.058630513927087069e-01
-6.163134568044881245e-01 -2.580626886838079947e-01 -4.927195832926836716e-01
-5.905077967042825504e-01 -2.440727601903679433e-01 -4.786345831098421377e-01
-5.614783101138262067e-01 -2.279698944152247497e-01 -4.636033886400189874e-01
-5.292327726987969827e-01 -2.097444328546796688e-01 -4.476213542549763447e-01
-4.937788348855927656e-01 -1.893869854902667238e-01 -4.306838744349484327e-01
-4.551240180915296363e-01 -1.668884161784987274e-01 -4.127864098290619510e-01
-4.132757113284519779e-01 -1.422398265827053698e-01 -3.939245157229107619e-01
-3.682411681593352748e-01 -1.154325387310263795e-01 -3.740938728030064331e-01
-3.200275039705239299e-01 -8.645807630506099906e-02 -3.532903201193779985e-01
-2.714736384401592040e-01 -5.730509058807827655e-02 -3.321282245390528853e-01
-2.254098325965262772e-01 -2.997288877947039062e-02 -3.112270210069803533e-01
-1.818303156592333825e-01 -4.468777719928174533e-03 -2.905902124911709516e-01
-1.407295952851984611e-01 1.920037855084155004e-02 -2.702211793659512473e-01
-1.021024606889162079e-01 4.102814638228098609e-02 -2.501231585259287016e-01
-6.594398576016816116e-02 6.100851130520729138e-02 -2.302992255248821618e-01
-3.224953219739251642e-02 7.913586802190468450e-02 -2.107522795340051602e-01
-1.014752663820710048e-03 9.540501157378242225e-02 -1.914850309202550671e-01
2.776440603587411807e-02 1.098111296542233495e-01 -1.724999912512791833e-01
5.409169976884330155e-02 1.223497960242057869e-01 -1.537994655382624032e-01
7.797078965085461888e-02 1.330173102233449256e-01 -1.353852281609523589e-01
9.940498388622397152e-02 1.418103148378960510e-01 -1.172588505303356760e-01
1.183970571414115214e-01 1.487254758888869044e-01 -9.942203062064861041e-02
1.349494796256091866e-01 1.537598448827743602e-01 -8.187627097075166061e-02
1.490644148625047960e-01 1.569108554147372048e-01 -6.462287554816037449e-02
1.607437176182397731e-01 1.581763204929105826e-01 -4.766294778328801496e-02
1.699889320146845129e-01 1.575544305184366223e-01 -3.099738959700884533e-02
1.768012898583599113e-01 1.550437518548294369e-01 -1.462690124527745057e-02
1.811817092158972131e-01 1.506432259194302459e-01 1.448018195081987808e-03
1.831307932671119021e-01 1.443521687295289402e-01 1.722706987527817743e-02
1.826488072086503989e-01 1.361697891912674596e-01 3.271059663118961597e-02
1.797356814805329273e-01 1.260956737031503627e-01 4.789910661082009274e-02
1.743910448476689301e-01 1.141302702145888665e-01 6.279284172875571057e-02
1.666142123994239499e-01 1.002744066185164290e-01 7.739223533667670407e-02
1.564041864412005212e-01 8.452929111044638066e-02 9.169791295062550140e-02
1.437596578354052579e-01 6.689651261495577206e-02 1.057106935772175044e-01
1.286790078209954225e-01 4.737804121448043609e-02 1.194315918157375228e-01
1.111603103415970267e-01 2.597622851433386768e-02 1.328618209125832506e-01
9.120133491350115862e-02 2.693807876282238931e-03 1.460027969436989426e-01
6.879955006688008579e-02 -2.246610554924216574e-02 1.588561442994257111e-01
4.619092594695119181e-02 -4.763238538431383701e-02 1.715321262899342780e-01
2.561529786179901971e-02 -7.093851434312661852e-02 1.841386153910173629e-01
7.075932063899620025e-03 -9.238813878930506041e-02 1.966737487104626980e-01
-9.423696282673975008e-03 -1.119851553766760960e-01 2.091355717767056088e-01
-2.387990752023505872e-02 -1.297337115232595206e-01 2.215220317956083929e-01
-3.628882191473606356e-02 -1.456382061714102394e-01 2.338309714713902310e-01
-4.664636405511432549e-02 -1.597032908482325930e-01 2.460601234990918706e-01
-5.494826721523624752e-02 -1.719338710428846007e-01 2.582071058346528947e-01
-6.119007765682815680e-02 -1.823351079198683444e-01 2.702694178475191222e-01
-6.536715884980698332e-02 -1.909124203895600502e-01 2.822444374595861061e-01
-6.747489957766171498e-02 -1.976716025823782585e-01 2.941288434764590121e-01
-6.750847505602113052e-02 -2.026186905008097172e-01 3.059192229325123358e-01
-6.546266189603087982e-02 -2.057598582728380199e-01 3.176126328400967203e-01
-6.133206431202514047e-02 -2.071015461155303605e-01 3.292060085011910830e-01
-5.511111824875124937e-02 -2.066504638846789199e-01 3.406961643324836198e-01
-4.679409527011092751e-02 -2.044135951255281192e-01 3.520797962905056755e-01
-3.637510618146470864e-02 -2.003982016509117114e-01 3.633534859979636877e-01
-2.384810435846861434e-02 -1.946118286721253421e-01 3.745137066727523556e-01
-9.206888756968577975e-03 -1.870623105060553182e-01 3.855568309618961909e-01
7.554893419190625813e-03 -1.777577768794109392e-01 3.964791407837620629e-01
2.644299607483755615e-02 -1.667076085962697629e-01 4.072780953941954607e-01
4.746340223689528987e-02 -1.539213895585580805e-01 4.179510193105742677e-01
7.062302807958549533e-02 -1.394080074492058674e-01 4.284938673189294112e-01
9.592893116394093922e-02 -1.231766598769255122e-01 4.389025210252617826e-01
1.233883086948005525e-01 -1.052368629020547369e-01 4.491728060605953421e-01
1.530084962110791758e-01 -8.559846022623862627e-02 4.593005119353225085e-01
1.847969667044620790e-01 -6.427163303126061378e-02 4.692814146607557357e-01
2.187613301531938781e-01 -4.126691044105353090e-02 4.791113022601784510e-01
2.549093334479014539e-01 -1.659518056812449294e-02 4.887860032964067014e-01
2.932488606754635740e-01 9.732297908884787740e-03 4.983014185479353042e-01
3.314500235196788380e-01 3.617896801544751711e-02 5.070357384136555678e-01
3.671732489643025898e-01 6.122135837878343867e-02 5.143724069101561769e-01
4.004120907841086652e-01 8.486726401659823449e-02 5.203151513363071246e-01
4.311604044037800620e-01 1.071242165497931498e-01 5.248675577290230487e-01
4.594123452040549394e-01 1.279994905439589825e-01 5.280330519458079630e-01
4.851623666234087251e-01 1.475001083172515215e-01 5.298148832667527453e-01
5.084052180752365313e-01 1.656328433031767078e-01 5.302161103926927854e-01
5.291359426941478761e-01 1.824042220656768021e-01 5.292395897198961530e-01
5.473498749198447699e-01 1.978205250711062291e-01 5.268879657743475997e-01
5.630426379233157697e-01 2.118877863275440698e-01 5.231636636905190318e-01
5.762107218995458080e-01 2.246124323489762653e-01 5.180681465826069143e-01
5.868507894575405448e-01 2.360005108285913589e-01 5.116027502985727171e-01
5.949591459419810713e-01 2.460571016055775329e-01 5.037693969425178775e-01
6.005323729377982644e-01 2.547870164908878077e-01 4.945698130684810234e-01
6.035673257487188526e-01 2.621947976326107765e-01 4.840055265418932717e-01
6.040611307840217936e-01 2.682847153743999069e-01 4.720778647181075316e-01
6.020111828623034844e-01 2.730607657163921509e-01 4.587879538174807759e-01
5.974151424424665180e-01 2.765266674866750929e-01 4.441367193750738185e-01
5.902709327939530404e-01 2.786858593292791397e-01 4.281248876414877058e-01
5.805767371203334193e-01 2.795414966120091105e-01 4.107529878097608833e-01
5.683317336315403256e-01 2.790980597509331029e-01 3.920192684195548671e-01
5.535352992941167116e-01 2.773596250702636268e-01 3.719219039548490313e-01
5.361862983240279767e-01 2.743283058847502676e-01 3.504610354224851898e-01
5.162838461646079846e-01 2.700059188055475290e-01 3.276366307190773930e-01
4.938273075277291313e-01 2.643939825635966412e-01 3.034484865988995028e-01
4.688162945618177813e-01 2.574937172425522669e-01 2.778962306684267247e-01
4.412506651747456488e-01 2.493060440026057811e-01 2.509793232763501969e-01
4.111305215405089419e-01 2.398315853744211468e-01 2.226970591681248501e-01
3.784562088189108442e-01 2.290706662006867789e-01 1.930485687746015533e-01
3.432283141174048424e-01 2.170233153017126215e-01 1.620328190053842987e-01
3.075064303404043131e-01 2.041690095108648628e-01 1.310553597908848122e-01
2.733474167481673711e-01 1.909889850948175705e-01 1.015254074404536300e-01
2.407480361805235114e-01 1.774856596593752389e-01 7.344696691522853427e-02
2.097053350072224376e-01 1.636614388195834491e-01 4.682370319741688963e-02
1.802166424889894702e-01 1.495187064608347050e-01 2.165894702101071184e-02
1.522795702333453738e-01 1.350598165604986745e-01 -2.044299794118225461e-03
1.258920117467352551e-01 1.202870864521467242e-01 -2.428335942751618307e-02
1.010521420800232634e-01 1.052027914166846906e-01 -4.505587358062630027e-02
7.775841756056824094e-02 8.980916048677874131e-02 -6.435979945003432456e-02
5.600957560098140942e-02 7.410837335297601469e-02 -8.219340616142419009e-02
3.580443587785905879e-02 5.810240450816864938e-02 -9.855511581059368809e-02
1.714210103647048622e-02 4.179317491843592691e-02 -1.134436305093181330e-01
2.215583055676905171e-05 2.518271273818993572e-02 -1.268581061618283545e-01
-1.555553270046814394e-02 8.273001509180484547e-03 -1.387980099640239440e-01
-2.959081597966294400e-02 -8.934020328610008110e-03 -1.492631187219477795e-01
-4.208326467009031180e-02 -2.643645945799725366e-02 -1.582535176437144531e-01
-5.303216949972925504e-02 -4.423246734257708229e-02 -1.657695996056459953e-01
-6.243654215222795706e-02 -6.232023962585710869e-02 -1.718120648929336025e-01
-7.029511624229983768e-02 -8.069801537517186374e-02 -1.763819214149632275e-01
-7.660634839477359348e-02 -9.936407627345290872e-02 -1.794804853953582691e-01
-8.136817256927951492e-02 -1.183167254136866103e-01 -1.811092534930379694e-01
-8.457823538087709536e-02 -1.375543056422295352e-01 -1.812700192550370792e-01
-8.623414998340729609e-02 -1.570752175473483503e-01 -1.799650112540507607e-01
-8.633325738839803254e-02 -1.768778986654462315e-01 -1.771967733198760719e-01
-8.487262879741080956e-02 -1.969608237623531877e-01 -1.729681671116022612e-01
-8.184906815275622138e-02 -2.173225056814548084e-01 -1.672823751646105583e-01
-7.725911492642502376e-02 -2.379614968616564630e-01 -1.601429044119339618e-01
-7.109904716793499779e-02 -2.588763916283064459e-01 -1.515535901789206163e-01
-6.336488483292822271e-02 -2.800658293605330917e-01 -1.415186006492129833e-01
-5.405239341617004700e-02 -3.015284986383351962e-01 -1.300424417991108972e-01
-4.416923503903594922e-02 -3.221693960277081659e-01 -1.179597778471625086e-01
-3.472796206243464884e-02 -3.408947389012947360e-01 -1.061005081523687943e-01
-2.573145728658786033e-02 -3.577049460490013266e-01 -9.446241051275501566e-02
-1.718240848296578166e-02 -3.726004131403735653e-01 -8.304335060751900921e-02
-9.083306925295270284e-03 -3.855815102571680808e-01 -7.184127985260671534e-02
-1.436446231969258983e-03 -3.966485796770963246e-01 -6.085423376889156910e-02
5.756078498824129981e-03 -4.058019338995882408e-01 -5.008033081790508323e-02
1.249237127915731223e-02 -4.130418539044738990e-01 -3.951777165938633735e-02
1.877073556399704371e-02 -4.183685876345297761e-01 -2.916483878437501134e-02
2.458967434353662163e-02 -4.217823486928408139e-01 -1.901989647716488194e-02
2.994818443649967937e-02 -4.232831564217542364e-01 -9.081021800540618055e-03
3.484543775040129659e-02 -4.228709811586878198e-01 6.535943040372958453e-04
3.928049602528033840e-02 -4.205459116937226849e-01 1.018528824747689729e-02
4.325261630898705190e-02 -4.163080030394629705e-01 1.951530705187114884e-02
4.676125071222971691e-02 -4.101572758316787692e-01 2.864480816365091997e-02
4.980604603866962965e-02 -4.020937158876707329e-01 3.757485921064080553e-02
5.238684330970577729e-02 -3.921172739127180562e-01 4.630643774872700291e-02
5.450367720394273807e-02 -3.802278653448523671e-01 5.484043104360118714e-02
5.615677543164190877e-02 -3.664253703281383223e-01 6.317763593270585287e-02
5.734655806474094758e-02 -3.507096338045317396e-01 7.131875881218903424e-02
5.807380628111410287e-02 -3.330805306943179223e-01 7.926476312567443117e-02
5.833947476228986545e-02 -3.135378947963882723e-01 8.701648856274790678e-02
5.814453013370592116e-02 -2.920814582981080543e-01 9.457431716244803221e-02
5.749012872478010544e-02 -2.687109206594434641e-01 1.019385371933675954e-01
5.637761633743208073e-02 -2.434259490552598271e-01 1.091093444763952536e-01
5.480852810241852030e-02 -2.162261788765769688e-01 1.160868440905421378e-01
5.278458844325984584e-02 -1.871112142811969803e-01 1.228710525050351055e-01
5.030771116653545011e-02 -1.560806287842471107e-01 1.294619001808833825e-01
4.737999969604406170e-02 -1.231339658795099629e-01 1.358592346852068866e-01
4.400374746676593424e-02 -8.827073968265593262e-02 1.420628243618261843e-01
4.047776791672417357e-02 -5.345281523255346334e-02 1.476683453814978397e-01
3.709687831844746264e-02 -2.064281408673718232e-02 1.522721641420085315e-01
3.385769843518670469e-02 1.015866199966464038e-02 1.558750188454129937e-01
3.075708402935616037e-02 3.895104569353932678e-02 1.584776320034046448e-01
2.779212576196043311e-02 6.573380440408825576e-02 1.600807057763273256e-01
2.496014826234602135e-02 9.050644037488006499e-02 1.606849180773981811e-01
2.225870936383724658e-02 1.132684905753233578e-01 1.602909193854878678e-01
1.968559949860340316e-02 1.340195264187893642e-01 1.588993302102788829e-01
1.723884124323913497e-02 1.527591533343778119e-01 1.565107391540530302e-01
1.491668900517424852e-02 1.694870102190173811e-01 1.531257015147008960e-01
1.271748042932517586e-02 1.842027376805256134e-01 1.487446271163062050e-01
1.063978915384213367e-02 1.969059915564535246e-01 1.433678978098644474e-01
8.682572117399455988e-03 2.075964811738688631e-01 1.369959804338042320e-01
6.845019196671299835e-03 2.162739460641386613e-01 1.296293134511181111e-01
5.126553117554858915e-03 2.229381556269291464e-01 1.212683065680397049e-01
3.526829442297158956e-03 2.275889088340206645e-01 1.119133405634029771e-01
2.045736622183116481e-03 2.302260339994915139e-01 1.015647672737130941e-01
6.833961056435171148e-04 2.308493886428342190e-01 9.022290967897993175e-02
-5.598375081340386302e-04 2.294588594716426011e-01 7.788806203430871655e-02
-1.683376279735690224e-03 2.260543625105572996e-01 6.456048999220738438e-02
-2.686368614041600728e-03 2.206361634038870312e-01 5.024013094886726344e-02
-3.567724734706177823e-03 2.132045426074937466e-01 3.492690625865769311e-02
-4.326148973213934067e-03 2.037594825659237441e-01 1.862101737011208694e-02
-4.960111825831221670e-03 1.923009959268814351e-01 1.322640324342924840e-03
-5.467849867962464375e-03 1.788291268393286115e-01 -1.696807508351181465e-02
-5.847365684473785144e-03 1.633439525592238206e-01 -3.625100648499343658e-02
-6.096427826563299325e-03 1.458455853897892562e-01 -5.652606051663289916e-02
-6.212570806923784460e-03 1.263341749831844718e-01 -7.779317485133710464e-02
-6.193095146520836286e-03 1.048099110304172715e-01 -1.000523207383425123e-01
-6.035067488255275482e-03 8.127302636618943810e-02 -1.233035061072706023e-01
-5.733448200374162938e-03 5.729632702025957980e-02 -1.463636371261239633e-01
-5.286911925543716362e-03 3.445264595631112453e-02 -1.680494022692072542e-01
-4.697871044382678253e-03 1.274213829360054326e-02 -1.883606810673962850e-01
-3.968670353684805065e-03 -7.835006283145123929e-03 -2.072973950282524791e-01
-3.101587141786015488e-03 -2.727856576496319463e-02 -2.248595052101720060e-01
-2.098831317331245269e-03 -4.558828778334478304e-02 -2.410470100457294262e-01
-9.625455780675746913e-04 -6.276389130935422500e-02 -2.558599434050500276e-01
3.051943923953704882e-04 -7.880506809872971086e-02 -2.692983728904664864e-01
1.702379710773594887e-03 -9.371148389439425130e-02 -2.813623983536484019e-01
3.227068073186139911e-03 -1.074827793977874563e-01 -2.920521506264548983e-01
4.877322555275276188e-03 -1.201184952305542619e-01 -3.013679132387524495e-01
6.651274009331582804e-03 -1.316181357568876054e-01 -3.093099984777589739e-01
8.547180634531687318e-03 -1.419812482769478856e-01 -3.158786273206963258e-01
1.056336581047972144e-02 -1.512073529810681882e-01 -3.210740526225588365e-01
1.269821788305981920e-02 -1.592959434352348713e-01 -3.248965583716768579e-01
1.495018999392232900e-02 -1.662464869027029946e-01 -3.273464591073882435e-01
1.731779996138530994e-02 -1.720584245124090195e-01 -3.284240994915238465e-01
1.979963022035725190e-02 -1.767311712847878524e-01 -3.281298540255173091e-01
2.239432782879783798e-02 -1.802641160255166186e-01 -3.264641269050356231e-01
2.510060454823013695e-02 -1.826566210976647009e-01 -3.234273520040985561e-01
2.791733369002826620e-02 -1.839083398306514960e-01 -3.190197608148108710e-01
3.084345722073861956e-02 -1.840188820784708912e-01 -3.132416217199709974e-01
3.387788621013461399e-02 -1.829875036388970422e-01 -3.060934696251506604e-01
3.701959557784039595e-02 -1.808134316581785639e-01 -2.975758707277426085e-01
4.026762449055264897e-02 -1.774958643062019559e-01 -2.876894227300035856e-01
4.362107688704592451e-02 -1.730339703936586149e-01 -2.764347551332633768e-01
4.707912213981851196e-02 -1.674268889416582751e-01 -2.638125296054871782e-01
5.064099586249322382e-02 -1.606737287143965576e-01 -2.498234404143195309e-01
5.430600087238021678e-02 -1.527735677256855662e-01 -2.344682149175951469e-01
5.807350831787613105e-02 -1.437254527304608342e-01 -2.177476141032548274e-01
6.178293740779937371e-02 -1.338442875785996189e-01 -2.004714220790160262e-01
6.527316255950339763e-02 -1.234460177825245919e-01 -1.834488783994935035e-01
6.854286900539098559e-02 -1.125312282917984713e-01 -1.666800277955739762e-01
7.159085949357872625e-02 -1.011004783763946036e-01 -1.501649537563662096e-01
7.441605388059503723e-02 -8.915430064284636524e-02 -1.339037791244801212e-01
7.701748877817474193e-02 -7.669320017198028028e-02 -1.178966666777489514e-01
7.939431725717756294e-02 -6.371765377344154602e-02 -1.021438196901125056e-01
8.154580861151267124e-02 -5.022810935229980733e-02 -8.664548246436742929e-02
8.347134818482550289e-02 -3.622498538301699433e-02 -7.140194082937868780e-02
8.517043726256383340e-02 -2.170867048613373679e-02 -5.641352259431583333e-02
8.664276385956241888e-02 -6.679581829256959515e-03 -4.168054558074654053e-02
8.788811875159513454e-02 8.861891829398277701e-03 -2.720336708562135636e-02
8.890633139330540724e-02 2.491544913530505459e-02 -1.298243722951614512e-02
8.969734748563437665e-02 4.148081821979879985e-02 9.817519545691941966e-04
9.026122918951091922e-02 5.855775671877715832e-02 1.468866648457712101e-02
9.059815541580985843e-02 7.614605171589416965e-02 2.813773048177362068e-02
9.070842219305810805e-02 9.424551961464923411e-02 4.132832632017093694e-02
9.059244311416662920e-02 1.128560059437101748e-01 5.425979488108583632e-02
9.025074986325902493e-02 1.319773850997639220e-01 6.693143592103645290e-02
8.968399282345243528e-02 1.516095600321506198e-01 7.934250856134783536e-02
8.889308609969032160e-02 1.717527133185919597e-01 9.149190991371197734e-02
8.787904550948792692e-02 1.924070537228280420e-01 1.033784993718046552e-01
8.664285341310701272e-02 2.135725649939605175e-01 1.150014204828595787e-01
8.518561287732666354e-02 2.352492575888317505e-01 1.263597790864065817e-01
8.350854863370731074e-02 2.574371681067724738e-01 1.374526445101901806e-01
8.161300811751232009e-02 2.801363586910635139e-01 1.482790509389933509e-01
7.950046258602570803e-02 3.033469164009442443e-01 1.588379989656138469e-01
7.717250831458989657e-02 3.270689525579878465e-01 1.691284573334373154e-01
7.463086786824754681e-02 3.513026020705076746e-01 1.791493648801913974e-01
7.187739144638663480e-02 3.760480227396582609e-01 1.888996326926760394e-01
6.924859930106889994e-02 4.001848248090775773e-01 1.983253788356658942e-01
6.707845530140375823e-02 4.225916850958743587e-01 2.073754701302298886e-01
6.536498502241774866e-02 4.432674230764669931e-01 2.160529665137579658e-01
6.410612117142282240e-02 4.622108333541471437e-01 2.243609821461134413e-01
6.329970017491548528e-02 4.794206863696122700e-01 2.323026832016642784e-01
6.294345910860188464e-02 4.948957291981954110e-01 2.398812858300811424e-01
6.303503298380712383e-02 5.086346864329777118e-01 2.471000543055962284e-01
6.357195240259699842e-02 5.206362611526167417e-01 2.539622993856790467e-01
6.455164159307437421e-02 5.308991359722053938e-01 2.604713769011564595e-01
6.597141683547851077e-02 5.394219741750809760e-01 2.666306866007955301e-01
6.782824364364024861e-02 5.462034098598027576e-01 2.724433034782329788e-01
7.011902951458913458e-02 5.512420394209270880e-01 2.779123722699440857e-01
7.284083978852058661e-02 5.545364430493642249e-01 2.830414610046815826e-01
7.599062950456668408e-02 5.560851849906383038e-01 2.878341789399189166e-01
7.956524291194623510e-02 5.558868149333059394e-01 2.922941762640889896e-01
8.356141343376083386e-02 5.539398694664166012e-01 2.964251441867881143e-01
8.797576409033422418e-02 5.502428736025313238e-01 3.002308154428678932e-01
9.280480838871422999e-02 5.447943423627852333e-01 3.037149652362989283e-01
9.804495168484991807e-02 5.375927824205195549e-01 3.068814126494986971e-01
1.036924930249912280e-01 5.286366938001523241e-01 3.097340225434199179e-01
1.097433963836018239e-01 5.179251547813501499e-01 3.122769836028760904e-01
1.161935572942932593e-01 5.054571973228217940e-01 3.145145390886923131e-01
1.230390129254273351e-01 4.912312451042125105e-01 3.164507046721949379e-01
1.302756949554580712e-01 4.752457193460472573e-01 3.180895427126607111e-01
1.378994328459726137e-01 4.574990407012287652e-01 3.194351657836849712e-01
1.459059576489240839e-01 4.379896311910408402e-01 3.204917408193017625e-01
1.542909063580683582e-01 4.167159161843062565e-01 3.212634939002850243e-01
1.630498268161667264e-01 3.936763264191187051e-01 3.217547156993809110e-01
1.721781831913936078e-01 3.688693000673072264e-01 3.219697676023406951e-01
1.816713620382400252e-01 3.422932848433017927e-01 3.219130885195176650e-01
1.907607754482751328e-01 3.155055306955029670e-01 3.216201275168072971e-01
1.986843496382006413e-01 2.900664381515719037e-01 3.211191371063516486e-01
2.054470906508210348e-01 2.659793237027251456e-01 3.204039856950872123e-01
2.110539852188788590e-01 2.432474437144016566e-01 3.194687467097552247e-01
2.155099936287363516e-01 2.218739928193050326e-01 3.183076921516334035e-01
2.188200433071186557e-01 2.018621029005693568e-01 3.169152868809042012e-01
2.209890230950723733e-01 1.832148426355044712e-01 3.152861836263431972e-01
2.220217781752847064e-01 1.659352175715618216e-01 3.134152187134451872e-01
2.219231056206766584e-01 1.500261707071308681e-01 3.112974085019487025e-01
2.206977505337169021e-01 1.354905835505612888e-01 3.089279465219206267e-01
2.183504184148293004e-01 1.223310295157815364e-01 3.063020788581262144e-01
2.148857190846031329e-01 1.105500963438019735e-01 3.034152213116407815e-01
2.103081742475665927e-01 1.001506004781495679e-01 3.002630882853690175e-01
2.046222515171291223e-01 9.113530448075986279e-02 2.968415725081153256e-01
1.978323619465414407e-01 8.350691885644641321e-02 2.931467438298327455e-01
1.899428579826966390e-01 7.726810420432274340e-02 2.891748486323961753e-01
1.809580318156159828e-01 7.242147367144909087e-02 2.849223098416481248e-01
1.708821140965781915e-01 6.896959568387310557e-02 2.803857275264081128e-01
1.597192729978076375e-01 6.691499693005625859e-02 2.755618800702841487e-01
1.474736135863692066e-01 6.626016557134274676e-02 2.704477259024082869e-01
1.341494274229503847e-01 6.700708424657760010e-02 2.650406600137917290e-01
1.197509252400274504e-01 6.915773250392208416e-02 2.593382501776634319e-01
1.042819956365318573e-01 7.271454078599989823e-02 2.533379863788132180e-01
8.774646337241340244e-02 7.767990694124912721e-02 2.470375419927894889e-01
7.014808912693748510e-02 8.405619929941160473e-02 2.404347766825347676e-01
5.149056939523921628e-02 9.184575981830885028e-02 2.335277397763243779e-01
3.177753649169412498e-02 1.010509072736758135e-01 2.263146741157975039e-01
1.101255862745020159e-02 1.116739404628994403e-01 2.187940203634198832e-01
-1.080085997175712215e-02 1.237171413924850610e-01 2.109644217592526183e-01
-3.365927894282561700e-02 1.371827784179706355e-01 2.028247293173613131e-01
-5.635034578994282950e-02 1.508446836200323660e-01 1.943322336677349993e-01
-7.766493585670396216e-02 1.634735149634611029e-01 1.854458928915030946e-01
-9.760439972409490350e-02 1.750669305447564439e-01 1.761671842703233792e-01
-1.161699562718248452e-01 1.856227992146579353e-01 1.664975371332199083e-01
-1.333626923934532471e-01 1.951391986861888694e-01 1.564383301888377098e-01
-1.491835626304927609e-01 2.036144138541535475e-01 1.459908893953424658e-01
-1.636333887400361065e-01 2.110469353249793956e-01 1.351564863178123521e-01
-1.767128592109048490e-01 2.174354581550326515e-01 1.239363369234814105e-01
-1.884225287437419905e-01 2.227788807950053518e-01 1.123316007655710130e-01
-1.987628177106846861e-01 2.270763042375905649e-01 1.003433805067936724e-01
-2.077341064991108932e-01 2.303269989577736154e-01 8.797264628506189232e-02
-2.153366155220801381e-01 2.325304268181652978e-01 7.522032212173612731e-02
-2.215703217835256200e-01 2.336862798614912085e-01 6.208736145330694817e-02
-2.264350657445674264e-01 2.337944532109311468e-01 4.857466797760850302e-02
-2.299305512585905764e-01 2.328550449551317070e-01 3.468309562332182877e-02
-2.320563455784867279e-01 2.308683562225124219e-01 2.041344856486438167e-02
-2.328118794510198875e-01 2.278348914430908811e-01 5.766481233879840358e-03
-2.321964473132407669e-01 2.237553587961910451e-01 -9.257101721449043086e-03
-2.302092076058601944e-01 2.186306708425370116e-01 -2.465664557816337962e-02
-2.268491832185139667e-01 2.124619453393270518e-01 -4.043154583032560617e-02
-2.221155491044259078e-01 2.052506119563672071e-01 -5.658171840928827301e-02
-2.160073182912652379e-01 1.969982937987936056e-01 -7.310711056805233032e-02
-2.085230686420469493e-01 1.877067087176346183e-01 -9.000723658972925589e-02
-1.996612445728148111e-01 1.773777829220955504e-01 -1.072816568710375229e-01
-1.894201584960518714e-01 1.660136524906404842e-01 -1.249299795386278333e-01
-1.777979924839561687e-01 1.536166650583188908e-01 -1.429518625138246624e-01
-1.647928001680105115e-01 1.401893816773948920e-01 -1.613470160754088278e-01
-1.504025088921481235e-01 1.257345788473531178e-01 -1.801152059701141561e-01
-1.346249221378325034e-01 1.102552507091311002e-01 -1.992562571205678812e-01
-1.174577222405583099e-01 9.375461139689698908e-02 -2.187700579804698897e-01
-1.000808998659238058e-01 7.733559019412113156e-02 -2.376981659228132593e-01
-8.367881375918059805e-02 6.209635968762023533e-02 -2.550818180248332623e-01
-6.825544505139863327e-02 4.803309453964162840e-02 -2.709206276118554801e-01
-5.381473339068764544e-02 3.514204052947415835e-02 -2.852142633795116677e-01
-4.036057393522648334e-02 2.341951199385600146e-02 -2.979624440817464359e-01
-2.789681483376086485e-02 1.286188965128299243e-02 -3.091649338495697230e-01
-1.642725517183143968e-02 3.465618811891745844e-03 -3.188215381261618742e-01
-5.955643363573271364e-03 -4.772792027890951361e-03 -3.269321002041805091e-01
3.514324029288147522e-03 -1.185677220845215638e-02 -3.334964983509942082e-01
1.197900306821737815e-02 -1.778968955184023065e-02 -3.385146435075687132e-01
1.943494033143914473e-02 -2.257488342000859433e-02 -3.419863622193839992e-01
2.587870284791098791e-02 -2.621559916466605772e-02 -3.439115150842761426e-01
3.130675369030461175e-02 -2.871496973812069989e-02 -3.442901139342026129e-01
3.571560490201921428e-02 -3.007606427514622136e-02 -3.431222046910735735e-01
3.910181741990873677e-02 -3.030188788022417784e-02 -3.404078663954675510e-01
4.146200068442001258e-02 -2.939538106447486809e-02 -3.361472107241026408e-01
4.279281195167577295e-02 -2.735941883833413468e-02 -3.303403819821406628e-01
4.309095532223215091e-02 -2.419680946592585313e-02 -3.229875575564541967e-01
4.235318050163026232e-02 -1.991029288677281794e-02 -3.140889488160629739e-01
4.057628130847645842e-02 -1.450253880998984141e-02 -3.036448024459780237e-01
3.775732638748958980e-02 -7.976417934994329759e-03 -2.916554619815958094e-01
3.389340786354833740e-02 -3.347130072862271148e-04 -2.781213077229860997e-01
2.898141806342056578e-02 8.420146018003718189e-03 -2.630426966151611090e-01
2.301828967221762612e-02 1.828580288750199234e-02 -2.464200239140610371e-01
1.600099402221540415e-02 2.925997769933751450e-02 -2.282537253520874609e-01
7.926539243369043475e-03 4.134046986913133409e-02 -2.085442796537213539e-01
-1.208031702482398242e-03 5.452516141225034058e-02 -1.872922113871645922e-01
-1.140564307999411206e-02 6.881202054352433817e-02 -1.644980941377607586e-01
-2.266918850568322083e-02 8.419910559692929397e-02 -1.401625539886073024e-01
-3.500153311254070032e-02 1.006845692689120331e-01 -1.142862732936164444e-01
-4.754447539552916768e-02 1.170917697692145931e-01 -8.848997972358343955e-02
-5.943587754603114892e-02 1.322462111474028701e-01 -6.439373689521427080e-02
-7.067266669902476373e-02 1.461493104450627412e-01 -4.199740408861800389e-02
-8.125181641088531637e-02 1.588025343090565811e-01 -2.130088578440339150e-02
-9.117034520282903121e-02 1.702073957559924744e-01 -2.304128936602903646e-03
-1.004253151922645526e-01 1.803654513496148193e-01 1.499287943390389607e-02
-1.090138308309171605e-01 1.892782987766916114e-01 3.059011432800997493e-02
-1.169330377666883553e-01 1.969475748078390598e-01 4.448751454167025610e-02
-1.241801218446868527e-01 2.033749536305708705e-01 5.668498412663727781e-02
-1.307523082614784615e-01 2.085621455425981929e-01 6.718239354143142050e-02
-1.366468588579736188e-01 2.125107865778861072e-01 7.597973683466356654e-02
-1.418610769600314458e-01 2.152225527070042721e-01 8.307695542393024601e-02
-1.463923083911158884e-01 2.166992693237568268e-01 8.847378982707909678e-02
-1.502379376332181882e-01 2.169427995389935637e-01 9.216994596295340070e-02
-1.533953874801785855e-01 2.159550436966793385e-01 9.416509558088623222e-02
-1.558621189198857171e-01 2.137379391850960653e-01 9.445887639697039817e-02
-1.576356312566667417e-01 2.102934605335450846e-01 9.305089193951628090e-02
-1.587134624851495868e-01 2.056236197850482561e-01 8.994071110609412611e-02
-1.590931899270227323e-01 1.997304671355540073e-01 8.512786743458518324e-02
-1.587724311424396906e-01 1.926160918300179048e-01 7.861185809070367347e-02
-1.577488640714104218e-01 1.842825997477028077e-01 7.039225295673258442e-02
-1.560202055400439769e-01 1.747321386631346396e-01 6.046856963124788709e-02
-1.535841925702468580e-01 1.639669210385195919e-01 4.884017082222132794e-02
-1.504386038137655868e-01 1.519892008335187727e-01 3.550638077910975993e-02
-1.465812614337178299e-01 1.388012748383837813e-01 2.046648364684110558e-02
-1.420100333453050423e-01 1.244054841962763808e-01 3.719721551220206250e-03
-1.367228358316338599e-01 1.088042161017640508e-01 -1.473470758086931759e-02
-1.307176365517294103e-01 9.199990566122755176e-02 -3.489765246266740562e-02
-1.239924579590974407e-01 7.399503789955495792e-02 -5.677001114574255908e-02
-1.165453811505439419e-01 5.479214989582631423e-02 -8.035273397019557229e-02
-1.091284722017757808e-01 3.548984306266314559e-02 -1.040438115767444577e-01
-1.024961300047035617e-01 1.718342431008699350e-02 -1.262399883115349342e-01
-9.664989926080502780e-02 -1.295908264920105025e-04 -1.469404248135728619e-01
-9.159126991623685321e-02 -1.645176442913866624e-02 -1.661442092703907802e-01
-8.732167389927159018e-02 -3.178573738545404509e-02 -1.838503555341887696e-01
-8.384248203662150734e-02 -4.613423039864437969e-02 -2.000578015010332222e-01
-8.115500116938997865e-02 -5.950004483354507517e-02 -2.147654077555918029e-01
-7.926047149016451909e-02 -7.188606341390715859e-02 -2.279719564836336088e-01
-7.816006412349131571e-02 -8.329525078734206778e-02 -2.396761506540156794e-01
-7.785487897257804824e-02 -9.373065397541686938e-02 -2.498766134714249798e-01
-7.834576261483636173e-02 -1.031954826400604680e-01 -2.585718389672422290e-01
-7.963350543925412639e-02 -1.116930213525321319e-01 -2.657602392780528677e-01
-8.171901435300762961e-02 -1.192265524396401710e-01 -2.714401965441174402e-01
-8.460312274018572110e-02 -1.257994397819476029e-01 -2.756100152839168760e-01
-8.828658912752929133e-02 -1.314151291741812999e-01 -2.782679226045200460e-01
-9.277009625688326100e-02 -1.360771486860015977e-01 -2.794120686835342982e-01
-9.805425058797137550e-02 -1.397891090443663387e-01 -2.790405275217054393e-01
-1.041395822550914979e-01 -1.425547040589582037e-01 -2.771512979649708441e-01
-1.110265455012823532e-01 -1.443777111122252488e-01 -2.737423049946101639e-01
-1.187155196134012519e-01 -1.452619917354532331e-01 -2.688114012840772116e-01
-1.272066977558713174e-01 -1.452116688235355058e-01 -2.623565572524501621e-01
-1.365002177320696342e-01 -1.442309336352760596e-01 -2.543756583758355339e-01
-1.465962636797139007e-01 -1.423238768431876189e-01 -2.448663243382198929e-01
-1.574949457752674864e-01 -1.394946740485867309e-01 -2.338261065925355819e-01
-1.691963028049714157e-01 -1.357475869718091921e-01 -2.212524906624774579e-01
-1.817003053719819516e-01 -1.310869648445442126e-01 -2.071428987091907814e-01
-1.950068597623269562e-01 -1.255172460213650476e-01 -1.914946923635671705e-01
-2.091158124923686024e-01 -1.190429598258294086e-01 -1.743051758258839234e-01
-2.240269555605507723e-01 -1.116687286445221805e-01 -1.555715992356262733e-01
-2.397400324258169013e-01 -1.033992702802704333e-01 -1.352911623161162091e-01
-2.549464254548281517e-01 -9.468294987784181549e-02 -1.145631137850334214e-01
-2.683382397853065204e-01 -8.596236178970946551e-02 -9.448967549114735409e-02
-2.799160881940532253e-01 -7.723389727636228996e-02 -7.507247009219482348e-02
-2.896805365545004896e-01 -6.849422055709565582e-02 -5.631294897540049804e-02
-2.976321000502900604e-01 -5.974026762188982403e-02 -3.821239080979154518e-02
-3.037712398634360156e-01 -5.096924537323093557e-02 -2.077190060871060909e-02
-3.080983603163350848e-01 -4.217863105945467150e-02 -3.992409243746237318e-03
-3.106138064470020943e-01 -3.336617196017672982e-02 1.212532664823096941e-02
-3.113178619969854677e-01 -2.452988528366095364e-02 2.758072442296433113e-02
-3.102107477914491374e-01 -1.566805823547348653e-02 4.237337490953662494e-02
-3.072925613162558744e-01 -6.779234883400270771e-03 5.650328213506293495e-02
-3.025633167234806908e-01 2.137755093974885896e-03 6.997058632373695519e-02
-2.960230169843330872e-01 1.108378751746188356e-02 8.277533678907829373e-02
-2.876716048168150852e-01 2.005946360820991259e-02 9.491774869693828109e-02
-2.775089624192539906e-01 2.906511001106263509e-02 1.063982028376218025e-01
-2.655349114709374403e-01 3.810077888272382640e-02 1.172172454717866075e-01
-2.517492133788928332e-01 4.716624808388345663e-02 1.273755883088254770e-01
-2.361515697497858501e-01 5.626102151434703158e-02 1.368741086764400650e-01
-2.187416230659469107e-01 6.538432963013141030e-02 1.457138499399771303e-01
-1.995189575445171226e-01 7.453513018156421310e-02 1.538960222299412539e-01
-1.784830964819507371e-01 8.371255384392206622e-02 1.614224333080242213e-01
-1.556334887582544735e-01 9.291543573097378605e-02 1.682950190715282179e-01
-1.309695242457424025e-01 1.021418804592501561e-01 1.745154311884320186e-01
-1.044905411118876720e-01 1.113897197074236872e-01 1.800854883142955221e-01
-7.619582728419729833e-02 1.206565144041791826e-01 1.850071792170352725e-01
-4.608462197459566034e-02 1.299395573714968444e-01 1.892826665571087086e-01
-1.415611724396866576e-02 1.392358764673573002e-01 1.929142913772051715e-01
1.959054041201241728e-02 1.485422382740194946e-01 1.959045783539638819e-01
5.515624847395515090e-02 1.578551523805084011e-01 1.982562418623540768e-01
9.254194682420052720e-02 1.671708763109220897e-01 1.999721929011597510e-01
1.299623976578740403e-01 1.763514280801653511e-01 2.013670731685393012e-01
1.656313671207497173e-01 1.852637880009238291e-01 2.027516723119968667e-01
1.995483400507717109e-01 1.939114893825760189e-01 2.041232323730051701e-01
2.317128133349037888e-01 2.022980857994919057e-01 2.054789331253212836e-01
2.621242973560276579e-01 2.104271464454556262e-01 2.068158861751888122e-01
2.907823174197838312e-01 2.183022516882237030e-01 2.081311294831798830e-01
3.176864151608272402e-01 2.259269888313121810e-01 2.094216223172854496e-01
3.428361499275230373e-01 2.333049480923531649e-01 2.106842406452116845e-01
3.662311001438416924e-01 2.404397188095078741e-01 2.119157729722403738e-01
3.878708646468221888e-01 2.473348858893679725e-01 2.131129166294420951e-01
4.077552201535415977e-01 2.539939222187793111e-01 2.142721208872105099e-01
4.258839377085317235e-01 2.604203080293799877e-01 2.153897569465731132e-01
4.422566401780885226e-01 2.666176297295205222e-01 2.164622676743876428e-01
4.568729734005828047e-01 2.725894656132363258e-01 2.174860042783295921e-01
4.697326074891248204e-01 2.783393829605275704e-01 2.184572237311911413e-01
4.808352380962255257e-01 2.838709354832212872e-01 2.193720866516571111e-01
4.901805876380923577e-01 2.891876611369693650e-01 2.202266556389448349e-01
4.977684064760584670e-01 2.942930803208217427e-01 2.210168940575067409e-01
5.035984740526122660e-01 2.991906944865629359e-01 2.217386652669337266e-01
5.076705999794183244e-01 3.038839851805390513e-01 2.223877322912435617e-01
5.099851577667743330e-01 3.083759568886950131e-01 2.229591879838969670e-01
5.105425071063574016e-01 3.126696330788558131e-01 2.234480741013207816e-01
5.093424841190266061e-01 3.167684924681681835e-01 2.238499276811309335e-01
5.063849576336317826e-01 3.206759924198067102e-01 2.241601873537915068e-01
5.016698301551344441e-01 3.243955693134072393e-01 2.243741940840338067e-01
4.951970387710858401e-01 3.279306394691071658e-01 2.244871923234487143e-01
4.869665559942037980e-01 3.312846006479041039e-01 2.244943315658669558e-01
4.769783905388524370e-01 3.344608341505649896e-01 2.243906682973386413e-01
4.652325880293028959e-01 3.374627075367047646e-01 2.241711683329569715e-01
4.517292316377014005e-01 3.402935779849021181e-01 2.238307095334435282e-01
4.377454007748290410e-01 3.429476146616529664e-01 2.238506714530149599e-01
4.245559900861114455e-01 3.454180614669780103e-01 2.247182819442454516e-01
4.121576639470604375e-01 3.477068192703482996e-01 2.264370497833688989e-01
4.005470547428962025e-01 3.498157019564845371e-01 2.290104550705431841e-01
3.897207629193724654e-01 3.517464346877552939e-01 2.324419497379493493e-01
3.796753571685137496e-01 3.535006525699366797e-01 2.367349579567312734e-01
3.704073747412334749e-01 3.550798997207517127e-01 2.418928764497961514e-01
3.619133218782289996e-01 3.564856287407964786e-01 2.479190747177116294e-01
3.541896743505643652e-01 3.577192005865833524e-01 2.548168951852350927e-01
3.472328781013772070e-01 3.587818848455423537e-01 2.625896532762619917e-01
3.410392748607108393e-01 3.596750444309615991e-01 2.712405366664299433e-01
3.356051775559080186e-01 3.603998929142550600e-01 2.807727412022623104e-01
3.309269427925972673e-01 3.609573406188947287e-01 2.911895559433033132e-01
3.270008953582915212e-01 3.613482092344795227e-01 3.024942453762421435e-01
3.238233288227349016e-01 3.615732331627103946e-01 3.146900493263828924e-01
3.213905061818068121e-01 3.616330612721900817e-01 3.277801828509637194e-01
3.196986605379110169e-01 3.615282590627725834e-01 3.417678361217753036e-01
3.187439958102866178e-01 3.612593112401824014e-01 3.566561743043673571e-01
3.185226874693033450e-01 3.608266247016114758e-01 3.724483374408473768e-01
3.190308832894905300e-01 3.602305319329903166e-01 3.891474403429863727e-01
3.202652759395667736e-01 3.594726264582076003e-01 4.067560920593866203e-01
3.222225245623596690e-01 3.585543259971036845e-01 4.252769130419158938e-01
3.248986826921415050e-01 3.574755911682456766e-01 4.447129992860020531e-01
3.282897726571242791e-01 3.562363131409524986e-01 4.650674241925195629e-01
3.323917859531042573e-01 3.548363181735487704e-01 4.863432386015425490e-01
3.372006835959959758e-01 3.532753725784240073e-01 5.085434708777164525e-01
3.427123964531166300e-01 3.515531881159709160e-01 5.316711270511076393e-01
3.489228255543400659e-01 3.496694278196033068e-01 5.557291910165595983e-01
3.558278423856571226e-01 3.476237122541674385e-01 5.807206247939475929e-01
3.634232891691543399e-01 3.454156262101947816e-01 6.066483688508307326e-01
3.708778270750531236e-01 3.432586797058074790e-01 6.317051330035713397e-01
3.773700233803258253e-01 3.413641245424561266e-01 6.540785500526582474e-01
3.829107445964261003e-01 3.397280371466531723e-01 6.737643957905204983e-01
3.875108487280357616e-01 3.383464186828260001e-01 6.907585168640694162e-01
3.911811801533903177e-01 3.372151851123498245e-01 7.050568314471286069e-01
3.939325651741153456e-01 3.363301595201239613e-01 7.166553298798299387e-01
3.957758082705409297e-01 3.356870666944640202e-01 7.255500752572334733e-01
3.967216891044804683e-01 3.352815299429227069e-01 7.317372039505753989e-01
3.967809603149928255e-01 3.351090701241462577e-01 7.352129260436927050e-01
3.959643461548885135e-01 3.351651068737480088e-01 7.359735256667702119e-01
3.942823693542394925e-01 3.354440008422533426e-01 7.340161809177495611e-01
3.917455652659294074e-01 3.359402423842673402e-01 7.293380267546433204e-01
3.883646376179206161e-01 3.366493015711334302e-01 7.219353929293593763e-01
3.841502666181895176e-01 3.375665590447862741e-01 7.118046820292981414e-01
3.791131099724087683e-01 3.386873125122512040e-01 6.989423694691719868e-01
3.732638048950469023e-01 3.400067853396219753e-01 6.833450033250145772e-01
3.666129711514530265e-01 3.415201372232915533e-01 6.650092039985009418e-01
3.591712151630374050e-01 3.432224769177210089e-01 6.439316637019917300e-01
3.509491352010542520e-01 3.451088770012784579e-01 6.201091457573595367e-01
3.419573276867559630e-01 3.471743906646768130e-01 5.935384837046566719e-01
3.322067778741247812e-01 3.494145223920697707e-01 5.642175906041005939e-01
3.217084587379030469e-01 3.518247964157745211e-01 5.321443365508710110e-01
3.104729525670449908e-01 3.544002814520504918e-01 4.973155944369229697e-01
2.985108498637809027e-01 3.571360482038203887e-01 4.597283054281694481e-01
2.858327582003474809e-01 3.600271911610505304e-01 4.193794776874358310e-01
2.724493121210986302e-01 3.630688524194639055e-01 3.762661849338492237e-01
2.583711840492564082e-01 3.662562475301778253e-01 3.303855648541589862e-01
2.436090961425649293e-01 3.695846934002172124e-01 2.817348173861750626e-01
2.281738330259322212e-01 3.730496382717325976e-01 2.303112028995162874e-01
2.120762553119720506e-01 3.766466938151138977e-01 1.761120403074733498e-01
1.955691203527504252e-01 3.797153319528247528e-01 1.216079964583163947e-01
1.788913312447175663e-01 3.816010251969808587e-01 6.927226091198854241e-02
1.620335349025117666e-01 3.823080905291376119e-01 1.910634512590296194e-02
1.449869646679786406e-01 3.818404411021253386e-01 -2.888850387199722730e-02
1.277434313334257776e-01 3.802015638430483180e-01 -7.471130010563842294e-02
1.102953158547752138e-01 3.773944999111478182e-01 -1.183613149316414953e-01
9.263556365293630634e-02 3.734218278508443789e-01 -1.598380730828288798e-01
7.475768038869719245e-02 3.682856492867674914e-01 -1.991413485757880519e-01
5.665572908542240022e-02 3.619875770130328019e-01 -2.362711605810908777e-01
3.832432846430278151e-02 3.545287253334009625e-01 -2.712277693530097955e-01
1.975835471293353740e-02 3.459094601412702752e-01 -3.040124082938147621e-01
9.532495529748928522e-04 3.361295516520424465e-01 -3.346263908871734416e-01
-1.809467051538544979e-02 3.251884861630184864e-01 -3.630704457661382278e-01
-3.738851092306678253e-02 3.130852718720903427e-01 -3.893455269090246307e-01
-5.693079803489260043e-02 2.998184357054839988e-01 -4.134528127319381796e-01
-7.672347787489493254e-02 2.853860215879873707e-01 -4.353937057867108273e-01
-9.676791473008608535e-02 2.697855900181973521e-01 -4.551698331587820667e-01
-1.170648897901407220e-01 2.530142188110362511e-01 -4.727830476590701436e-01
-1.376145999815945042e-01 2.350685048691911472e-01 -4.882354299036858469e-01
-1.584166571556719083e-01 2.159445668446310640e-01 -5.015292913748632397e-01
-1.794710917153860552e-01 1.956374759319709500e-01 -5.126688056591343079e-01
-2.007773242841072447e-01 1.741417823791389097e-01 -5.216582178702521277e-01
-2.223331587398966191e-01 1.514521309047307529e-01 -5.285002974000707621e-01
-2.441357945495837845e-01 1.275627216443004919e-01 -5.331980542411335344e-01
-2.661818289198770726e-01 1.024673144624811544e-01 -5.357547484795318615e-01
-2.884672602321360912e-01 7.615923332409052504e-02 -5.361739013248995045e-01
-3.109874929182499526e-01 4.863137058663329071e-02 -5.344593077679695714e-01
-3.337373439366822514e-01 1.987619107943900190e-02 -5.306150509539960813e-01
-3.567110510101600962e-01 -1.011426416167998318e-02 -5.246455183578333514e-01
-3.799022827893431264e-01 -4.134837463020076681e-02 -5.165554198439417100e-01
-4.024315667206468383e-01 -7.249571393766053584e-02 -5.077308661154018576e-01
-4.234291469680723785e-01 -1.022132465795323047e-01 -4.995514515727503824e-01
-4.429028640245595283e-01 -1.304906477613373139e-01 -4.920126142793430635e-01
-4.608607049088651042e-01 -1.573176592224128922e-01 -4.851098964570514371e-01
-4.773107928510305631e-01 -1.826840913078252859e-01 -4.788389247278246885e-01
-4.922613779243487642e-01 -2.065798248452952457e-01 -4.731953920621392862e-01
-5.057208285864599473e-01 -2.289948128645125092e-01 -4.681750414561138274e-01
-5.176976240984814126e-01 -2.499190821889877012e-01 -4.637736513553442075e-01
-5.282003477969278160e-01 -2.693427349240867796e-01 -4.599870228401548022e-01
-5.372376811985761780e-01 -2.872559498591062965e-01 -4.568109685839540912e-01
-5.448181885874536778e-01 -3.036491703344180726e-01 -4.542403207115193187e-01
-5.509504393418667156e-01 -3.185127828875887190e-01 -4.522700604098384702e-01
-5.556432716938298766e-01 -3.318369945358619622e-01 -4.508962404680434966e-01
-5.589056250949884230e-01 -3.436120868605004874e-01 -4.501149250727835560e-01
-5.607465364725131574e-01 -3.538284172938124250e-01 -4.499221831526746262e-01
-5.611751372482294276e-01 -3.624764203871385648e-01 -4.503140835347936299e-01
-5.602006511195830596e-01 -3.695466090600385556e-01 -4.512866919166587665e-01
-5.578323926032154878e-01 -3.750295758294831527e-01 -4.528360696558824672e-01
-5.540797663435136355e-01 -3.789159940170817586e-01 -4.549582743786569350e-01
-5.489522671894896400e-01 -3.811966189322546494e-01 -4.576493624074708388e-01
-5.424602277535023331e-01 -3.818644654027962826e-01 -4.609033165575299185e-01
-5.346139916874341758e-01 -3.809124957201875938e-01 -4.647143198997337188e-01
-5.254232107621026326e-01 -3.783315082148697162e-01 -4.690787323900154626e-01
-5.148976339145836523e-01 -3.741123811819436762e-01 -4.739929214847682371e-01
-5.030471091407346940e-01 -3.682460743014272508e-01 -4.794532691368932897e-01
-4.898815861124230508e-01 -3.607236300830646836e-01 -4.854561806342480579e-01
-4.754111195173318927e-01 -3.515361753427984071e-01 -4.919980952835213972e-01
-4.596458731161743305e-01 -3.406749227216545051e-01 -4.990754989434245115e-01
-4.425961245085808238e-01 -3.281311722620839366e-01 -5.066849384121354660e-01
-4.242722705945105033e-01 -3.138963130615693431e-01 -5.148230376753328841e-01
-4.059109421831242903e-01 -2.989981814876747079e-01 -5.228998043150057118e-01
-3.887391606677852995e-01 -2.844762212186227601e-01 -5.303260884965348421e-01
-3.727530031944295552e-01 -2.703392705513947836e-01 -5.370999852513045347e-01
-3.579485475036828790e-01 -2.565961253985453161e-01 -5.432197665238073236e-01
-3.443218707261546108e-01 -2.432555360384932308e-01 -5.486838719933896380e-01
-3.318690484050833001e-01 -2.303262043168394502e-01 -5.534909007052501995e-01
-3.205861537572013975e-01 -2.178167812684349003e-01 -5.576396035071898849e-01
-3.104692571813881807e-01 -2.057358651324055210e-01 -5.611288762878418046e-01
-3.015144260233441065e-01 -1.940919997344158765e-01 -5.639577540115275900e-01
-2.937177246034355926e-01 -1.828936732124288311e-01 -5.661254055443775135e-01
-2.870747087129212893e-01 -1.721488809182499247e-01 -5.676312055116190525e-01
-2.815810426103201314e-01 -1.618656089778154616e-01 -5.684745682310923254e-01
-2.772329517233531604e-01 -1.520522491324313163e-01 -5.686549217081386942e-01
-2.740266623292925696e-01 -1.427171387676789693e-01 -5.681718267842733594e-01
-2.719584021823383546e-01 -1.338685603288032600e-01 -5.670249739671880951e-01
-2.710244014282356950e-01 -1.255147409678668557e-01 -5.652141810124688970e-01
-2.712208938101033362e-01 -1.176638524046958595e-01 -5.627393912505407325e-01
-2.725441181690317904e-01 -1.103240109841128885e-01 -5.596006726522986252e-01
-2.749903202426634552e-01 -1.035032779121511093e-01 -5.557982176268645436e-01
-2.785557547647461996e-01 -9.720965965393980890e-02 -5.513323435449041243e-01
-2.832357242470276981e-01 -9.145067460757572153e-02 -5.462046184697740836e-01
-2.890256360732415541e-01 -8.623382351940336865e-02 -5.404166688705013266e-01
-2.959219190931835497e-01 -8.156700532435086359e-02 -5.339690888492905074e-01
-3.039210158760909941e-01 -7.745806561183284089e-02 -5.268625999955256489e-01
-3.130193855206790388e-01 -7.391479709991374825e-02 -5.190980536547948887e-01
-3.232135067862288436e-01 -7.094494016336289066e-02 -5.106764338786674573e-01
-3.344998815487397192e-01 -6.855618339500378633e-02 -5.015988610482464694e-01
-3.468750385864902697e-01 -6.675616417847127226e-02 -4.918665961643668982e-01
-3.603355376997627313e-01 -6.555246924900991201e-02 -4.814810457970836177e-01
-3.748779741699679868e-01 -6.495263521727447087e-02 -4.704437676868136742e-01
-3.890661496898804583e-01 -6.464173428925606979e-02 -4.587382904197173095e-01
-4.014658214808454750e-01 -6.429607172836525331e-02 -4.463477102606524527e-01
-4.120767405901455405e-01 -6.391025891261838121e-02 -4.332730295505649587e-01
-4.208986939425025109e-01 -6.347920830373536549e-02 -4.195152134850951842e-01
-4.279315008478303262e-01 -6.299813348869016949e-02 -4.050751877498627862e-01
-4.331750094819858954e-01 -6.246254932522567194e-02 -3.899538368935956956e-01
-4.366290933644953465e-01 -6.186827218070029000e-02 -3.741520033769437092e-01
-4.382936478578430828e-01 -6.121142025411645260e-02 -3.576704872347002406e-01
-4.381685867129795353e-01 -6.048841397180139412e-02 -3.405100462890183755e-01
-4.362538386857768291e-01 -5.969597644803374681e-02 -3.226713968509620778e-01
-4.325497688434823962e-01 -5.883113428116856086e-02 -3.041552377546019037e-01
-4.270566748441573801e-01 -5.789122062559760862e-02 -2.849622969614619694e-01
-4.197744001055949692e-01 -5.687387272144652645e-02 -2.650932819215301439e-01
-4.107027947382644317e-01 -5.577703084242339321e-02 -2.445488712735060244e-01
-3.998417134000856188e-01 -5.459893885412262643e-02 -2.233297157292480350e-01
-3.871910133679465349e-01 -5.333814483094466430e-02 -2.014364390648406833e-01
-3.727505528506201427e-01 -5.199350173012573517e-02 -1.788696391547384135e-01
-3.565201895677512778e-01 -5.056416812210407646e-02 -1.556298889851270850e-01
-3.384997796197386499e-01 -4.904960897705535477e-02 -1.317177375825357433e-01
-3.186891766733484510e-01 -4.744959650783649868e-02 -1.071337107933403032e-01
-2.970885485943087767e-01 -4.576438083567897774e-02 -8.187710613157238304e-02
-2.736980084187723983e-01 -4.399451627508109419e-02 -5.594725888716104573e-02
-2.485173236305564803e-01 -4.214069227292861763e-02 -2.934472157657378594e-02
-2.215462600633232304e-01 -4.020390571038327115e-02 -2.070028667208405511e-03
-1.927845831937745613e-01 -3.818546195566940166e-02 2.587630476135459670e-02
-1.622320598972925854e-01 -3.608697598134238266e-02 5.449378489324713942e-02
-1.298884606917932727e-01 -3.391037354025536882e-02 8.378194165506369639e-02
-9.575356249604471959e-02 -3.165789239188285253e-02 1.137403318633533750e-01
-5.982715192883911876e-02 -2.933208356755352339e-02 1.443685431072652403e-01
-2.210902917584961144e-02 -2.693581265943204711e-02 1.756661984329985771e-01
1.533392479432371842e-02 -2.455423952907698562e-02 2.057843581389220411e-01
5.043375127129586660e-02 -2.226749384853873859e-02 2.328744346151006006e-01
8.318953095292029587e-02 -2.007143419251779942e-02 2.569370229234520520e-01
1.136003981453822947e-01 -1.796234501709191578e-02 2.779727004458327766e-01
1.416655446815983099e-01 -1.593693493186570942e-02 2.959820210825140907e-01
1.673842226657594190e-01 -1.399233534428683499e-02 3.109655106795627399e-01
1.907557461912344487e-01 -1.212609945213696978e-02 3.229236635650269971e-01
2.117794921808811015e-01 -1.033620155521463267e-02 3.318569400772176103e-01
2.304549004980968319e-01 -8.621036653973530167e-03 3.377657649690106179e-01
2.467814734764672557e-01 -6.979420301112045956e-03 3.406505265724927844e-01
2.607590268573069525e-01 -5.410441657226730712e-03 3.405116669896438575e-01
2.723873968951400215e-01 -3.913621115185910229e-03 3.373496037740565390e-01
2.816662003588580876e-01 -2.489053768365907110e-03 3.311646421902180726e-01
2.885951037634915672e-01 -1.137257707429584989e-03 3.219570625172486489e-01
2.931738235519406599e-01 1.408259288618292707e-04 3.097271202339368923e-01
2.954021265882522673e-01 1.343832812555876633e-03 2.944750462663291435e-01
2.952798311113450369e-01 2.469975217250910959e-03 2.762010471817191171e-01
2.928068082983402709e-01 3.517041761758448685e-03 2.549053052127658869e-01
2.879829845869407157e-01 4.482397127232100667e-03 2.305879779953371178e-01
2.808083449065758574e-01 5.362981768515717382e-03 2.032491979035204732e-01
2.712837182569012295e-01 6.155265151748497490e-03 1.728883728870225234e-01
2.594099276262838427e-01 6.855280846077563967e-03 1.395049086524582649e-01
2.451870383491295546e-01 7.458678886781849177e-03 1.030989009341360813e-01
2.286151796248517831e-01 7.960685066918436401e-03 6.367042472550847598e-02
2.096945537729238140e-01 8.356101122631456532e-03 2.121953044571224176e-02
1.884254472989849993e-01 8.639305054683474663e-03 -2.425376100065998117e-02
1.648082439212862349e-01 8.804251637451961793e-03 -7.274946438720590602e-02
1.388434397061382719e-01 8.844473180023340250e-03 -1.242676376693002405e-01
1.105316604600969504e-01 8.753080620072416912e-03 -1.788083909438238639e-01
7.987368152845071567e-02 8.522765050695680147e-03 -2.363718969754205756e-01
4.918178526558020930e-02 8.479329761442703020e-03 -2.931279047144413896e-01
2.076607909511835048e-02 8.959600369106068482e-03 -3.452466738510919786e-01
-5.375503692366567950e-03 9.972458670510594980e-03 -3.927282130839381824e-01
-2.924535907342822386e-02 1.152664239905037968e-02 -4.355723780962391101e-01
-5.084623127114021313e-02 1.363073942747093301e-02 -4.737788611556206231e-01
-7.018122871267069851e-02 1.629318173882205248e-02 -5.073471823380997225e-01
-8.725383704347934588e-02 1.952223937360905714e-02 -5.362766823689472107e-01
-1.020679292829418661e-01 2.332601458330729391e-02 -5.605665170717373247e-01
-1.146277732129904886e-01 2.771243643857676867e-02 -5.802156534147567823e-01
-1.249380360986988570e-01 3.268925615485171465e-02 -5.952228671415861205e-01
-1.330047135923162760e-01 3.826359809647108395e-02 -6.055864960485672910e-01
-1.388340608001248089e-01 4.444244638282434517e-02 -6.113047132374738180e-01
-1.424317225154050348e-01 5.123306295784627040e-02 -6.123757667072650124e-01
-1.438037273192298293e-01 5.864251761818940062e-02 -6.087977226485697946e-01
-1.429564869036410446e-01 6.667768815426870777e-02 -6.005684671652374851e-01
-1.398967933966780153e-01 7.534526274783767685e-02 -5.876857094543483928e-01
-1.346318148217543198e-01 8.465174489499061039e-02 -5.701469864150910949e-01
-1.271690888223888094e-01 9.460346111760058185e-02 -5.479496686562246310e-01
-1.175165147787867043e-01 1.052065717181059068e-01 -5.210909678722024374e-01
-1.056823444348952007e-01 1.164670848222880972e-01 -4.895679455597896079e-01
-9.167525975368977231e-02 1.283926284911623694e-01 -4.533783180788235057e-01
-7.550424405227021407e-02 1.409906156019037904e-01 -4.125196008589699370e-01
-5.717851699714535801e-02 1.542665126443816537e-01 -3.669883410937209711e-01
-3.670763422635712342e-02 1.682256522071943483e-01 -3.167809534797108029e-01
-1.410147653556566641e-02 1.828732600629179583e-01 -2.618937322499573783e-01
1.062976191866718718e-02 1.982144867804442046e-01 -2.023228644694698708e-01
3.747558640025011600e-02 2.142544440317862564e-01 -1.380644446093315103e-01
6.642521540233840838e-02 2.309982457428076674e-01 -6.911449043098283340e-02
9.746759557306007571e-02 2.484510542180327630e-01 4.531039769912676742e-03
1.305914178998046071e-01 2.666181313483225179e-01 8.287622848926581853e-02
1.638878389965836291e-01 2.847267283939792781e-01 1.620127798263920893e-01
1.954608702604166415e-01 3.019990138431808968e-01 2.380275961993405798e-01
2.253180345315745070e-01 3.184329198179831621e-01 3.109171115184959922e-01
2.534667819920323195e-01 3.340267191497889865e-01 3.806777444519042763e-01
2.799144862163442382e-01 3.487789943553802896e-01 4.473059069941254795e-01
3.046684412532180697e-01 3.626886088899953231e-01 5.107980120046549111e-01
3.277358595418864984e-01 3.757546806588376032e-01 5.711504798144143580e-01
3.491238704913893209e-01 3.879765577611581917e-01 6.283597439885089120e-01
3.688395195729929910e-01 3.993537964355680092e-01 6.824222563238065975e-01
3.868897677961721238e-01 4.098861411712134695e-01 7.333344911509653841e-01
4.032812951229027831e-01 4.195728014762623026e-01 7.810930154772487422e-01
4.180206292767976728e-01 4.284131552280688315e-01 8.256943866268671162e-01
4.311143896634644368e-01 4.364074835189488133e-01 8.671350892798963539e-01
4.425691300522291982e-01 4.435562592518580427e-01 9.054116182290646853e-01
4.523913394209228556e-01 4.498601324191815465e-01 9.405204811295441170e-01
4.605874427076601663e-01 4.553199172671098527e-01 9.724582008586364346e-01
4.671638014055592425e-01 4.599365813135311565e-01 1.001221317521846732e+00
4.721267139458104611e-01 4.637112361886744916e-01 1.026806390137420699e+00
4.754824158225909869e-01 4.666451302691496661e-01 1.049209998027633262e+00
4.772370794201252764e-01 4.687396430774936062e-01 1.068428741942151650e+00
4.773966002957923949e-01 4.699934972091271423e-01 1.084461262584044183e+00
4.759667114591837889e-01 4.704057393197213499e-01 1.097306157115315539e+00
4.729532619047943087e-01 4.699784401439177084e-01 1.106959983302627126e+00
4.683620576433407123e-01 4.687138144460726852e-01 1.113419306789764196e+00
4.621988606875933603e-01 4.666142192304607583e-01 1.116680702136198411e+00
4.544693874182560434e-01 4.636821535487321011e-01 1.116740753788191265e+00
4.451793062976560078e-01 4.599202598949434506e-01 1.113596057001334128e+00
4.343342348987440094e-01 4.553313271790639938e-01 1.107243218734148771e+00
4.219397362156788733e-01 4.499182952700697125e-01 1.097678858533688961e+00
4.080013142199203635e-01 4.436842610994642944e-01 1.084899609436062118e+00
3.928296744456756251e-01 4.363881972835333967e-01 1.069557990441160067e+00
3.767281215303973640e-01 4.277885448216245945e-01 1.052309492337849317e+00
3.596910689176285869e-01 4.178879012813033200e-01 1.033155092498707184e+00
3.417130070755221571e-01 4.066890934234754784e-01 1.012095606623806265e+00
3.227885023136853881e-01 3.941951702121114232e-01 9.891316940629247823e-01
3.029121948679169285e-01 3.804093953363239522e-01 9.642638639911995657e-01
2.820787961822204259e-01 3.653352392873180920e-01 9.374924824398664924e-01
2.602830853231327124e-01 3.489763710303514510e-01 9.088177801825790825e-01
2.375199044671122972e-01 3.313366493085873610e-01 8.782398614766878664e-01
2.137841534079017447e-01 3.124201136118586741e-01 8.457587136583415433e-01
1.890705979383032753e-01 2.922316395361588826e-01 8.113741231078567262e-01
1.633742103089922959e-01 2.707762146284101168e-01 7.750856525143403619e-01
1.366902891333316994e-01 2.480583059820838654e-01 7.368927862481409186e-01
1.090141924172378513e-01 2.240825470017263621e-01 6.967949030698212809e-01
8.034132801740540009e-02 1.988537287407469156e-01 6.547912880417016135e-01
5.066714288885244138e-02 1.723767910765361677e-01 6.108811452774157713e-01
1.998711110264133825e-02 1.446568137214847560e-01 5.650636115336648002e-01
-1.170327937843663665e-02 1.156990070590172004e-01 5.173377706510335905e-01
-4.440854117142814528e-02 8.550870278336429597e-02 4.677026688536348176e-01
-7.813320318998172309e-02 5.409134431062403298e-02 4.161573309206408888e-01
-1.128871973339191509e-01 2.145021386559969531e-02 3.627062269847343146e-01
-1.486801352050618197e-01 -1.241117214944949428e-02 3.073534543620066728e-01
-1.855160950718602320e-01 -4.748686505363541865e-02 2.500974608341570704e-01
-2.233991801527852039e-01 -8.377082124506118888e-02 1.909366919301282162e-01
-2.623335393539828475e-01 -1.212569110572122300e-01 1.298696096602833250e-01
-3.023233892484770702e-01 -1.599389279930355789e-01 6.689471220226470005e-02
-3.433730372535412911e-01 -1.998105984452903106e-01 2.010554576806815319e-03
-3.854869059529664188e-01 -2.408655920286754681e-01 -6.478422964342252233e-02
-4.286695585000343534e-01 -2.830975326668717096e-01 -1.334909055443520287e-01
-4.729257250248965483e-01 -3.265000105959031673e-01 -2.041106129487159915e-01
-5.162092737839079071e-01 -3.689779510532774087e-01 -2.732578068501113067e-01
-5.564642228522960199e-01 -4.084516320246043830e-01 -3.375430743069543493e-01
-5.936808926505744433e-01 -4.449379121250824354e-01 -3.969621090416267650e-01
-6.278495433135499182e-01 -4.784536543472044379e-01 -4.515107482681025575e-01
-6.589603224812842219e-01 -5.090157037320908184e-01 -5.011850190787905390e-01
-6.870032200592746108e-01 -5.366408662650179462e-01 -5.459811797121831844e-01
-7.119680299532443746e-01 -5.613458890264283463e-01 -5.858957556741097861e-01
-7.338443187368142162e-01 -5.831474417126266685e-01 -6.209255706678817877e-01
-7.526214011659060343e-01 -6.020620997118381057e-01 -6.510677722745878970e-01
-7.682883224128832511e-01 -6.181063289821068230e-01 -6.763198523156371822e-01
-7.808316268799393445e-01 -6.312953305101429713e-01 -6.966821423578880568e-01
-7.902379289374741322e-01 -6.416442752517292902e-01 -7.121548742124764741e-01
-7.964959910724012104e-01 -6.491694120025514048e-01 -7.227359007301724647e-01
-7.995943329483992112e-01 -6.538868724234094820e-01 -7.284234067118660061e-01
-7.995212287741041424e-01 -6.558126633191883048e-01 -7.292159152951422918e-01
-7.962647104318305580e-01 -6.549626622049091740e-01 -7.251122887595874422e-01
-7.898125761135829093e-01 -6.513526165213370245e-01 -7.161117237071187303e-01
-7.801524042038715523e-01 -6.449981468573936505e-01 -7.022137405830533030e-01
-7.672715721490520613e-01 -6.359147545219937525e-01 -6.834181675136727918e-01
-7.511572800610987199e-01 -6.241178337842387958e-01 -6.597251184459067552e-01
-7.317957930152261259e-01 -6.096231339359580170e-01 -6.311392184145202533e-01
-7.091734217650987881e-01 -5.924463278920401033e-01 -5.976650349146743757e-01
-6.832771999492072146e-01 -5.726025521186003386e-01 -5.593029946109809858e-01
-6.540940272896559327e-01 -5.501068634560031256e-01 -5.160537666118375499e-01
-6.216107029337443191e-01 -5.249742653746525267e-01 -4.679182264206096509e-01
-5.858139627560857710e-01 -4.972197397547233888e-01 -4.148974142279481248e-01
-5.466905205691436898e-01 -4.668582842490057727e-01 -3.569924875508412865e-01
-5.042271132573873382e-01 -4.339049552158266154e-01 -2.942046682195701979e-01
-4.584105499266044048e-01 -3.983749161291228469e-01 -2.265351837058592332e-01
-4.092277652456202675e-01 -3.602834912854058214e-01 -1.539852027755461428e-01
-3.596218264796566810e-01 -3.220024098382691657e-01 -8.157169436045989819e-02
-3.125548636888965670e-01 -2.858823831592116060e-01 -1.431137613389506062e-02
-2.680415952386395184e-01 -2.519074110732251182e-01 4.779641740468615341e-02
-2.260963484663846557e-01 -2.200622386423259358e-01 1.047526010741839653e-01
-1.867330165435822364e-01 -1.903323135422058943e-01 1.565582836301770697e-01
-1.499650227748417775e-01 -1.627037492633670035e-01 2.032147191742262882e-01
-1.158052916904922514e-01 -1.371632941391229266e-01 2.447232650120100550e-01
-8.426622635940034245e-02 -1.136983061151042584e-01 2.810853456283852192e-01
-5.535969141340865707e-02 -9.229673310443006762e-02 3.123024224518688996e-01
-2.909700132882369478e-02 -7.294709871497023768e-02 3.383759690857739422e-01
-5.494818662116720230e-03 -5.564252965606318602e-02 3.592881396551525497e-01
1.543057363523749406e-02 -4.037681089451078398e-02 3.750210313830549258e-01
3.366923525190625155e-02 -2.714034114161393077e-02 3.855760508056102487e-01
4.921174748826406820e-02 -1.592412882113364639e-02 3.909546232880070082e-01
6.204921540758982085e-02 -6.719788321216866450e-03 3.911581804267139084e-01
7.217326692620736062e-02 4.804601434945253891e-04 3.861881510768555570e-01
7.957604920119594472e-02 5.683787380783148976e-03 3.760459556925666580e-01
8.425022267251633390e-02 8.896749103894126612e-03 3.607330036691250852e-01
8.618895311959351435e-02 1.012527716875846057e-02 3.402506933758726593e-01
8.538590209987127755e-02 9.374668478312378483e-03 3.146004145683930497e-01
8.186193742389583083e-02 6.668809727589655560e-03 2.838541011031832650e-01
7.563840292580346902e-02 2.030855094697729072e-03 2.480837018340074640e-01
6.671039063837423677e-02 -4.535961516047522235e-03 2.072906178849659165e-01
5.507346009408358584e-02 -1.302905179130966866e-02 1.614762537711060819e-01
4.072363300580392892e-02 -2.344648387111498283e-02 1.106420207271139877e-01
2.365738876070810209e-02 -3.578699386373665470e-02 5.478934048367371801e-02
3.871661143945722295e-03 -5.004999776297425901e-02 -6.080350823760800015e-03
-1.863616327998251707e-02 -6.623560351941040758e-02 -7.196559893402214303e-02
-4.386824468998648530e-02 -8.434462301504491721e-02 -1.428649282530339570e-01
-7.182628698580499627e-02 -1.043785836817329865e-01 -2.187768394869265276e-01
-1.004930056420121065e-01 -1.249026287265332658e-01 -2.954162666661452885e-01
-1.278494199380568463e-01 -1.444805461445231864e-01 -3.685002657871493947e-01
-1.538938779595581396e-01 -1.631120592459913421e-01 -4.380295201865993526e-01
-1.786247235840574266e-01 -1.807969048080799446e-01 -5.040047123945892160e-01
-2.020402981000584963e-01 -1.975348267390586998e-01 -5.664265252262219441e-01
-2.241389417379729410e-01 -2.133255701947911753e-01 -6.252956427851974475e-01
-2.449189951315206282e-01 -2.281688761517316200e-01 -6.806127513712020294e-01
-2.643788007230845061e-01 -2.420644764401793103e-01 -7.323785402851793469e-01
-2.825167041215995711e-01 -2.550120892408034301e-01 -7.805937025281477482e-01
-2.993310554172683990e-01 -2.670114150469432013e-01 -8.252589353914142611e-01
-3.144490840443502910e-01 -2.777970233535482225e-01 -8.653902249663923962e-01
-3.274974323317013658e-01 -2.871033210704110883e-01 -9.000038217990136147e-01
-3.384735807056927226e-01 -2.949297275578998678e-01 -9.291008280801926755e-01
-3.473750201749888911e-01 -3.012756296004495127e-01 -9.526823526736482028e-01
-3.541992539119312444e-01 -3.061403779412489867e-01 -9.707495114517348256e-01
-3.589437985632961126e-01 -3.095232849158702781e-01 -9.833034274376488693e-01
-3.616061852559636636e-01 -3.114236231774115682e-01 -9.903452307690021605e-01
-3.621839602601107377e-01 -3.118406255039052888e-01 -9.918760584992567519e-01
-3.606746852710432938e-01 -3.107734856771929288e-01 -9.878970542546605671e-01
-3.570759372705566426e-01 -3.082213604211728186e-01 -9.784093677647138776e-01
-3.527786379016614737e-01 -3.051731073667355298e-01 -9.670861632755973769e-01
-3.491760844290067722e-01 -3.026184731955421370e-01 -9.576001435687300223e-01
-3.462691059476204480e-01 -3.005577051943706390e-01 -9.499509281941734828e-01
-3.440585266400036923e-01 -2.989910630810163616e-01 -9.441381345651568280e-01
-3.425451657386288096e-01 -2.979188186597969690e-01 -9.401613780716091551e-01
-3.417298374480974288e-01 -2.973412555940264101e-01 -9.380202721711379255e-01
-3.416133508248549999e-01 -2.972586692956219467e-01 -9.377144284646730110e-01
-3.421965096104567783e-01 -2.976713669304927867e-01 -9.392434567586754879e-01
-3.434801120144504449e-01 -2.985796675382619836e-01 -9.426069651158031082e-01
