0.000000000000000000e+00 0.000000000000000000e+00 3.183919113274651380e-01
-6.105930104649104351e-03 -3.475304538294032852e-03 3.147996375911041866e-01
-1.219818400560246374e-02 -6.932097428813399631e-03 3.111987406574598936e-01
-1.828803001583434451e-02 -1.036892059111949038e-02 3.075839593537956773e-01
-2.438676102488468445e-02 -1.378417014960886533e-02 3.039499730432213553e-01
-3.050569373011580154e-02 -1.717609517745621872e-02 3.002914036621469052e-01
-3.665616770830126825e-02 -2.054279585950569142e-02 2.966028179823894106e-01
-4.284954430720588903e-02 -2.388222106951420898e-02 2.928787301296775780e-01
-4.909720533574635226e-02 -2.719216535818036462e-02 2.891136043912663212e-01
-5.541055153020657542e-02 -3.047026534954300203e-02 2.853018583464388414e-01
-6.180100077284667037e-02 -3.371399554464327153e-02 2.814378663550058945e-01
-6.827245512812218919e-02 -3.692189217763708342e-02 2.775196438430409529e-01
-7.479867662590855559e-02 -4.009744909791645995e-02 2.735599568875191068e-01
-8.134582990388672386e-02 -4.324581090603274447e-02 2.695753910847376034e-01
-8.788001017463376030e-02 -4.637260622190453319e-02 2.655826786200217171e-01
-9.436724724167788736e-02 -4.948395114699355446e-02 2.615986906308425120e-01
-1.007735085957905952e-01 -5.258644699198766759e-02 2.576404315601870110e-01
-1.070647013772036971e-01 -5.568717224701336121e-02 2.537250358106115655e-01
-1.132066729850667031e-01 -5.879366877743752440e-02 2.498697670075529231e-01
-1.191652101136204678e-01 -6.191392223131764183e-02 2.460920201734069224e-01
-1.249060359950302512e-01 -6.505633664392584947e-02 2.424093271016687368e-01
-1.303968374176598388e-01 -6.822930388144632374e-02 2.388383558473989865e-01
-1.356133610744230111e-01 -7.143991993356468839e-02 2.353918772630887446e-01
-1.405333242671726879e-01 -7.469506253592195222e-02 2.320817754577308989e-01
-1.451343769939068551e-01 -7.800174741689591684e-02 2.289200665011730251e-01
-1.493940925129013664e-01 -8.136709549188747559e-02 2.259189141446364957e-01
-1.532899563857217373e-01 -8.479829739202049410e-02 2.230906476886840295e-01
-1.567993539322332097e-01 -8.830257525267892760e-02 2.204477820148982303e-01
-1.598995560368976498e-01 -9.188714166993516841e-02 2.180030397795089669e-01
-1.625677032529635468e-01 -9.555915571364614891e-02 2.157693757475929175e-01
-1.647807881599421265e-01 -9.932567586486262812e-02 2.137600032249702409e-01
-1.665220499840245338e-01 -1.031895177328898683e-01 2.119853522906627319e-01
-1.678002271043261828e-01 -1.071368678329331914e-01 2.104438063204945308e-01
-1.686303695635329447e-01 -1.111494442001026428e-01 2.091307622736113814e-01
-1.690274568552565526e-01 -1.152086006895007841e-01 2.080416355440544152e-01
-1.690064247155200761e-01 -1.192953567092551737e-01 2.071718127377097929e-01
-1.685821921975101390e-01 -1.233904260190832325e-01 2.065166060701582040e-01
-1.677696889231050648e-01 -1.274742447609025220e-01 2.060712095077761319e-01
-1.665838823714889116e-01 -1.315269988639959919e-01 2.058306567868388726e-01
-1.650398050323218513e-01 -1.355286509434572295e-01 2.057897814599680686e-01
-1.631525812189753566e-01 -1.394589667869894356e-01 2.059431791355885721e-01
-1.609375996848001478e-01 -1.432975079148581798e-01 2.062850959671180817e-01
-1.584109804732243276e-01 -1.470235573097982140e-01 2.068091644044756094e-01
-1.555891641363524869e-01 -1.506162477115973175e-01 2.075085962495615277e-01
-1.524887887317971646e-01 -1.540546223707770501e-01 2.083762312792281080e-01
-1.491267106648024310e-01 -1.573176617190981119e-01 2.094045140636300317e-01
-1.455200232091860002e-01 -1.603843095498840299e-01 2.105854746148319023e-01
-1.416860723432629143e-01 -1.632334986289949441e-01 2.119107131407957922e-01
-1.376424695373161811e-01 -1.658441756346293872e-01 2.133713891800201878e-01
-1.334071011369974968e-01 -1.681953253028396489e-01 2.149582153863036638e-01
-1.289981340029688894e-01 -1.702659936360304549e-01 2.166614562206321537e-01
-1.244339698072591816e-01 -1.720353161536234410e-01 2.184709569923981576e-01
-1.197331010611701885e-01 -1.734825560642452302e-01 2.203762286495143385e-01
-1.149142470232984437e-01 -1.745871033461736666e-01 2.223663865550449259e-01
-1.099963896426121579e-01 -1.753284861368467062e-01 2.244301449872594389e-01
-1.049987572408568326e-01 -1.756863867501907706e-01 2.265558424947524685e-01
-9.994080328434851168e-02 -1.756406557130816282e-01 2.287314729569569494e-01
-9.484218025312607381e-02 -1.751713236262633089e-01 2.309447223146605666e-01
-8.972270869543486072e-02 -1.742586106634966825e-01 2.331830108664973977e-01
-8.460234164029056814e-02 -1.728829335362087605e-01 2.354335409551291391e-01
-7.950112462867231500e-02 -1.710249097693861131e-01 2.376833497925048277e-01
-7.443594559167543423e-02 -1.686734781893646229e-01 2.399209434249707229e-01
-6.941079565594154843e-02 -1.658501950237392109e-01 2.421412235954978343e-01
-6.442623097064004156e-02 -1.625847684473615828e-01 2.443410296025438910e-01
-5.948255695107640406e-02 -1.589069203870354663e-01 2.465175934764456400e-01
-5.457982987453569024e-02 -1.548463825561023910e-01 2.486685324254196416e-01
-4.971786109857223579e-02 -1.504328926661786525e-01 2.507918398580910591e-01
-4.489622354362765577e-02 -1.456961908294784891e-01 2.528858752454095082e-01
-4.011426008923635322e-02 -1.406660161602775183e-01 2.549493530870714508e-01
-3.537109354494294422e-02 -1.353721035793982175e-01 2.569813312432884800e-01
-3.066563787263199004e-02 -1.298441808213013360e-01 2.589811988830366118e-01
-2.599661175593759310e-02 -1.241119652085203029e-01 2.609486642272944579e-01
-2.136255469020653663e-02 -1.182051606082294981e-01 2.628837426822414614e-01
-1.676183417328225289e-02 -1.121534577619955897e-01 2.647867459954902358e-01
-1.219265710233052857e-02 -1.059865326049376222e-01 2.666582711533269645e-01
-7.653082795034293895e-03 -9.973404408972630364e-02 2.684991896864961092e-01
-3.141035817968429456e-03 -9.342563214688937023e-02 2.703106376800237243e-01
1.345681563778899914e-03 -8.709091576348004793e-02 2.720940066037851324e-01
5.809377485146427489e-03 -8.075949116095726410e-02 2.738509350598512526e-01
1.025245928274554075e-02 -7.446093005218568095e-02 2.755833015231612393e-01
1.467742314229747436e-02 -6.822477795675396806e-02 2.772932181340870272e-01
1.908683726724769159e-02 -6.208054586380651330e-02 2.789830223371057016e-01
2.348331214659582500e-02 -5.605768941876210221e-02 2.806552635750074742e-01
2.786951733199849457e-02 -5.018562890181632596e-02 2.823127108537510921e-01
3.224818307943877471e-02 -4.449375446867742667e-02 2.839583542058523591e-01
3.662209567855301273e-02 -3.901142443983651731e-02 2.855954039010297763e-01
4.099409428725397930e-02 -3.376796352845889970e-02 2.872272907629032090e-01
4.536706939416035311e-02 -2.879266098419153153e-02 2.888576675849332531e-01
4.974396303637051986e-02 -2.411476862949868405e-02 2.904904116390891744e-01
5.412777090688036807e-02 -1.976349876422833773e-02 2.921296282741714379e-01
5.852154649427898647e-02 -1.576802191291326594e-02 2.937796556076150978e-01
6.292588087633266269e-02 -1.215089214803288797e-02 2.954442280757358930e-01
6.733129678679627972e-02 -8.908360999377862299e-03 2.971238724888021210e-01
7.172577252855205643e-02 -6.030151063232125352e-03 2.988182820500773218e-01
7.609726072200340141e-02 -3.506037593633770655e-03 3.005271182097883909e-01
8.043368891347446592e-02 -1.325849929611155886e-03 3.022499909428226772e-01
8.472296018657221595e-02 5.205270513988224934e-04 3.039864401487548662e-01
8.895295368595901309e-02 2.043151478414273470e-03 3.057359181715275653e-01
9.311152497694097363e-02 3.252023058199604577e-03 3.074977734361645787e-01
9.718650617745705489e-02 4.157081704516230047e-03 3.092712351991409037e-01
1.011657058115460472e-01 4.768206259845975126e-03 3.110553994078815165e-01
1.050369092541063587e-01 5.095210859725085584e-03 3.128492160233005137e-01
1.087878802365001008e-01 5.147837134993338282e-03 3.146514779630749103e-01
1.124063563341652916e-01 4.935762044303793061e-03 3.164608088429226029e-01
1.158800466306346699e-01 4.468600031442004905e-03 3.182756528194587986e-01
1.191966300211060314e-01 3.755902820663070685e-03 3.200942658993763956e-01
1.223437531397819633e-01 2.807159540804349263e-03 3.219147082924660452e-01
1.253090279269137852e-01 1.631797224018072257e-03 3.237348377959756718e-01
1.280800288581622759e-01 2.391817253091232942e-04 3.255523041976093879e-01
1.306442898649424755e-01 -1.361380890918972852e-03 3.273645446846469298e-01
1.329893009798710501e-01 -3.160642451374151563e-03 3.291687802474889679e-01
1.351025037367219461e-01 -5.149413726448059947e-03 3.309620145362401900e-01
1.369712842395864882e-01 -7.318571412506358342e-03 3.327410364433136536e-01
1.385829721020188643e-01 -9.659043025300739771e-03 3.345024146744695059e-01
1.399248375001898026e-01 -1.216179884525647736e-02 3.362424964742398714e-01
1.409840872054974881e-01 -1.481784677044206688e-02 3.379574088282257804e-01
1.417478606279143349e-01 -1.761822640853782929e-02 3.396430606350175907e-01
1.422032259295185064e-01 -2.055400237239357608e-02 3.412951458585027353e-01
1.423371762701313159e-01 -2.361625674667822139e-02 3.429091476767602842e-01
1.421366262493095611e-01 -2.679608069650907254e-02 3.444803436497725357e-01
1.415884086111778295e-01 -3.008456519278635000e-02 3.460038119347004226e-01
1.406848241253380039e-01 -3.347215097970135389e-02 3.474744688313071705e-01
1.394402973025434811e-01 -3.694666584941952436e-02 3.488872479150790795e-01
1.378747167711731336e-01 -4.049518107011618184e-02 3.502371677736739741e-01
1.360078854638908652e-01 -4.410464175743999959e-02 3.515193495028388071e-01
1.338595253156791287e-01 -4.776186693996908872e-02 3.527290431930829584e-01
1.314492830694771186e-01 -5.145355071842505623e-02 3.538616520521271624e-01
1.287967371348375245e-01 -5.516626452069939290e-02 3.549127541726289081e-01
1.259214054297608243e-01 -5.888646044097844978e-02 3.558781219494751014e-01
1.228427541219185848e-01 -6.260047563890847044e-02 3.567537391452857420e-01
1.195802071729290539e-01 -6.629453776379401475e-02 3.575358155966075202e-01
1.161531554499495300e-01 -6.995476955351609405e-02 3.582207991374044553e-01
1.125809645152280325e-01 -7.356719080529927624e-02 3.588053844130474346e-01
1.088829899361947184e-01 -7.711773215739414766e-02 3.592865218633072288e-01
1.050785901567179437e-01 -8.059224604637904577e-02 3.596614233334758381e-01
1.011871383326368168e-01 -8.397651657236515632e-02 3.599275647521205101e-01
9.722803420709658084e-02 -8.725627000973013025e-02 3.600826862578969667e-01
9.322071588769986761e-02 -9.041718588690761393e-02 3.601247897237307427e-01
8.918467138981345244e-02 -9.344490855753795344e-02 3.600521336220907642e-01
8.513944981519427913e-02 -9.632505918528222466e-02 3.598632251713933528e-01
8.110467204251570195e-02 -9.904324806584696717e-02 3.595568097009742559e-01
7.710003805698661949e-02 -1.015850864770388995e-01 3.591318546657475963e-01
7.314532838318710262e-02 -1.039361973199222078e-01 3.585875259047766050e-01
6.926042156987755050e-02 -1.060822303849255910e-01 3.579231761408081525e-01
6.546530486015944561e-02 -1.080088761530273445e-01 3.571383252632935879e-01
6.178008112875321700e-02 -1.097018788703412184e-01 3.562326349860622798e-01
5.822497490298239597e-02 -1.111470496055368962e-01 3.552058803672046849e-01
5.482033747559222903e-02 -1.123302792626890145e-01 3.540579181468137548e-01
5.158665114809668495e-02 -1.132375515359180795e-01 3.527886518660778847e-01
4.854453267670777450e-02 -1.138549558078860713e-01 3.513979937401563447e-01
4.571473602882081266e-02 -1.141687000120041873e-01 3.498858232667476642e-01
4.311323995240101681e-02 -1.141688224445616129e-01 3.482533871663946456e-01
4.073647541750302636e-02 -1.138602810410773714e-01 3.465075539045923136e-01
3.857601007860012032e-02 -1.132518213068114399e-01 3.446564066137538518e-01
3.662344117463289805e-02 -1.123522596820167863e-01 3.427078068977973402e-01
3.487038178069212790e-02 -1.111704705346281408e-01 3.406694141102191153e-01
3.330844824206202759e-02 -1.097153740570515623e-01 3.385487041308046230e-01
3.192924868542368344e-02 -1.079959250098090351e-01 3.363529876581701217e-01
3.072437250811210774e-02 -1.060211022614412357e-01 3.340894280299355756e-01
2.968538075253990272e-02 -1.037998990802333488e-01 3.317650585776750205e-01
2.880379727923498834e-02 -1.013413141390664407e-01 3.293867995198525023e-01
2.807110101753007569e-02 -9.865434429744812661e-02 3.269614743295639059e-01
2.747871958678782534e-02 -9.574798033965858934e-02 3.244958256710717137e-01
2.701802128741226383e-02 -9.263119681837350683e-02 3.219965313176125221e-01
2.668030825582112797e-02 -8.931294451533178247e-02 3.194702191775711242e-01
2.645681044131986681e-02 -8.580214456580304017e-02 3.169234817347712507e-01
2.633868000629391304e-02 -8.210768316881678075e-02 3.143628900021111505e-01
2.631698610782962078e-02 -7.823840687652605652e-02 3.117950069781265654e-01
2.638271002483705274e-02 -7.420311845973914799e-02 3.092264005952811701e-01
2.652674060059156957e-02 -7.001057335010774096e-02 3.066636561480891032e-01
2.673986997627908480e-02 -6.566947666278366569e-02 3.041133881886048940e-01
2.701279173484749663e-02 -6.118848045570590699e-02 3.015822522657112259e-01
2.733610333116542890e-02 -5.657618090296478996e-02 2.990769569232352154e-01
2.770029573158838687e-02 -5.184111819498493645e-02 2.966042727983921878e-01
2.809574792719660152e-02 -4.699177633632345419e-02 2.941710418352645462e-01
2.851272390119596878e-02 -4.203658323691961129e-02 2.917841862777645900e-01
2.894136985876016865e-02 -3.698391147280588598e-02 2.894507170475915103e-01
2.937171172947783404e-02 -3.184207973862385188e-02 2.871777414890761548e-01
2.979365295688030102e-02 -2.661935501612333610e-02 2.849724704614491344e-01
3.019697259374609644e-02 -2.132395548447973965e-02 2.828422247575925752e-01
3.057132372595683378e-02 -1.596405419963931038e-02 2.807944408265639069e-01
3.090776716979704020e-02 -1.054995869003949593e-02 2.788342333024251829e-01
3.120341177365126839e-02 -5.100655889683114452e-03 2.769570414685258442e-01
3.145687737301949838e-02 3.626852727718343772e-04 2.751559038206075058e-01
3.166677707756715421e-02 5.818886112558097068e-03 2.734238896059295598e-01
3.183172448716442560e-02 1.124675936980157331e-02 2.717540947385330696e-01
3.195033957064952190e-02 1.662511044583814268e-02 2.701396372256628098e-01
3.202125322815474462e-02 2.193273870404643944e-02 2.685736521426713708e-01
3.204311055287867305e-02 2.714843884316575640e-02 2.670492861967765919e-01
3.201457280270014749e-02 3.225100235007083427e-02 2.655596919216813845e-01
3.193431808614022316e-02 3.721921903829272793e-02 2.640980215453438973e-01
3.180104051694954137e-02 4.203187830567500782e-02 2.626574218280763873e-01
3.161344767365337205e-02 4.666776960216356684e-02 2.612310308323975150e-01
3.137025830831419171e-02 5.110568512365532001e-02 2.598119667605951477e-01
3.107019813405020869e-02 5.532442207291898839e-02 2.583933197082970423e-01
3.071199398910051670e-02 5.930278469077210346e-02 2.569681446301821381e-01
3.029436660669793113e-02 6.301958640254490263e-02 2.555294541871049319e-01
2.981602195128152388e-02 6.645365208886477859e-02 2.540702114796395961e-01
2.927564107601599019e-02 6.958382049138256420e-02 2.525833226614224714e-01
2.867186845122215999e-02 7.238894676595997169e-02 2.510616294120495695e-01
2.800329870808271338e-02 7.484790519816497678e-02 2.494979012338403024e-01
2.726845940709043958e-02 7.693959510224113174e-02 2.478848223731446865e-01
2.646578775850416676e-02 7.864295268522258908e-02 2.462149686021337658e-01
2.559361979732255321e-02 7.993694489528291314e-02 2.444808149576402911e-01
2.465017257273949269e-02 8.080056984942229903e-02 2.426747321521496303e-01
2.363352198420409778e-02 8.121286059996490891e-02 2.407889770963445031e-01
2.254157858005978454e-02 8.115288921787167098e-02 2.388156826018956735e-01
2.137206121563517414e-02 8.059977123759143325e-02 2.367468460553387999e-01
2.012246845452558830e-02 7.953267051533341458e-02 2.345743168180529636e-01
1.879004758023583577e-02 7.793080456080225815e-02 2.322897820682561232e-01
1.737176106459781266e-02 7.577345041176464235e-02 2.298847507581314176e-01
1.586612266826747941e-02 7.304956638285720061e-02 2.273523635912635399e-01
1.427889676584825907e-02 6.978661161356214393e-02 2.246929353983597721e-01
1.261768326989320954e-02 6.602164565897261639e-02 2.219086098785494343e-01
1.089009811439645148e-02 6.179170001348843755e-02 2.190015787803867298e-01
9.103799132431866781e-03 5.713377163169308659e-02 2.159741103728514133e-01
7.266512217356524417e-03 5.208481635891004657e-02 2.128285760340684618e-01
5.386057808398181379e-03 4.668174226048726894e-02 2.095674750750795567e-01
3.470377694021475889e-03 4.096140284594707026e-02 2.061934578839039744e-01
1.527562083093680911e-03 3.496059019121400269e-02 2.027093474414431995e-01
-4.341231459950023464e-04 2.871602796927152923e-02 1.991181592253532529e-01
-2.406208896687189736e-03 2.226436331881043174e-02 1.954231232577186006e-01
-4.379994793680452858e-03 1.564215691982617784e-02 1.916277112329689558e-01
-6.346522894331130260e-03 8.885879960118359122e-03 1.877356385389301607e-01
-8.296551698368404004e-03 2.031908359324763325e-03 1.837508730256001144e-01
-1.022053072370887605e-02 -4.883484130529858191e-03 1.796776456730011517e-01
-1.210857612978433195e-02 -1.182413270269755401e-02 1.755204589662309189e-01
-1.395044768296216375e-02 -1.875398808857076105e-02 1.712840927071592745e-01
-1.573552737754368991e-02 -2.563712289548814027e-02 1.669736069518297228e-01
-1.745280004064753143e-02 -3.243773761254953314e-02 1.625943417244677391e-01
-1.909083625918039928e-02 -3.912016620165559289e-02 1.581519131243123155e-01
-2.063777569533531420e-02 -4.564888736495209542e-02 1.536522056850921913e-01
-2.208130894574189540e-02 -5.198854683558540302e-02 1.491013605062958547e-01
-2.340867652758937822e-02 -5.810394132721796723e-02 1.445057568548451243e-01
-2.460666688734303165e-02 -6.396001514730498272e-02 1.398719897432361137e-01
-2.566161601286509608e-02 -6.952186231692847329e-02 1.352068421102021745e-01
-2.655941116267879210e-02 -7.475472775839442363e-02 1.305172507643774793e-01
-2.728549887586506628e-02 -7.962400748305498155e-02 1.258102656513457873e-01
-2.782489735005988507e-02 -8.409524772744880750e-02 1.210930020351765890e-01
-2.816221318217682068e-02 -8.813414300638333643e-02 1.163725852276451533e-01
-2.828166235619544722e-02 -9.170653307724929704e-02 1.116560875516086071e-01
-2.817329733344475784e-02 -9.478889324411099437e-02 1.069489116687254437e-01
-2.785186156951802161e-02 -9.739969827299255201e-02 1.022500065063010055e-01
-2.733857726221700091e-02 -9.956773449926137332e-02 9.755637285370966083e-02
-2.665498690160017503e-02 -1.013215775929898754e-01 9.286465639660512750e-02
-2.582293955786241213e-02 -1.026895942029524278e-01 8.817121576130215743e-02
-2.486457696615218538e-02 -1.036999430394338617e-01 8.347218589106564224e-02
-2.380231997159221180e-02 -1.043805752469628700e-01 7.876353650085832214e-02
-2.265885579492987745e-02 -1.047592339486707047e-01 7.404112537616924783e-02
-2.145712648320774463e-02 -1.048634528725500559e-01 6.930074630414218007e-02
-2.022031882116781532e-02 -1.047205539961302279e-01 6.453817144960716234e-02
-1.897185438173476513e-02 -1.043576426955534764e-01 5.974919133163414386e-02
-1.773537894113719204e-02 -1.038015996771965987e-01 5.492965534253890780e-02
-1.653476327492953146e-02 -1.030790813009021534e-01 5.007548602942257787e-02
-1.539410182047529219e-02 -1.022165147714253486e-01 4.518269416269138361e-02
-1.433771148729245937e-02 -1.012400906390484856e-01 4.024739111873554265e-02
-1.339013221438367651e-02 -1.001757542997068207e-01 3.526579515541872212e-02
-1.257612917288675192e-02 -9.904919652126675800e-02 3.023423152554371995e-02
-1.192069649531468656e-02 -9.788584301986702485e-02 2.514912638280719648e-02
-1.144906240464926839e-02 -9.671084310307698217e-02 2.000699444183062781e-02
-1.118669561744578544e-02 -9.554905738491914491e-02 1.480442035895279673e-02
-1.115930693746491897e-02 -9.442503831969739636e-02 9.538028051387925643e-03
-1.139284064702472676e-02 -9.336299830957495161e-02 4.204432631073728999e-03
-1.191350321843209770e-02 -9.238681501072232294e-02 -1.199778808099516425e-03
-1.274778006908938721e-02 -9.152002150035531969e-02 -6.678084513828341784e-03
-1.392244714591139854e-02 -9.078578869507714089e-02 -1.223407751645444463e-02
-1.546458351861890179e-02 -9.020690635044470440e-02 -1.787152138041525617e-02
-1.740158508253486502e-02 -8.980576242671212128e-02 -2.359441228715430938e-02
-1.976117953032652252e-02 -8.960432055188860545e-02 -2.940704746739397635e-02
-2.257144281595557800e-02 -8.962409525297188040e-02 -3.531409999643342346e-02
-2.586081740224344117e-02 -8.988612455932631917e-02 -4.132069996070164564e-02
-2.964797627790716206e-02 -9.040373093817155592e-02 -4.742986679473881750e-02
-3.391117524012976503e-02 -9.116116079845149045e-02 -5.363445963646595871e-02
-3.861837266296941351e-02 -9.213573342339032024e-02 -5.992484529436037377e-02
-4.373731460919572100e-02 -9.330516049006831736e-02 -6.629143299684203683e-02
-4.923551389223845831e-02 -9.464758338155832007e-02 -7.272459615398219057e-02
-5.508023191185706935e-02 -9.614160809599425761e-02 -7.921460162844473629e-02
-6.123846307736968697e-02 -9.776633778757748416e-02 -8.575154648716276640e-02
-6.767692169856154294e-02 -9.950140290553388667e-02 -9.232530219488355172e-02
-7.436203127890461673e-02 -1.013269888345371683e-01 -9.892546619723185941e-02
-8.125991618870376243e-02 -1.032238608843289995e-01 -1.055413208247064638e-01
-8.833640012047361267e-02 -1.051733896198485674e-01 -1.121617939945678266e-01
-9.555701475033906434e-02 -1.071575784298826051e-01 -1.187754177002715572e-01
-1.028869837635291162e-01 -1.091590677006903931e-01 -1.253703274957005398e-01
-1.102912196872978257e-01 -1.111611431972034936e-01 -1.319342558418354905e-01
-1.177343279296918510e-01 -1.131477439105808003e-01 -1.384545262039136304e-01
-1.251806134119757274e-01 -1.151034655937936968e-01 -1.449180534919896068e-01
-1.325940898093067588e-01 -1.170135596483641294e-01 -1.513113506272092401e-01
-1.399384913944903275e-01 -1.188639270281210969e-01 -1.576205409959339221e-01
-1.471772874573069601e-01 -1.206411068357393646e-01 -1.638313765364580732e-01
-1.542736992484261549e-01 -1.223322593046702877e-01 -1.699292611893450378e-01
-1.611907237222602873e-01 -1.239251486338561747e-01 -1.758992707734581273e-01
-1.678911678055943213e-01 -1.254081305905048183e-01 -1.817261615146628095e-01
-1.743376584601019630e-01 -1.267700988652187277e-01 -1.873944357173407127e-01
-1.804926643901705319e-01 -1.280004373526812955e-01 -1.928883923207380668e-01
-1.863185242076825787e-01 -1.290889716973939727e-01 -1.981921723903270482e-01
-1.917774764200093074e-01 -1.300259141233821580e-01 -2.032898082976322129e-01
-1.968316910916403373e-01 -1.308018015250840271e-01 -2.081652764038208758e-01
-2.014433030344351394e-01 -1.314074268551626012e-01 -2.128025531069925869e-01
-2.055744463911715059e-01 -1.318337639071285317e-01 -2.171856741666045032e-01
-2.091872904911999953e-01 -1.320718856563258825e-01 -2.212987972802986647e-01
-2.122548559137040769e-01 -1.321172625849085236e-01 -2.251297511728247436e-01
-2.147934548488592554e-01 -1.319826421169958408e-01 -2.286805987365929660e-01
-2.168304712241244658e-01 -1.316845350804509707e-01 -2.319572712773640966e-01
-2.183935630587985344e-01 -1.312388265836021972e-01 -2.349660340335164577e-01
-2.195106259381409686e-01 -1.306608267592008765e-01 -2.377134222093606475e-01
-2.202097589364715446e-01 -1.299653209836009182e-01 -2.402061826011778756e-01
-2.205192329973773013e-01 -1.291666192220546350e-01 -2.424512206017648275e-01
-2.204674617404167591e-01 -1.282786042066579313e-01 -2.444555523686795517e-01
-2.200829746336063764e-01 -1.273147782045853660e-01 -2.462262619456554447e-01
-2.193943924480903362e-01 -1.262883081808996444e-01 -2.477704631349260112e-01
-2.184304039273943232e-01 -1.252120682506632221e-01 -2.490952647461468494e-01
-2.172197428752156156e-01 -1.240986784631692430e-01 -2.502077379570444293e-01
-2.157911731752015783e-01 -1.229605473451060860e-01 -2.511148951860997514e-01
-2.141734732374906969e-01 -1.218099102911156528e-01 -2.518236706406273839e-01
-2.123954211040564033e-01 -1.206588649502342570e-01 -2.523409035783461540e-01
-2.104857811344267304e-01 -1.195194045911751601e-01 -2.526733253641930688e-01
-2.084732921554550700e-01 -1.184034494588583897e-01 -2.528275502281638332e-01
-2.063866569646881644e-01 -1.173228761490978656e-01 -2.528100696461370589e-01
-2.042545330843044127e-01 -1.162895450394856312e-01 -2.526272502811908183e-01
-2.021055246716105813e-01 -1.153153258224559607e-01 -2.522853354376399793e-01
-1.999681759740843390e-01 -1.144121227281904574e-01 -2.517904485648529977e-01
-1.978709668129985388e-01 -1.135919009885455466e-01 -2.511485975205181020e-01
-1.958423062237404366e-01 -1.128667022940885722e-01 -2.503656909993172697e-01
-1.939105277907691161e-01 -1.122486616750659749e-01 -2.494475553341883867e-01
-1.921038863035580135e-01 -1.117500242783839859e-01 -2.483999532830001300e-01
-1.904505552771453836e-01 -1.113831605257629143e-01 -2.472286062874164969e-01
-1.889786253499678992e-01 -1.111605796703005744e-01 -2.459392202330135113e-01
-1.877161035944645562e-01 -1.110949417532314243e-01 -2.445375147474111444e-01
-1.866909138013186364e-01 -1.111990679444700980e-01 -2.430292560803901658e-01
-1.859308978261102752e-01 -1.114859492295381393e-01 -2.414202936167773039e-01
-1.854550344555914165e-01 -1.119644802550769924e-01 -2.397152582974482193e-01
-1.852471179783332644e-01 -1.126265816348066551e-01 -2.379135639231462207e-01
-1.852821557079664672e-01 -1.134599057071019601e-01 -2.360134096090846789e-01
-1.855351585533817627e-01 -1.144520845737320158e-01 -2.340130835841773838e-01
-1.859811422707373652e-01 -1.155907198913954659e-01 -2.319109283485634165e-01
-1.865951292944130202e-01 -1.168633721953105109e-01 -2.297053090244882689e-01
-1.873521510919253785e-01 -1.182575498147242499e-01 -2.273945848978025097e-01
-1.882272510116358433e-01 -1.197606974208849095e-01 -2.249770841534211030e-01
-1.891954876139552155e-01 -1.213601842309861567e-01 -2.224510818140079671e-01
-1.902319384965469595e-01 -1.230432918768311623e-01 -2.198147808970540851e-01
-1.913117054040283094e-01 -1.247972021639078832e-01 -2.170662988320573028e-01
-1.924099212223495670e-01 -1.266089848838056753e-01 -2.142036610092614701e-01
-1.935017528424509692e-01 -1.284655838261565819e-01 -2.112247853552360333e-01
-1.945624065234321520e-01 -1.303538029117197183e-01 -2.081274745485615085e-01
-1.955671348460503722e-01 -1.322602921286017974e-01 -2.049094137038771635e-01
-1.964912445346023162e-01 -1.341715329989217054e-01 -2.015681715101722560e-01
-1.973101052412022938e-01 -1.360738235467575663e-01 -1.981012048763046707e-01
-1.979991593896812674e-01 -1.379532627425410496e-01 -1.945058671408466111e-01
-1.985339331769750970e-01 -1.397957344059785889e-01 -1.907794199068093555e-01
-1.988900488277831613e-01 -1.415868905590182969e-01 -1.869190485643970057e-01
-1.990432412744880253e-01 -1.433121369033543147e-01 -1.829218778055183847e-01
-1.989693818501105937e-01 -1.449566227401506424e-01 -1.787849837115369489e-01
-1.986444845617434396e-01 -1.465052140040410400e-01 -1.745054326589121629e-01
-1.980447209551021714e-01 -1.479424716511434923e-01 -1.700803164320543459e-01
-1.971464398071418600e-01 -1.492526324248424352e-01 -1.655067875628950524e-01
-1.959261884318719282e-01 -1.504195893483846191e-01 -1.607820987601975560e-01
-1.943607355799219505e-01 -1.514268720753211284e-01 -1.559036464678738021e-01
-1.924270958769902506e-01 -1.522576272584164059e-01 -1.508690185784367088e-01
-1.901025557050122217e-01 -1.528945991292678386e-01 -1.456760463113448978e-01
-1.873647003821670154e-01 -1.533201105143082721e-01 -1.403228602462238683e-01
-1.841999515193730730e-01 -1.535200282173514452e-01 -1.348113086225319890e-01
-1.806290203308709152e-01 -1.534959329702560993e-01 -1.291570244121915678e-01
-1.766812021765034046e-01 -1.532536001770843370e-01 -1.233792392263843851e-01
-1.723858096069577073e-01 -1.527991276934570486e-01 -1.174973611153933284e-01
-1.677721366636655276e-01 -1.521389861449566894e-01 -1.115309232650250060e-01
-1.628694239355574780e-01 -1.512800634216961981e-01 -1.054995340885489519e-01
-1.577068246939550278e-01 -1.502297032352331030e-01 -9.942282893357390350e-02
-1.523133724344223339e-01 -1.489957376695807412e-01 -9.332042365099058046e-02
-1.467179501552875465e-01 -1.475865137023508744e-01 -8.721187029273780311e-02
-1.409492616966421252e-01 -1.460109137145568781e-01 -8.111661521662272278e-02
-1.350358033088276954e-01 -1.442783680466721563e-01 -7.505396205001879650e-02
-1.290058342748183762e-01 -1.423988582403943326e-01 -6.904304161606455992e-02
-1.228873638105563160e-01 -1.403829270518257566e-01 -6.310277162947608431e-02
-1.167081358175199313e-01 -1.382416781538471362e-01 -5.725182454327537585e-02
-1.104956146847655418e-01 -1.359867682992428328e-01 -5.150860137605972611e-02
-1.042769746206877457e-01 -1.336303942794971888e-01 -4.589120949067160282e-02
-9.807909264338832145e-02 -1.311852749038839860e-01 -4.041744450069417738e-02
-9.192854531775473959e-02 -1.286646282350591974e-01 -3.510477645014686843e-02
-8.585160928640789280e-02 -1.260821443237354345e-01 -2.997034037965562447e-02
-7.987426560168842116e-02 -1.234519536861160560e-01 -2.503093136008516240e-02
-7.402220521793267949e-02 -1.207885864324733660e-01 -2.030301071329754237e-02
-6.832083338118000171e-02 -1.181069175157212214e-01 -1.580272968103146880e-02
-6.279529354577917388e-02 -1.154221408382580805e-01 -1.154591719983688591e-02
-5.747048887689309993e-02 -1.127497284755465401e-01 -7.548086072329152074e-03
-5.237110435626135541e-02 -1.101053812093204520e-01 -3.824450357472031214e-03
-4.752163203777648448e-02 -1.075049759891522072e-01 -3.899471346824334717e-04
-4.294639926652621398e-02 -1.049645104391561112e-01 2.740737453565955661e-03
-3.866959966411442906e-02 -1.025000444919230702e-01 5.553137991527457018e-03
-3.471532667656873627e-02 -1.001276391938810129e-01 8.032975536749198398e-03
-3.110760947866353376e-02 -9.786329268538107584e-02 1.016611945976286790e-02
-2.786357791472937606e-02 -9.572119145046054101e-02 1.194389303183740481e-02
-2.497294235331537493e-02 -9.370849545603343600e-02 1.337899170981415864e-02
-2.241873889622958416e-02 -9.183019769616151962e-02 1.448927657958520854e-02
-2.018421465163022788e-02 -9.009083266328232753e-02 1.529240792162056550e-02
-1.825282075437950624e-02 -8.849453091627967893e-02 1.580585052134964030e-02
-1.660820414892505426e-02 -8.704507025861207836e-02 1.604688030972756252e-02
-1.523419836191663990e-02 -8.574592362129074274e-02 1.603259210121166234e-02
-1.411481345548359911e-02 -8.460030374632543371e-02 1.577990823238728524e-02
-1.323422531931761625e-02 -8.361120476530636836e-02 1.530558793681890961e-02
-1.257676443033695080e-02 -8.278144076542570673e-02 1.462623732076551164e-02
-1.212690484008227543e-02 -8.211368195281654181e-02 1.375832029013679403e-02
-1.186925412027228788e-02 -8.161048902391510040e-02 1.271817094076599375e-02
-1.178853905579124728e-02 -8.127434161105950849e-02 1.152200359106103633e-02
-1.186959240159168871e-02 -8.110766503556021689e-02 1.018592377363081170e-02
-1.209734007145080170e-02 -8.111285497166953462e-02 8.725939916066849378e-03
-1.245678810807415715e-02 -8.129229956914496569e-02 7.157975276305350576e-03
-1.293300942892727790e-02 -8.164839909027676867e-02 5.497880131258625624e-03
-1.351113033032280697e-02 -8.218358311087436974e-02 3.761444229437138631e-03
-1.417631672173413904e-02 -8.290032532817459554e-02 1.964409529108479546e-03
-1.491376005282862849e-02 -8.380115601197601904e-02 1.224832533566200254e-04
-1.570866206370435947e-02 -8.488867206161376799e-02 -1.748648200860181134e-03
-1.654621741442952043e-02 -8.616554462906300671e-02 -3.633303871457549405e-03
-1.741160073001246644e-02 -8.763452484122424835e-02 -5.515795292623693058e-03
-1.828995155769952419e-02 -8.929844708008705112e-02 -7.380412155458149215e-03
-1.916635791328946681e-02 -9.116022990807159943e-02 -9.211406893353757397e-03
-2.002583914633859763e-02 -9.322287469974011032e-02 -1.099297859313752568e-02
-2.085332804172068677e-02 -9.548946196257412922e-02 -1.270925615118612129e-02
-2.163365207071965557e-02 -9.796314532015504284e-02 -1.434428058854519961e-02
-2.235151370089205614e-02 -1.006471431210629319e-01 -1.588198643429672430e-02
-2.299146967049914281e-02 -1.035447276259988669e-01 -1.730618208196599284e-02
-2.354123574196265167e-02 -1.066555041229317879e-01 -1.860364719271201395e-02
-2.400167087103532992e-02 -1.099642520550236924e-01 -1.977350448818659956e-02
-2.437684062197753576e-02 -1.134520026826937311e-01 -2.081792873715215819e-02
-2.467071064702786032e-02 -1.170997437538479069e-01 -2.173904938443671497e-02
-2.488716095908483084e-02 -1.208884231783966534e-01 -2.253896207034733479e-02
-2.502999988178533641e-02 -1.247989525139896472e-01 -2.321973947200017818e-02
-2.510297770048097732e-02 -1.288122102849946771e-01 -2.378344152323252914e-02
-2.510980002907281516e-02 -1.329090451544434615e-01 -2.423212505936422900e-02
-2.505414089958435397e-02 -1.370702789665600996e-01 -2.456785292285701416e-02
-2.493965557378885478e-02 -1.412767096755285223e-01 -2.479270255579635318e-02
-2.476999205788743552e-02 -1.455091136723822842e-01 -2.490877271255476089e-02
-2.454880039664431024e-02 -1.497482469512929626e-01 -2.491818705956205804e-02
-2.427974780565911317e-02 -1.539748491740464686e-01 -2.482310571681578537e-02
-2.396653129479275890e-02 -1.581696467815802976e-01 -2.462573334361639610e-02
-2.361288886930523745e-02 -1.623133555596281141e-01 -2.432832527238737441e-02
-2.322261030391103986e-02 -1.663866831471150221e-01 -2.393319307340169289e-02
-2.279954744503420727e-02 -1.703703314913629363e-01 -2.344270950959659316e-02
-2.234762399189538229e-02 -1.742449992526671210e-01 -2.285931283235420608e-02
-2.187084470308331419e-02 -1.779913841592914991e-01 -2.218551036134597254e-02
-2.137330397203029975e-02 -1.815901853124994858e-01 -2.142388128442052064e-02
-2.085919313789208474e-02 -1.850221056694270061e-01 -2.057707733743763256e-02
-2.033280597387587818e-02 -1.882678548914453742e-01 -1.964782018779720474e-02
-1.979854687558457726e-02 -1.913081507315803620e-01 -1.863890558685099563e-02
-1.926093692043373551e-02 -1.941237208801229741e-01 -1.755320367123047731e-02
-1.872461840594397131e-02 -1.966953049782871332e-01 -1.639365678058579689e-02
-1.819435840819849659e-02 -1.990036565523825018e-01 -1.516327601542233339e-02
-1.767505131513047445e-02 -2.010295448600816215e-01 -1.386513645099674008e-02
-1.717172029783142762e-02 -2.027537566398756042e-01 -1.250237092616846013e-02
-1.668951769386595174e-02 -2.041570977544786558e-01 -1.107816233074876422e-02
-1.623372428954006352e-02 -2.052203947189696898e-01 -9.595734321263815758e-03
-1.580879406994917247e-02 -2.059310454407845548e-01 -8.059491804463636555e-03
-1.541544792546734044e-02 -2.063026642399954369e-01 -6.478442794698668905e-03
-1.505344684066933780e-02 -2.063554262606297485e-01 -4.862701554370740809e-03
-1.472251498177357121e-02 -2.061095154741217073e-01 -3.222330520215255234e-03
-1.442232141579768978e-02 -2.055851229357346099e-01 -1.567339725787597615e-03
-1.415246407597159362e-02 -2.048024450457619494e-01 9.231317888414025674e-05
-1.391245595143786318e-02 -2.037816818273601172e-01 1.746722279724721716e-03
-1.370171347361015535e-02 -2.025430352356814012e-01 3.386032115969328515e-03
-1.351954706688029972e-02 -2.011067075152732642e-01 5.000435776182143854e-03
-1.336515382783343142e-02 -1.994928996243237052e-01 6.580172404595963087e-03
-1.323761279926749523e-02 -1.977218098495718834e-01 8.115523693463799759e-03
-1.313588327774084519e-02 -1.958136328245370095e-01 9.596808990252725380e-03
-1.305880207915510738e-02 -1.937885581194298545e-01 1.101438288218936634e-02
-1.300508382084153425e-02 -1.916667690545796887e-01 1.235863147139681928e-02
-1.297332365713899094e-02 -1.894684417579268754e-01 1.361996790498132270e-02
-1.296200192625995840e-02 -1.872137444016916952e-01 1.478882772031564485e-02
-1.296949068010988526e-02 -1.849228366339552565e-01 1.585566408842176145e-02
-1.299406207319364626e-02 -1.826158692185182453e-01 1.681094303599284245e-02
-1.303389859161541153e-02 -1.803129838936481377e-01 1.764513872205597522e-02
-1.308710510836696983e-02 -1.780343134570525621e-01 1.834872883867344484e-02
-1.315172267515585247e-02 -1.757999810092023552e-01 1.891218920921922120e-02
-1.322574394143849474e-02 -1.736300973579503193e-01 1.932598671151630754e-02
-1.330713085686063835e-02 -1.715447651393584572e-01 1.958057846251293199e-02
-1.339383407210448240e-02 -1.695640809052805231e-01 1.966640924704243787e-02
-1.348381410064636299e-02 -1.677081363189296681e-01 1.957390824633087334e-02
-1.357506433153599090e-02 -1.659970195251450065e-01 1.929348605550451623e-02
-1.366563591222380580e-02 -1.644508166660334503e-01 1.881553195781116017e-02
-1.375366452401394213e-02 -1.630896135052699591e-01 1.813041140065330126e-02
-1.383739907616554632e-02 -1.619334971163866044e-01 1.722846359393859217e-02
-1.391523234812197529e-02 -1.610025575818063714e-01 1.609999912431092639e-02
-1.398580721561515361e-02 -1.603116485128994739e-01 1.473922947379335824e-02
-1.404824494522394218e-02 -1.598546647679999211e-01 1.315606717590789287e-02
-1.410188338018070198e-02 -1.596202685999177362e-01 1.136434042030209923e-02
-1.414617146132268743e-02 -1.595971316158433240e-01 9.377866489645114711e-03
-1.418064247812722556e-02 -1.597739346275250938e-01 7.210456017482158586e-03
-1.420488895504945503e-02 -1.601393674181093019e-01 4.875916756384768291e-03
-1.421853915121307210e-02 -1.606821284624531110e-01 2.388056950465511363e-03
-1.422123515586015685e-02 -1.613909246288640631e-01 -2.393116103736048217e-04
-1.421261256576844545e-02 -1.622544708820066184e-01 -2.992370792744392105e-03
-1.419228173404185611e-02 -1.632614899991056134e-01 -5.857293531361662531e-03
-1.415981078706352037e-02 -1.644007120526884691e-01 -8.820241859023525421e-03
-1.411471059658442329e-02 -1.656608733428606151e-01 -1.186736597220683365e-02
-1.405642007264251703e-02 -1.670307167833380291e-01 -1.498480079976038937e-02
-1.398429344032869892e-02 -1.684989918579775647e-01 -1.815866362810902856e-02
-1.389758928050177644e-02 -1.700544543248216911e-01 -2.137505232179925940e-02
-1.379546112986052009e-02 -1.716858658849229613e-01 -2.462004371067116892e-02
-1.367694964527466084e-02 -1.733819937914482523e-01 -2.787969216872587808e-02
-1.354097633891448993e-02 -1.751316103717321937e-01 -3.114002841616381190e-02
-1.338633889226414908e-02 -1.769234924326679170e-01 -3.438705858148116690e-02
-1.321170805853455477e-02 -1.787464205182072163e-01 -3.760676356495284978e-02
-1.301562588061955239e-02 -1.805891790611751091e-01 -4.078509792217133167e-02
-1.279650494729001053e-02 -1.824405583959891608e-01 -4.390798751818447698e-02
-1.255263097771752712e-02 -1.842893500192910317e-01 -4.696133260756241157e-02
-1.228216649273150551e-02 -1.861243438330193456e-01 -4.993100971366537522e-02
-1.198315585843534592e-02 -1.879343261762320694e-01 -5.280287321326859740e-02
-1.165353199846208554e-02 -1.897080775250206131e-01 -5.556275750690442550e-02
-1.129112478939653386e-02 -1.914343698355280843e-01 -5.819647981983955276e-02
-1.089367115348238713e-02 -1.931019635086164143e-01 -6.068984367504359767e-02
-1.045882686190324762e-02 -1.946996039590076499e-01 -6.302864307485389617e-02
-9.984180060674141544e-03 -1.962160177766372193e-01 -6.519866742231217316e-02
-9.467881682050816039e-03 -1.976409236996152785e-01 -6.718852442319089846e-02
-8.910530757967549675e-03 -1.989680752937093011e-01 -6.899810336728995352e-02
-8.313380669630276998e-03 -2.001922165409171228e-01 -7.063013771772874705e-02
-7.677734053347151644e-03 -2.013080685210764109e-01 -7.208739112762030388e-02
-7.004946195184658109e-03 -2.023103311480332067e-01 -7.337265874656084819e-02
-6.296428253456554103e-03 -2.031936849033897374e-01 -7.448876839771934044e-02
-5.553650297983381279e-03 -2.039527925699173849e-01 -7.543858161070371438e-02
-4.778144155199726129e-03 -2.045823009662299796e-01 -7.622499449508302050e-02
-3.971506048310757819e-03 -2.050768426838027736e-01 -7.685093843927504054e-02
-3.135399022038853900e-03 -2.054310378269281756e-01 -7.731938061941878715e-02
-2.271554914058171448e-03 -2.056394959689571422e-01 -7.763332408240186666e-02
-1.381775703839238645e-03 -2.056968185418202033e-01 -7.779580716507394911e-02
-4.679360352746186891e-04 -2.055975999554675582e-01 -7.780990399428144855e-02
4.680150701936725000e-04 -2.053364291430002098e-01 -7.767872429336986073e-02
1.424053004210890094e-03 -2.049078913168833616e-01 -7.740541270332235158e-02
2.398076627240008918e-03 -2.043065697212149701e-01 -7.699314782564359305e-02
3.387907594339267803e-03 -2.035270473772996525e-01 -7.644514097445265222e-02
4.391289954538635243e-03 -2.025639088193909032e-01 -7.576463462617022415e-02
5.405890025862447601e-03 -2.014117418170870977e-01 -7.495490055622155978e-02
6.429296546385909750e-03 -2.000651390805221475e-01 -7.401923765331641647e-02
7.459021656148312474e-03 -1.985186991437286608e-01 -7.296097036704374261e-02
8.492503165849374369e-03 -1.967670256206326407e-01 -7.178344876425946097e-02
9.527103675985859610e-03 -1.948047312331468994e-01 -7.049004247597911998e-02
1.056011120706701334e-02 -1.926264402036164114e-01 -6.908413620174247427e-02
1.158874065827086852e-02 -1.902267898072911301e-01 -6.756912582418905799e-02
1.261013550219214352e-02 -1.876004318804600501e-01 -6.594841417299113218e-02
1.362136970090244148e-02 -1.847420342793486547e-01 -6.422540643873198007e-02
1.461944982599838738e-02 -1.816462822849702619e-01 -6.240350523881721401e-02
1.560131736269720903e-02 -1.783078799492763267e-01 -6.048610533895981689e-02
1.656385117541603336e-02 -1.747215513781537055e-01 -5.847658803515187742e-02
1.750478518983422660e-02 -1.708858343721684214e-01 -5.637833430085414932e-02
1.842548995331760864e-02 -1.668144513862417355e-01 -5.419477136788186655e-02
1.932829211416198234e-02 -1.625249180835366403e-01 -5.192930546336294029e-02
2.021557722344136110e-02 -1.580347472181040658e-01 -4.958530417388740119e-02
2.108979908241881418e-02 -1.533614470245421302e-01 -4.716609954683015360e-02
2.195348850872003155e-02 -1.485225196350046240e-01 -4.467499123000662209e-02
2.280926154421969443e-02 -1.435354595225777352e-01 -4.211524962938106853e-02
2.365982712558745149e-02 -1.384177519710512172e-01 -3.949011905776478315e-02
2.450799423612570749e-02 -1.331868715720476715e-01 -3.680282084124586461e-02
2.535667855500323142e-02 -1.278602807513147255e-01 -3.405655634449544777e-02
2.620890779586204644e-02 -1.224554283336125593e-01 -3.125451120412003903e-02
2.706782519918293772e-02 -1.169897482834971747e-01 -2.839986185881038239e-02
2.793669769093209965e-02 -1.114806585446252996e-01 -2.549577371599864861e-02
2.881892151620935039e-02 -1.059455597511904656e-01 -2.254540201047339210e-02
2.971802650685617664e-02 -1.004018339643280022e-01 -1.955189371298970968e-02
3.063767987138055204e-02 -9.486684346374296695e-02 -1.651838904295921395e-02
3.158168950351436521e-02 -8.935792960065214174e-02 -1.344802251937560200e-02
3.255400680338516040e-02 -8.389241171844252776e-02 -1.034392348194534961e-02
3.355872900335254982e-02 -7.848758614755935170e-02 -7.209216012588726130e-03
3.460010098916121990e-02 -7.316072528120720619e-02 -4.047018186098760850e-03
3.568251582885739737e-02 -6.792907478405085797e-02 -8.604397145401954106e-04
3.681051334616425308e-02 -6.280984721326188236e-02 2.347423000481185795e-03
3.798878287356455274e-02 -5.782022764520089453e-02 5.573487505003527076e-03
3.922216366970721069e-02 -5.297737517029643683e-02 8.814688472706500022e-03
4.051564396824680614e-02 -4.829842248855520381e-02 1.206798275100240403e-02
4.187435946958739663e-02 -4.380047561879774065e-02 1.533035549818873022e-02
4.330359127902294603e-02 -3.950061372361179934e-02 1.859882747901586697e-02
4.480876330102612215e-02 -3.541588905036885393e-02 2.187046358315480887e-02
4.639543910707821794e-02 -3.156332698671704406e-02 2.514238262757650944e-02
4.806931830354654878e-02 -2.795992622668475036e-02 2.841176849978310770e-02
4.983352463287760159e-02 -2.461754472623933765e-02 3.167591614716869231e-02
5.168041138296963766e-02 -2.152759383560365336e-02 3.493233930065287041e-02
5.359956272814914158e-02 -1.867644352082242776e-02 3.817865906416173516e-02
5.558048157837358616e-02 -1.605054580719134094e-02 4.141255405786647970e-02
5.761258747843278627e-02 -1.363643542140779985e-02 4.463174524293211931e-02
5.968521508463586756e-02 -1.142073021439049541e-02 4.783398198003663282e-02
6.178761314470371246e-02 -9.390131363999021374e-03 5.101702932520524314e-02
6.390894391840129529e-02 -7.531423353684729705e-03 5.417865656965492605e-02
6.603828298723568579e-02 -5.831473720242730252e-03 5.731662703272100146e-02
6.816461941133367120e-02 -4.277232561265886801e-03 6.042868911869447857e-02
7.027685631372504460e-02 -2.855732627565554793e-03 6.351256824356710240e-02
7.236381178032269545e-02 -1.554090475536895610e-03 6.656595921759755896e-02
7.441421923456337240e-02 -3.595020554181260763e-04 6.958652238591156447e-02
7.641672862907533670e-02 7.407597950717104140e-04 7.257188033318229259e-02
7.835990804533743415e-02 1.759347234770558543e-03 7.551961550509300736e-02
8.023224553075936072e-02 2.708839620991998487e-03 7.842726915786446540e-02
8.202215117319155979e-02 3.601746045688081210e-03 8.129234165050291949e-02
8.371795941510606909e-02 4.450508221517157637e-03 8.411229409428599979e-02
8.530793161100991284e-02 5.267503732331313415e-03 8.688455137387496308e-02
8.678025883210782609e-02 6.065049660936683296e-03 8.960650655424018396e-02
8.812306589886809149e-02 6.855405113933343841e-03 9.227552753114132145e-02
8.932441754317199667e-02 7.650771315101501102e-03 9.488896672361679663e-02
9.037231890203134554e-02 8.463301122398458887e-03 9.744416705117231459e-02
9.125471832838050190e-02 9.305105684948689060e-03 9.993847107955033948e-02
9.195951143535907590e-02 1.018825995488459313e-02 1.023692324604468240e-01
9.247454536544985615e-02 1.112480857942355073e-02 1.047338288235444281e-01
9.278762326673284377e-02 1.212677215959034882e-02 1.070296761341058556e-01
9.288650895178651723e-02 1.320615385599932523e-02 1.092542445293354092e-01
9.275893170702831370e-02 1.437494631549185442e-02 1.114050756467026559e-01
9.239259121160081634e-02 1.564513888528651364e-02 1.134798014574984748e-01
9.177963690974699773e-02 1.702512049140381123e-02 1.154759498382569305e-01
9.093012566253744211e-02 1.850890844505936883e-02 1.173902818710734763e-01
8.985865187104735696e-02 2.008702684270158301e-02 1.192193698298993354e-01
8.857987844304204827e-02 2.175011853686559249e-02 1.209597859446631674e-01
8.710853426687048540e-02 2.348894281473201673e-02 1.226080857327840334e-01
8.545941153946845503e-02 2.529437255347932734e-02 1.241607927599703842e-01
8.364736295429686663e-02 2.715739086353430309e-02 1.256143848228870041e-01
8.168729874766089694e-02 2.906908722468148909e-02 1.269652815452388950e-01
7.959418359528758202e-02 3.102065311448320983e-02 1.282098333780403721e-01
7.738303334524276877e-02 3.300337712349188379e-02 1.293443119942612185e-01
7.506891126322523533e-02 3.500863940089882220e-02 1.303649018247465818e-01
7.266692359187310046e-02 3.702790523503374231e-02 1.312676925312121767e-01
7.019221680511078532e-02 3.905271894396067367e-02 1.320486743682209863e-01
6.765997379321175842e-02 4.107469696421706118e-02 1.327037343706036765e-01
6.508540941103779787e-02 4.308552020577405273e-02 1.332286536284739142e-01
6.248376569195235319e-02 4.507692578707933606e-02 1.336191058925972897e-01
5.987030669108772685e-02 4.704069812722355692e-02 1.338706575020225387e-01
5.726031292051736443e-02 4.896865937235972410e-02 1.339787686267026601e-01
5.466907533817355613e-02 5.085265913421466166e-02 1.339387958188353878e-01
5.211188885205464416e-02 5.268456351993533460e-02 1.337459958677547078e-01
4.960404429933573667e-02 5.445624365944068401e-02 1.333955294389914670e-01
4.716081801151883468e-02 5.615956389911236357e-02 1.328824630794116501e-01
4.479746691236563549e-02 5.778636785374757778e-02 1.322017817150697994e-01
4.252922075756826459e-02 5.932846419454840259e-02 1.313483992989823435e-01
4.037127266533602210e-02 6.077761189892871840e-02 1.303171692198183962e-01
3.833876894435128690e-02 6.212550472944222690e-02 1.291028960106164192e-01
3.644679818918072911e-02 6.336375494953117027e-02 1.277003483610013035e-01
3.471037961615985878e-02 6.448387629054508352e-02 1.261042734373098995e-01
3.314445061627369071e-02 6.547726619189431219e-02 1.243094125156964935e-01
3.176385350568500243e-02 6.633518734425880581e-02 1.223105179337053983e-01
3.057895797616705380e-02 6.705191254948950075e-02 1.201058584122787209e-01
2.958257619458937171e-02 6.763422573052224607e-02 1.177077218567319505e-01
2.876309221933803784e-02 6.809197949875533951e-02 1.151319938037707047e-01
2.810884965993087903e-02 6.843496067510379532e-02 1.123946592013229662e-01
2.760817042319274606e-02 6.867291370986006172e-02 1.095117855817653307e-01
2.724937199365884410e-02 6.881556226315943547e-02 1.064995075162311622e-01
2.702078322323675508e-02 6.887262890688727879e-02 1.033740123509883091e-01
2.691075860416258791e-02 6.885385292076673380e-02 1.001515272254644984e-01
2.690769099837053702e-02 6.876900616624093132e-02 9.684830737021243863e-02
2.700002279565794083e-02 6.862790703159493688e-02 9.348062568203108214e-02
2.717625594718198201e-02 6.844043237724939388e-02 9.006476392488238503e-02
2.742496114447723343e-02 6.821652755570006832e-02 8.661700589884713253e-02
2.773478234603521386e-02 6.796621508563038816e-02 8.315362972457318591e-02
2.809444082104306517e-02 6.769960110276507237e-02 7.969090207273765714e-02
2.849273800773532983e-02 6.742687984408579638e-02 7.624507400577584804e-02
2.891855664216480548e-02 6.715833630051681880e-02 7.283237807458853297e-02
2.936086013067429334e-02 6.690434706898518158e-02 6.946902666337440024e-02
2.980869014029829955e-02 6.667537943555590374e-02 6.617121157607819271e-02
3.025116238238334532e-02 6.648198872097577095e-02 6.295510485879596274e-02
3.067746056582043579e-02 6.633481391841655750e-02 5.983686085373829400e-02
3.107682932908328866e-02 6.624457078226519968e-02 5.683261922770199703e-02
3.143856685579837773e-02 6.622204157127420387e-02 5.395850873808960557e-02
3.175201054776888299e-02 6.627806837283145569e-02 5.123065379221714011e-02
3.200652263359149430e-02 6.642354295841901290e-02 4.866518173884237797e-02
3.219147471336247790e-02 6.666939412441941215e-02 4.627823116355855859e-02
3.229623036167517114e-02 6.702657339641415746e-02 4.408596146204590838e-02
3.231012577188430157e-02 6.750603908237273743e-02 4.210456371438198175e-02
3.222244842510768592e-02 6.811873864888795538e-02 4.035027289045522991e-02
3.202241376783554472e-02 6.887558938209981108e-02 3.883938142415654937e-02
3.169913988228811874e-02 6.978745728109148061e-02 3.758825420221256763e-02
3.124464089667666755e-02 7.086132636678543761e-02 3.660773137699813162e-02
3.066287857554161889e-02 7.208885557706778968e-02 3.588628105185520667e-02
2.996072999722398933e-02 7.345780454220651734e-02 3.540679990386585985e-02
2.914499720554930562e-02 7.495585934796977767e-02 3.515220772498395263e-02
2.822243380218836251e-02 7.657065068998925028e-02 3.510543406715882497e-02
2.719976953130087693e-02 7.828977077975673993e-02 3.524940576190882524e-02
2.608373283744525040e-02 8.010078905484618872e-02 3.556703529191018731e-02
2.488107137759332232e-02 8.199126673232193241e-02 3.604121000426463439e-02
2.359857046780922119e-02 8.394877023171964936e-02 3.665478216605411177e-02
2.224306944484588655e-02 8.596088348254626865e-02 3.739055987270489823e-02
2.082147594365446608e-02 8.801521875557005714e-02 3.823129935155211712e-02
1.934077807463507881e-02 9.009942567069195718e-02 3.915969911013572613e-02
1.780805430922605126e-02 9.220120130366371569e-02 4.015839178675939536e-02
1.623048126161208415e-02 9.430829839653043223e-02 4.120993815434559338e-02
1.461533931208336412e-02 9.640853201741172995e-02 4.229682268764811681e-02
1.297001602720593283e-02 9.848978500758542864e-02 4.340145019019026051e-02
1.130200735692943326e-02 1.005400121817188186e-01 4.450614352429749232e-02
9.618916589525294825e-03 1.025472432448308879e-01 4.559314248695756078e-02
7.928451046275597491e-03 1.044995843885239140e-01 4.664460387225943805e-02
6.238416499132259929e-03 1.063852185293159280e-01 4.764260275793308352e-02
4.556709235728817475e-03 1.081924040716542024e-01 4.856913542633378711e-02
2.891305715069680815e-03 1.099094720834870031e-01 4.940612425587787016e-02
1.250250303705069399e-03 1.115248224994429549e-01 5.013542161732686964e-02
-3.583594324432226585e-04 1.130269186644454749e-01 5.073881596559282059e-02
-1.926389824623342406e-03 1.144042802957407901e-01 5.119803965479086116e-02
-3.445690527606792841e-03 1.156454749402731075e-01 5.149477807384172934e-02
-4.908116276940432954e-03 1.167391079309534341e-01 5.161068008479130498e-02
-6.305550975323370722e-03 1.176738108569592711e-01 5.152736973384808294e-02
-7.629934103350777264e-03 1.184382285761955700e-01 5.122645919193047348e-02
-8.873289446944099268e-03 1.190210048124820119e-01 5.068956286726944427e-02
-1.003046848664279622e-02 1.194142883806383892e-01 4.990397958031334014e-02
-1.110731256941210887e-02 1.196242695672209422e-01 4.887972649865446328e-02
-1.211250759804016752e-02 1.196605890113553450e-01 4.763256871906484946e-02
-1.305484613049578968e-02 1.195328264505945981e-01 4.617834308813506539e-02
-1.394320245940683378e-02 1.192505153974132703e-01 4.453294451759592931e-02
-1.478650921867252777e-02 1.188231564944972618e-01 4.271231324076829594e-02
-1.559373553787679612e-02 1.182602294982890712e-01 4.073242306471946961e-02
-1.637386676374141814e-02 1.175712038516207869e-01 3.860927066304675748e-02
-1.713588576625468818e-02 1.167655478168447836e-01 3.635886594514037284e-02
-1.788875584541038677e-02 1.158527361505568010e-01 3.399722352910750089e-02
-1.864140463585073348e-02 1.148422560614745791e-01 3.154035542966759920e-02
-1.940270850063274821e-02 1.137436112282634859e-01 2.900426508945752602e-02
-2.018148235354200182e-02 1.125663258718594406e-01 2.640494200442766726e-02
-2.098646976482143600e-02 1.113199468452554797e-01 2.375835762437894516e-02
-2.182633407081979726e-02 1.100140440297496802e-01 2.108046246710948424e-02
-2.270965113019229875e-02 1.086582093118595438e-01 1.838718434517705447e-02
-2.364490372872829482e-02 1.072620541641331471e-01 1.569442768392192988e-02
-2.464047763291077331e-02 1.058352058553424513e-01 1.301807390431086731e-02
-2.570465929021548135e-02 1.043873023168520042e-01 1.037398283968293811e-02
-2.684563517228877316e-02 1.029279856923825953e-01 7.777995151568184440e-03
-2.807149237081141280e-02 1.014668940084044735e-01 5.245935036483295733e-03
-2.939022014968628582e-02 1.000136504819577610e-01 2.793612604980566516e-03
-3.080971546061839206e-02 9.857785519864536994e-02 4.368312407789787244e-04
-3.233778911005380508e-02 9.716907428499466093e-02 -1.808605666492102415e-03
-3.398217309654860685e-02 9.579682726753047106e-02 -3.926887887117480602e-03
-3.575052951502577514e-02 9.447057323767982240e-02 -5.902190769102144685e-03
-3.765046101081104268e-02 9.319969582802078989e-02 -7.718666952404529269e-03
-3.968952276409876134e-02 9.199348699907394789e-02 -9.360437422945011576e-03
-4.187523598303322103e-02 9.086112962876091714e-02 -1.081158194820197593e-02
-4.421510288086238916e-02 8.981167888881547157e-02 -1.205612893414143016e-02
-4.671226475926282262e-02 8.885250932999610995e-02 -1.308210653713626215e-02
-4.935246437756823923e-02 8.798472431964432516e-02 -1.389371514364201587e-02
-5.211716104579178221e-02 8.720780584681353531e-02 -1.449913909896505260e-02
-5.498788938930587733e-02 8.652117695237837580e-02 -1.490649365560736683e-02
-5.794625446516299405e-02 8.592422479467609620e-02 -1.512383428790142759e-02
-6.097392694731151863e-02 8.541632216873917827e-02 -1.515916576039222363e-02
-6.405263840147767951e-02 8.499684750731262284e-02 -1.502045094470982889e-02
-6.716417666461538261e-02 8.466520338803729118e-02 -1.471561938832932626e-02
-7.029038133834308866e-02 8.442083356747165368e-02 -1.425257564635762364e-02
-7.341313940091787060e-02 8.426323855907913440e-02 -1.363920739429813622e-02
-7.651438074326399885e-02 8.419198981317244090e-02 -1.288339255333470490e-02
-7.957607333699456831e-02 8.420674247512804911e-02 -1.199300484814136425e-02
-8.258021963262685006e-02 8.430724638019970740e-02 -1.097592414420311968e-02
-8.550885283173403906e-02 8.449335582048966842e-02 -9.840044847732709599e-03
-8.834403306671667622e-02 8.476503795915135697e-02 -8.593283406976404137e-03
-9.106784363789621750e-02 8.512237982784709445e-02 -7.243585793100137948e-03
-9.366238728679032732e-02 8.556559390277218569e-02 -5.798935004542205007e-03
-9.610978248161572424e-02 8.609502225173581991e-02 -4.267358639646889884e-03
-9.839215968857040195e-02 8.671113924191065081e-02 -2.656936582706048711e-03
-1.004916576000187689e-01 8.741455279495147224e-02 -9.758088481799376268e-04
-1.023904192810292102e-01 8.820600565953551353e-02 7.678178139771674182e-04
-1.040705881195851390e-01 8.908637804162689022e-02 2.565665745627221384e-03
-1.055143036328178852e-01 9.005667968796249312e-02 4.409373089870882723e-03
-1.067036971991086602e-01 9.111804356978359110e-02 6.290483329564722226e-03
-1.076208875842254997e-01 9.227171951275625617e-02 8.200435958956475702e-03
-1.082479762107517729e-01 9.351906622282823989e-02 1.013055677151086797e-02
-1.085670421314208767e-01 9.486154166927684983e-02 1.207204774051362506e-02
-1.085601366665596146e-01 9.630069178168731980e-02 1.401597647493879606e-02
-1.082092776660728006e-01 9.783813741278013509e-02 1.595326523978890521e-02
-1.074964433569736144e-01 9.947555951390274487e-02 1.787467953766164186e-02
-1.064095408929599529e-01 1.012141204251895132e-01 1.977245678940420248e-02
-1.049603372690270930e-01 1.030527239668286299e-01 2.164526335793048872e-02
-1.031665521717322065e-01 1.049896305606399238e-01 2.349335520803208510e-02
-1.010458865176122600e-01 1.070230124947930683e-01 2.531696051588205876e-02
-9.861602349895903785e-02 1.091509570115762884e-01 2.711629191791775639e-02
-9.589462970950535237e-02 1.113714693070315676e-01 2.889155850219182753e-02
-9.289935636110691064e-02 1.136824754693881445e-01 3.064297752219502513e-02
-8.964784060115782438e-02 1.160818253782278653e-01 3.237078581456565018e-02
-8.615770693893143317e-02 1.185672955815135765e-01 3.407525090336083196e-02
-8.244656878757616880e-02 1.211365921628555498e-01 3.575668177483581900e-02
-7.853202958335980810e-02 1.237873532750377592e-01 3.741543872579988772e-02
-7.443168308139469502e-02 1.265171510925262588e-01 3.905194179137438937e-02
-7.016311715673051452e-02 1.293234958530908862e-01 4.066668242195436989e-02
-6.574391645163757403e-02 1.322038391470399255e-01 4.226023351318630716e-02
-6.119166457020241978e-02 1.351555768392547208e-01 4.383325842955088092e-02
-5.652394639345725835e-02 1.381760519594652514e-01 4.538651961275697033e-02
-5.175835050995836184e-02 1.412625575448771542e-01 4.692088676598160646e-02
-4.691247175512991419e-02 1.444123394159664286e-01 4.843734460589210755e-02
-4.200391385110968656e-02 1.476225988631743036e-01 4.993700017510160905e-02
-3.705029213726973580e-02 1.508904952193859117e-01 5.142108970850944871e-02
-3.206923449336240850e-02 1.542131468530922866e-01 5.289098285113613684e-02
-2.707837876726593151e-02 1.575876292949520696e-01 5.434818227802384882e-02
-2.209538174180281089e-02 1.610109819122786945e-01 5.579433622054352782e-02
-1.713792405663561169e-02 1.644802111886791707e-01 5.723124575161797623e-02
-1.222371321022208690e-02 1.679922922368679572e-01 5.866086932983272106e-02
-7.370486562153999444e-03 1.715441699891995242e-01 6.008532685660394890e-02
-2.596014316690542501e-03 1.751327600266834317e-01 6.150690324189511671e-02
2.081897532860477185e-03 1.787549490062239066e-01 6.292805147349600503e-02
6.645404320384518115e-03 1.824075946450265384e-01 6.435139518422339222e-02
1.107661990644359662e-02 1.860875252205600461e-01 6.577973071044063147e-02
1.536193965092058633e-02 1.897917934288146924e-01 6.721683695497837618e-02
1.950501509000712730e-02 1.935184772409104248e-01 6.866983429352124801e-02
2.351377367770757232e-02 1.972659779778487277e-01 7.014664141421711463e-02
2.739609218968430682e-02 2.010327703713450376e-01 7.165514856372734442e-02
3.115979670540713897e-02 2.048173985474894820e-01 7.320321608826141357e-02
3.481266270381855321e-02 2.086184726124225008e-01 7.479867314585053606e-02
3.836241526399675195e-02 2.124346658348841288e-01 7.644931657372122658e-02
4.181672936260039108e-02 2.162647124201066973e-01 7.816290989595664485e-02
4.518323026007697862e-02 2.201074058691565583e-01 7.994718245789300681e-02
4.846949396769151264e-02 2.239615979175653138e-01 8.180982867478814313e-02
5.168304747814289613e-02 2.278261986494314328e-01 8.375850710935317522e-02
5.483136846179004209e-02 2.317001780809677669e-01 8.580083926764636715e-02
5.792188686809263132e-02 2.355825644539799590e-01 8.794441027002086742e-02
6.096198590190082811e-02 2.394724447264167111e-01 9.019676880776472672e-02
6.395900271887011712e-02 2.433689662762854589e-01 9.256542685173663187e-02
6.692022914669992772e-02 2.472713391345431333e-01 9.505785942124234111e-02
6.985291242189228811e-02 2.511788387401496792e-01 9.768150440630485321e-02
7.276425593096780275e-02 2.550908092104946512e-01 1.004437624370240201e-01
7.566141994427777462e-02 2.590066671204054316e-01 1.033519967940765838e-01
7.855152232962181458e-02 2.629259057829487212e-01 1.064135333548632545e-01
8.144164069783688120e-02 2.668481046656259181e-01 1.096356585726825372e-01
8.433881739568782621e-02 2.707729480509080133e-01 1.130256136199365713e-01
8.725005558569121078e-02 2.747002158899802815e-01 1.165906006586610033e-01
9.018231820060362836e-02 2.786297851346954957e-01 1.203377849570657077e-01
9.314252826996183288e-02 2.825616362920291280e-01 1.242742949899353633e-01
9.613756912758697482e-02 2.864958604276113263e-01 1.284072225473593676e-01
9.917428447959553139e-02 2.904326666107772681e-01 1.327436228481246872e-01
1.022594783110868377e-01 2.943723897932541966e-01 1.372905146542766630e-01
1.053999146082560401e-01 2.983154991132197509e-01 1.420548803835357532e-01
1.086023168712153542e-01 3.022626066159723734e-01 1.470436662164082975e-01
1.118704003075547959e-01 3.062147629714666586e-01 1.522586407998947067e-01
1.151960336251782735e-01 3.101741988588146981e-01 1.576809904132865370e-01
1.185682546943018778e-01 3.141432391785610179e-01 1.632867816716503384e-01
1.219762548638008148e-01 3.181239710018255451e-01 1.690521084305451893e-01
1.254093799350122218e-01 3.221182313970070155e-01 1.749530907203373786e-01
1.288571318076647820e-01 3.261275978052813329e-01 1.809658737098436276e-01
1.323091707183494670e-01 3.301533809223116123e-01 1.870666266566036740e-01
1.357553179863772996e-01 3.341966200425741107e-01 1.932315418042733768e-01
1.391855591777360068e-01 3.382580808212649615e-01 1.994368331913891623e-01
1.425900475951227264e-01 3.423382554068599148e-01 2.056587353398757756e-01
1.459591081109334887e-01 3.464373615966276354e-01 2.118735045183051113e-01
1.492832414182703182e-01 3.505553388174700302e-01 2.180574246894781965e-01
1.525531276989555707e-01 3.546918669368750443e-01 2.241867964867196861e-01
1.557596303627342138e-01 3.588463788327320714e-01 2.302379323125105515e-01
1.588937997420432069e-01 3.630180714173807388e-01 2.361871541082667392e-01
1.619468765680642797e-01 3.672059186441991585e-01 2.420107909268569557e-01
1.649102951543919282e-01 3.714086864345804706e-01 2.476851763122347450e-01
1.677756862214203615e-01 3.756249494618031370e-01 2.531866454954876389e-01
1.705348793023859777e-01 3.798531097273416535e-01 2.584915324211127796e-01
1.731799046808304432e-01 3.840914168647051596e-01 2.635761666214921917e-01
1.757029957225877403e-01 3.883379918962672761e-01 2.684168730100005007e-01
1.780965922742647756e-01 3.925908561992557111e-01 2.729899771590540425e-01
1.803533379127779668e-01 3.968479509813276351e-01 2.772717918519109759e-01
1.824660787224550162e-01 4.011071613962391424e-01 2.812386104781481322e-01
1.844278624711259695e-01 4.053663437673957759e-01 2.848667035934191460e-01
1.862319372548837393e-01 4.096233541113765142e-01 2.881323154923034480e-01
1.878717496483335303e-01 4.138760779074917018e-01 2.910116608203860977e-01
1.893409424134375740e-01 4.181224610625133842e-01 2.934809212490305796e-01
1.906333518373708458e-01 4.223605420229707974e-01 2.955162422323116544e-01
1.917430047882984212e-01 4.265884849907388698e-01 2.970937298604425791e-01
1.926656642208834924e-01 4.308027605491742129e-01 2.981970469704151583e-01
1.934033446716987292e-01 4.349926418966116870e-01 2.988402381319552603e-01
1.939594324752969001e-01 4.391458108151922168e-01 2.990449930351477548e-01
1.943370838273139611e-01 4.432501950029568150e-01 2.988330600154736061e-01
1.945392047063494445e-01 4.472939448096160397e-01 2.982262484688318338e-01
1.945684339004816188e-01 4.512654109415423775e-01 2.972464307892934698e-01
1.944271290939578734e-01 4.551531231243126641e-01 2.959155436776832460e-01
1.941173559840332352e-01 4.589457696944987397e-01 2.942555886654449893e-01
1.936408804107938586e-01 4.626321780778304138e-01 2.922886316964259379e-01
1.929991634939178802e-01 4.662012960984114329e-01 2.900368016092329526e-01
1.921933589653286312e-01 4.696421730154707319e-01 2.875222852472614221e-01
1.912243120648327022e-01 4.729439387788714200e-01 2.847673176272422779e-01
1.900925665115447138e-01 4.760957900330495818e-01 2.817941837809110339e-01
1.887983726754489666e-01 4.790869753801896280e-01 2.786252136084499398e-01
1.873416979687170247e-01 4.819067801308216659e-01 2.752827726048483470e-01
1.857222403256133525e-01 4.845445113662050218e-01 2.717892506365000571e-01
1.839394447798916588e-01 4.869894832236902893e-01 2.681670486682712351e-01
1.819925231398715759e-01 4.892310023188608525e-01 2.644385633587376105e-01
1.798804767499855295e-01 4.912583532227277061e-01 2.606261694613909441e-01
1.776021223135373361e-01 4.930607839184615315e-01 2.567521999920909792e-01
1.751561175946450000e-01 4.946274884944692474e-01 2.528389201783127760e-01
1.725409839271354606e-01 4.959475842002385448e-01 2.489084920172821569e-01
1.697551506184051817e-01 4.970101043630394955e-01 2.449829610628615484e-01
1.667969957483168564e-01 4.978039860415042206e-01 2.410842319788386590e-01
1.636648864688767802e-01 4.983180547915893044e-01 2.372340379014339362e-01
1.603572218135655980e-01 4.985410091710655855e-01 2.334539079212678558e-01
1.568724778316843427e-01 4.984614049954849690e-01 2.297651328668379733e-01
1.532092548347425698e-01 4.980676393761740428e-01 2.261887296100422162e-01
1.493663265134110851e-01 4.973479345890963188e-01 2.227454041536027773e-01
1.453426906554828868e-01 4.962903218420695595e-01 2.194555137998310812e-01
1.411397542598029631e-01 4.948876139854951894e-01 2.163334146162654292e-01
1.367677530526401064e-01 4.931524190679810182e-01 2.133706893166245067e-01
1.322392963714933423e-01 4.911022851350099749e-01 2.105531839661347604e-01
1.275671700240126327e-01 4.887547431352343708e-01 2.078667035627548287e-01
1.227642785810592052e-01 4.861273224949620442e-01 2.052970686927340083e-01
1.178435925076684043e-01 4.832375651383431503e-01 2.028301681586697214e-01
1.128181003334618460e-01 4.801030378837407575e-01 2.004520073204396624e-01
1.077007659901592085e-01 4.767413431732152596e-01 1.981487519651272677e-01
1.025044913750554620e-01 4.731701281161364570e-01 1.959067675919605733e-01
9.724208413642099202e-02 4.694070918493742361e-01 1.937126540617075676e-01
9.192623151302070639e-02 4.654699907242125789e-01 1.915532785210736222e-01
8.656948134811326412e-02 4.613766415548092859e-01 1.894158086717059319e-01
8.118422279132753161e-02 4.571449269059844056e-01 1.872877233865093416e-01
7.578267287883644343e-02 4.527927968025959871e-01 1.851568260567688640e-01
7.037686841804147164e-02 4.483382683109273792e-01 1.830112569021054014e-01
6.497866214191194700e-02 4.437994237508027240e-01 1.808395013020058784e-01
5.959972287783044109e-02 4.391944076134501884e-01 1.786303943391800431e-01
5.425153946519767345e-02 4.345414222610846089e-01 1.763731217525954520e-01
4.894542815083147147e-02 4.298587224832814968e-01 1.740572174999330812e-01
4.369254319086435245e-02 4.251646089826266461e-01 1.716725581261044908e-01
3.850388904788903943e-02 4.204774132475392889e-01 1.692093616300063275e-01
3.339033289530313198e-02 4.158154669574756213e-01 1.666581973140743855e-01
2.836262781823872814e-02 4.111971167228629653e-01 1.640099471570701795e-01
2.343143502233768771e-02 4.066407217850054323e-01 1.612557815922501803e-01
1.860734661490504038e-02 4.021646431503009822e-01 1.583871407391592712e-01
1.390091019121975080e-02 3.977872319670359147e-01 1.553957133798604673e-01
9.322655053260131552e-03 3.935268171670123216e-01 1.522734137556867040e-01
4.883119911036626348e-03 3.894016923843457434e-01 1.490123562355982756e-01
5.928819412601704641e-04 3.854301021533101945e-01 1.456048278813586450e-01
-3.537412895948222058e-03 3.816302273759668573e-01 1.420432589081519481e-01
-7.500856408256595387e-03 3.780161806588999696e-01 1.383235629582610926e-01
-1.130573148717139986e-02 3.745860311388709007e-01 1.344551036903585128e-01
-1.496394295887171211e-02 3.713337871533797241e-01 1.304503693409735376e-01
-1.848719641723839402e-02 3.682534027290227385e-01 1.263215937963693136e-01
-2.188702321921276450e-02 3.653387926821958231e-01 1.220807797931193761e-01
-2.517480350095269159e-02 3.625838462870238921e-01 1.177397204154413402e-01
-2.836178733386063300e-02 3.599824395776889396e-01 1.133100189907949584e-01
-3.145911413148549940e-02 3.575284463425472126e-01 1.088031074764410633e-01
-3.447783041075780375e-02 3.552157478587010253e-01 1.042302634212477486e-01
-3.742890600381265642e-02 3.530382414079058506e-01 9.960262557928789562e-02
-4.032324714855750614e-02 3.509898492291703143e-01 9.493120740068938801e-02
-4.317170540596393380e-02 3.490645292296319369e-01 9.022690826337509407e-02
-4.598509564987018905e-02 3.472562745757068470e-01 8.550052902242732955e-02
-4.877420872264792706e-02 3.455591158981667910e-01 8.076278372821121820e-02
-5.154982113236705743e-02 3.439671241067476792e-01 7.602430928485848227e-02
-5.432270364360736181e-02 3.424744121210583359e-01 7.129567410113768489e-02
-5.710362881671571245e-02 3.410751355240266847e-01 6.658738576714107182e-02
-5.990337754547248039e-02 3.397634921416736731e-01 6.190989778542910216e-02
-6.273274463858768968e-02 3.385337205510423608e-01 5.727361538062503143e-02
-6.560254348582539308e-02 3.373800975165490712e-01 5.268890040698792632e-02
-6.852360650364541783e-02 3.362969359685568094e-01 4.816607050397436751e-02
-7.150677850030984217e-02 3.352785848794290757e-01 4.371538816914899428e-02
-7.456292958061538911e-02 3.343194182053150776e-01 3.934707855059471626e-02
-7.770295986635566976e-02 3.334138263937198587e-01 3.507133587716904088e-02
-8.093779997660099923e-02 3.325562085000832724e-01 3.089832404217585093e-02
-8.427841073719744003e-02 3.317409632314860524e-01 2.683817632799900821e-02
-8.773578212829491463e-02 3.309624789178355897e-01 2.290099425982194958e-02
-9.132093147398467892e-02 3.302151224126084195e-01 1.909684557186519527e-02
-9.504490087339245719e-02 3.294932269273442849e-01 1.543576126475088017e-02
-9.891875386768944622e-02 3.287910788066357171e-01 1.192773172766159462e-02
-1.029485369943996531e-01 3.281040225077997974e-01 8.581140360726102756e-03
-1.071201714078888756e-01 3.274317672834672344e-01 5.398104419324312175e-03
-1.114145552346359480e-01 3.267749638344428220e-01 2.379211076276810388e-03
-1.158125993234300211e-01 3.261340885654719912e-01 -4.749145874010096691e-04
-1.202952279848226169e-01 3.255094578500963287e-01 -3.163611143115474533e-03
-1.248433794916596895e-01 3.249012424123600695e-01 -5.686182526621230693e-03
-1.294380063718278961e-01 3.243094818326826001e-01 -8.041899847684774727e-03
-1.340600755224752305e-01 3.237340991847643679e-01 -1.023000324943623696e-02
-1.386905681732795159e-01 3.231749158099104235e-01 -1.224970377490475215e-02
-1.433104797246702589e-01 3.226316662346406794e-01 -1.410018520379674456e-02
-1.479008209941437002e-01 3.221040132582060345e-01 -1.578060541291970154e-02
-1.524426219980510311e-01 3.215915632254944256e-01 -1.729009728756158992e-02
-1.569169263401448688e-01 3.210938813269437198e-01 -1.862777239563140341e-02
-1.613047892087111634e-01 3.206105071261360351e-01 -1.979272303062495908e-02
-1.655872769721131732e-01 3.201409702805451118e-01 -2.078402358176978382e-02
-1.697454667790179172e-01 3.196848064336905715e-01 -2.160073175726084926e-02
-1.737604461794131083e-01 3.192415732809936735e-01 -2.224188966372731002e-02
-1.776133127812418167e-01 3.188108668114426614e-01 -2.270652475102385992e-02
-1.812851739562351128e-01 3.183923377270216903e-01 -2.299365063748792792e-02
-1.847571466072901458e-01 3.179857080417489712e-01 -2.310226783690394470e-02
-1.880103581454370953e-01 3.175907873167784778e-01 -2.303136002854522246e-02
-1.910259495439623478e-01 3.172074879804975822e-01 -2.277988190834268067e-02
-1.937850714532425300e-01 3.168358441262038028e-01 -2.234677367307114082e-02
-1.962688831084324903e-01 3.164760294490065462e-01 -2.173096621667447437e-02
-1.984585525505080383e-01 3.161283748338776789e-01 -2.093138194255761420e-02
-2.003352569588319199e-01 3.157933861353559024e-01 -1.994693573270867049e-02
-2.018801830988365964e-01 3.154717621480349621e-01 -1.877653614008245597e-02
-2.030745278870913495e-01 3.151644127660322425e-01 -1.741908687749083029e-02
-2.038994990746036962e-01 3.148724773282864930e-01 -1.587348868313620542e-02
-2.043363160477849050e-01 3.145973431448796376e-01 -1.413864164987765903e-02
-2.043734590138592822e-01 3.143404773316795797e-01 -1.221736849045562678e-02
-2.040284177341042948e-01 3.141028216355552516e-01 -1.012818796138637012e-02
-2.033259444319401865e-01 3.138852253180370866e-01 -7.893566705758914281e-03
-2.022908026165728401e-01 3.136885623248906185e-01 -5.535998949326881302e-03
-2.009477655400280227e-01 3.135136784730949699e-01 -3.078005436875308476e-03
-1.993216143702296606e-01 3.133613438980158428e-01 -5.421322191248023614e-04
-1.974371361108229195e-01 3.132322107786067455e-01 2.049050794777684814e-03
-1.953191213120231140e-01 3.131267763574303586e-01 4.672951573818195925e-03
-1.929923616280575516e-01 3.130453512709365782e-01 7.306958017812448247e-03
-1.904816472859272025e-01 3.129880332036600876e-01 9.928440328555332428e-03
-1.878117636524603284e-01 3.129546863799572698e-01 1.251475370655885655e-02
-1.850074863021138327e-01 3.129449273637701090e-01 1.504324147690283553e-02
-1.820935817286564173e-01 3.129581131537273464e-01 1.749123840654576156e-02
-1.790948062257626816e-01 3.129933356856766657e-01 1.983607409810428379e-02
-1.760359041107593114e-01 3.130494222035173912e-01 2.205507643338933121e-02
-1.729416062931434794e-01 3.131249409841627696e-01 2.412557497559575381e-02
-1.698366292497741625e-01 3.132182124101454690e-01 2.602490423936743014e-02
-1.667456744584416839e-01 3.133273253807109526e-01 2.773040673599247441e-02
-1.636934283287700964e-01 3.134501590500646806e-01 2.921943570196550155e-02
-1.607045626542715766e-01 3.135844098799451807e-01 3.046935742275813652e-02
-1.578037328349282120e-01 3.137276239199877637e-01 3.145754988798277196e-02
-1.550155714760901304e-01 3.138772341582276582e-01 3.216139476087853666e-02
-1.523646993805574112e-01 3.140306035223505710e-01 3.255828808557481580e-02
-1.498757309841947105e-01 3.141850730994475427e-01 3.262564370598663999e-02
-1.475732772909488233e-01 3.143380155609314386e-01 3.234089276388019130e-02
-1.454819490338996602e-01 3.144868938445979367e-01 3.168148249821900464e-02
-1.436263599161673454e-01 3.146293250933984709e-01 3.062487435717553552e-02
-1.420311297524872174e-01 3.147631498545608864e-01 2.914854145899603566e-02
-1.407208872970340252e-01 3.148865065466259772e-01 2.722996546546063712e-02
-1.397202725056772010e-01 3.149979112053729047e-01 2.484663296202427318e-02
-1.390458626859363278e-01 3.150976282067015077e-01 2.198629768338467017e-02
-1.386819367472726938e-01 3.151915273308718568e-01 1.867776233256446261e-02
-1.386046675224248403e-01 3.152870725236485150e-01 1.496006875515121237e-02
-1.387901784129699223e-01 3.153919203280324268e-01 1.087223731268682769e-02
-1.392145320739732739e-01 3.155138243762274364e-01 6.453272154555378393e-03
-1.398537220595379438e-01 3.156605485737182804e-01 1.742165864960121269e-03
-1.406836675353337895e-01 3.158397889982440532e-01 -3.222096649146077851e-03
-1.416802110915593715e-01 3.160591045564262735e-01 -8.400535133223474560e-03
-1.428191196249377626e-01 3.163258564563853348e-01 -1.375417189871441792e-02
-1.440760882013307764e-01 3.166471565654713771e-01 -1.924403072318670027e-02
-1.454267500785437761e-01 3.170298233073323146e-01 -2.483113490152266678e-02
-1.468466953375298090e-01 3.174803440561069223e-01 -3.047650292930859095e-02
-1.483114714626641018e-01 3.180048553455980809e-01 -3.614115663242234433e-02
-1.497965937505352230e-01 3.186091288866661486e-01 -4.178612604742681924e-02
-1.512775612248447032e-01 3.192985652770206073e-01 -4.737245320150185179e-02
-1.527298743173801654e-01 3.200781969432844321e-01 -5.286119666073618717e-02
-1.541290540535644737e-01 3.209527003364005537e-01 -5.821343677226753499e-02
-1.554506624899607559e-01 3.219264173804914364e-01 -6.339028152147818673e-02
-1.566703241685871717e-01 3.230033861524255201e-01 -6.835287292517744362e-02
-1.577637483791960449e-01 3.241873807449886513e-01 -7.306239388533253276e-02
-1.587067519008584782e-01 3.254819661140890830e-01 -7.748007814724067188e-02
-1.594752816520168537e-01 3.268905731981561757e-01 -8.156722575648256424e-02
-1.600454386833449760e-01 3.284165470121576114e-01 -8.528520216630530726e-02
-1.603935029623251296e-01 3.300632155885714347e-01 -8.859544320854029209e-02
-1.604959586215688461e-01 3.318339733860224960e-01 -9.145946303018703816e-02
-1.603295198548213563e-01 3.337323729955419260e-01 -9.383886224394366593e-02
-1.598711576628311093e-01 3.357622249099194711e-01 -9.569533632082594110e-02
-1.590981277390142168e-01 3.379277050911113633e-01 -9.699068427150692173e-02
-1.579879998786539730e-01 3.402334700377060983e-01 -9.768681767944586980e-02
-1.565186893948435909e-01 3.426847790180160835e-01 -9.774577016181318356e-02
-1.546754422488199054e-01 3.452856525191556614e-01 -9.714039856173029008e-02
-1.524716236033398786e-01 3.480329690994237168e-01 -9.588640852890462085e-02
-1.499276974100549609e-01 3.509221829941857607e-01 -9.401018371463232270e-02
-1.470642254326941512e-01 3.539491716783649267e-01 -9.153806994390034646e-02
-1.439018403550385017e-01 3.571101372964342602e-01 -8.849636291194196147e-02
-1.404612207324085205e-01 3.604015131320168486e-01 -8.491129652628037761e-02
-1.367630674124225010e-01 3.638198752595389607e-01 -8.080903183069176876e-02
-1.328280811081263835e-01 3.673618594927181569e-01 -7.621564647465639553e-02
-1.286769408607382204e-01 3.710240837198504060e-01 -7.115712471795054839e-02
-1.243302831798098751e-01 3.748030756932205776e-01 -6.565934798442274456e-02
-1.198086825386557308e-01 3.786952040120015184e-01 -5.974808545934706672e-02
-1.151326342458318663e-01 3.826966100467057430e-01 -5.344898427581235012e-02
-1.103225326753642932e-01 3.868031595449448190e-01 -4.678756383570981114e-02
-1.053986508745481387e-01 3.910103953925334608e-01 -3.978920995765289348e-02
-1.003811211843732565e-01 3.953134935408049166e-01 -3.247916938113881713e-02
-9.528991612788040300e-02 3.997072243356187826e-01 -2.488254526350219820e-02
-9.014482960029379655e-02 4.041859191849805910e-01 -1.702429377599434801e-02
-8.496545841460623194e-02 4.087434424855302950e-01 -8.929221905118911451e-03
-7.977118427313723004e-02 4.133731687120816289e-01 -6.219865617471675989e-04
-7.458115624941452637e-02 4.180679645590967830e-01 7.872904906411903880e-03
-6.941427449942150218e-02 4.228201666866411301e-01 1.653109971823241153e-02
-6.428917609157913660e-02 4.276215466208173055e-01 2.532841695260223958e-02
-5.922421796094479163e-02 4.324633370554549217e-01 3.424082096539393660e-02
-5.423746171925891701e-02 4.373362425455997737e-01 4.324440725856604217e-02
-4.934666010267996228e-02 4.422304449014493599e-01 5.231539370091908836e-02
-4.456924460892963680e-02 4.471356126667513919e-01 6.143011007741527862e-02
-3.992231445320904015e-02 4.520409144999826268e-01 7.056498599675187222e-02
-3.542262697623854706e-02 4.569350362734572180e-01 7.969653721188318940e-02
-3.108658964191945984e-02 4.618062017043458312e-01 8.880135043387582527e-02
-2.693025376666291493e-02 4.666421963326525812e-01 9.785606674540758831e-02
-2.296808038608322278e-02 4.714296927835546214e-01 1.068389927782131821e-01
-1.920924890485764536e-02 4.761522368341557510e-01 1.157349570174686093e-01
-1.566134592759560462e-02 4.807924877074452041e-01 1.245303807090749615e-01
-1.233159551147089417e-02 4.853329570152165040e-01 1.332116225623352079e-01
-9.226861330437152731e-03 4.897560302224084339e-01 1.417649552957804815e-01
-6.353650738097016415e-03 4.940439884404157489e-01 1.501765424633703105e-01
-3.718120887463705060e-03 4.981790304901312361e-01 1.584324158208465505e-01
-1.326087082301086184e-03 5.021432951837647707e-01 1.665184534951844597e-01
8.169664509609653180e-04 5.059188837831056773e-01 1.744203592194519814e-01
2.705873170220751689e-03 5.094878826008164552e-01 1.821236428903656446e-01
4.335766786693007191e-03 5.128323877876379555e-01 1.896136029973938264e-01
5.702059217346899800e-03 5.159345342110195354e-01 1.968753104320759562e-01
6.800423338144234719e-03 5.187765120848517597e-01 2.038935914843378328e-01
7.626768786058502059e-03 5.213405882613670883e-01 2.106530148896901267e-01
8.177212705419822925e-03 5.236091298029825758e-01 2.171378817328699640e-01
8.448046660932018170e-03 5.255646277470691352e-01 2.233322177857708368e-01
8.435699563463128214e-03 5.271897211135563310e-01 2.292197683395693630e-01
8.136696485173899873e-03 5.284672212221659393e-01 2.347839955345794039e-01
7.547613276799314264e-03 5.293801364048942304e-01 2.400080781282492026e-01
6.665026941348628498e-03 5.299116972202533304e-01 2.448749135723993220e-01
5.485443729535077750e-03 5.300453705348191491e-01 2.493671495548195338e-01
4.005189240615436574e-03 5.297648515248845058e-01 2.534672689768182607e-01
2.220404749422311141e-03 5.290541279639184857e-01 2.571575093428641878e-01
1.270005786881966969e-04 5.278975214660555082e-01 2.604198418849881236e-01
-2.279412852960405189e-03 5.262797183003833368e-01 2.632359792519931574e-01
-5.003597525162106763e-03 5.241858019637577470e-01 2.655873831059656354e-01
-8.050763582227560278e-03 5.216012878379667761e-01 2.674552709606281553e-01
-1.142664806965676405e-02 5.185121603007383229e-01 2.688206215293327261e-01
-1.513759631544608908e-02 5.149049127073745957e-01 2.696641777928423522e-01
-1.919064561841121730e-02 5.107665907107330483e-01 2.699664469502032205e-01
-2.358819185802563112e-02 5.060933659790229910e-01 2.697163596154528165e-01
-2.831172769880296869e-02 5.009160124003342318e-01 2.689374452449024844e-01
-3.333792405696467398e-02 4.952740349811572962e-01 2.676621824776450609e-01
-3.864389506531296092e-02 4.892070127065846208e-01 2.659234026513095372e-01
-4.420706020044384843e-02 4.827545061319966635e-01 2.637543084477194100e-01
-5.000501337492124776e-02 4.759559705164413401e-01 2.611884908499106928e-01
-5.601539976966485312e-02 4.688506741252744803e-01 2.582599453516465360e-01
-6.221580106316526582e-02 4.614776214801361576e-01 2.550030880657043753e-01
-6.858362960387864860e-02 4.538754814768273249e-01 2.514527721048827047e-01
-7.509603197430969601e-02 4.460825204259819543e-01 2.476443043650569109e-01
-8.172979535368884996e-02 4.381365457385610895e-01 2.436134513061425366e-01
-8.846125199336363210e-02 4.300748651679882073e-01 2.393964256615515040e-01
-9.526623734228145679e-02 4.219342177175184894e-01 2.350299435512219759e-01
-1.021200418526433396e-01 4.137507231531474261e-01 2.305512529150668399e-01
-1.089973658782401600e-01 4.055598442646308754e-01 2.259981480507509133e-01
-1.158722852727454011e-01 3.973963567946743325e-01 2.214089817688673634e-01
-1.227182278538325733e-01 3.892943277606177865e-01 2.168226744877417289e-01
-1.295079608918481284e-01 3.812871029374234055e-01 2.122787195848570008e-01
-1.362135897779612748e-01 3.734073042989747293e-01 2.078171843379141848e-01
-1.428065680250512060e-01 3.656868382250437755e-01 2.034787058229650114e-01
-1.492577156869669963e-01 3.581569143721203830e-01 1.993044658662919133e-01
-1.555372444740719118e-01 3.508480750277711557e-01 1.953361311936250289e-01
-1.616148135418900011e-01 3.437902432078603354e-01 1.916158798191691659e-01
-1.674595887910790282e-01 3.370127831473794799e-01 1.881863861418562323e-01
-1.730403107788056616e-01 3.305445742995951619e-01 1.850907828016286061e-01
-1.783253748295727803e-01 3.244141001280751446e-01 1.823726149934117302e-01
-1.832829235396342682e-01 3.186495519735905724e-01 1.800757871536271537e-01
-1.878809518898432174e-01 3.132789481059488068e-01 1.782445020318981221e-01
-1.920874252096407275e-01 3.083302678731234536e-01 1.769231922625245090e-01
-1.958704102704134087e-01 3.038316006366859057e-01 1.761564446579910737e-01
-1.992069440299264471e-01 2.998018586103974314e-01 1.759747757074183738e-01
-2.021094875971023441e-01 2.962227432140576155e-01 1.763519204657457706e-01
-2.045999938134297480e-01 2.930673903502136746e-01 1.772469016856339508e-01
-2.067011015264963447e-01 2.903097378437742293e-01 1.786181730628086939e-01
-2.084360188423897142e-01 2.879243928865360402e-01 1.804236720375822500e-01
-2.098284139810262516e-01 2.858865059170883072e-01 1.826208716826416278e-01
-2.109023136780159291e-01 2.841716519514552175e-01 1.851668310740244294e-01
-2.116820091438000873e-01 2.827557202148192061e-01 1.880182436653079492e-01
-2.121919696520064846e-01 2.816148127686015634e-01 1.911314832879940084e-01
-2.124567638838144035e-01 2.807251526809624309e-01 1.944626474882777956e-01
-2.125010065247820989e-01 2.800629851275808768e-01 1.979675384119756743e-01
-2.123493480897078456e-01 2.796044536750725840e-01 2.016015213932398353e-01
-2.120263695562929485e-01 2.793255879564515709e-01 2.053197381247269249e-01
-2.115565196655957436e-01 2.792022689934818835e-01 2.090771980722365697e-01
-2.109640784183905993e-01 2.792101884515991728e-01 2.128288071008226368e-01
-2.102731298643991664e-01 2.793248185771455283e-01 2.165293928383054123e-01
-2.095075444892842143e-01 2.795213926853707953e-01 2.201337268483865017e-01
-2.086909714942883909e-01 2.797748960274977215e-01 2.235965437098741404e-01
-2.078468412443186253e-01 2.800600668413357752e-01 2.268725571146523734e-01
-2.069983781322690675e-01 2.803514073828501374e-01 2.299164731039002874e-01
-2.061685492186997593e-01 2.806232876919416697e-01 2.326832149705886366e-01
-2.053798751859581273e-01 2.808502259297256387e-01 2.351285745519948733e-01
-2.046547016038289257e-01 2.810066809130660204e-01 2.372085744381919881e-01
-2.040153285454344712e-01 2.810670178083842785e-01 2.388792561239618806e-01
-2.034840753386468748e-01 2.810055655840013600e-01 2.400966799785617667e-01
-2.030833555731534901e-01 2.807966836662241228e-01 2.408169225549192660e-01
-2.028357621720715542e-01 2.804148380166893162e-01 2.409960710684746488e-01
-2.027641622431879398e-01 2.798346869698327133e-01 2.405902147867937657e-01
-2.028918013229841222e-01 2.790311773053675282e-01 2.395554329730114063e-01
-2.032424165167574515e-01 2.779796511808867443e-01 2.378477789222293026e-01
-2.038347174264334427e-01 2.766621936533502080e-01 2.354359972909492171e-01
-2.046654468603810173e-01 2.750863387754360900e-01 2.323397201314083560e-01
-2.057260746897853210e-01 2.732662401241685579e-01 2.285912656877000515e-01
-2.070083277276806299e-01 2.712163623085568354e-01 2.242229062594098821e-01
-2.085041104320310978e-01 2.689514199416458418e-01 2.192668691558736782e-01
-2.102054297465123511e-01 2.664863194199762475e-01 2.137553381566821287e-01
-2.121043243737510409e-01 2.638361031564397940e-01 2.077204557059939560e-01
-2.141927987185106019e-01 2.610158959837987069e-01 2.011943260043427273e-01
-2.164627616851069192e-01 2.580408535139975257e-01 1.942090191002643351e-01
-2.189059704642000170e-01 2.549261123024333386e-01 1.867965760263334829e-01
-2.215128846869554025e-01 2.516878316639630242e-01 1.789920246219232070e-01
-2.242692649094086832e-01 2.483463500087546016e-01 1.708424238634878023e-01
-2.271592842649781119e-01 2.449227416827506332e-01 1.623978599205013751e-01
-2.301665585725487517e-01 2.414376457831162170e-01 1.537084526401892859e-01
-2.332741094828172379e-01 2.379112066986448504e-01 1.448243700950868629e-01
-2.364643381407844913e-01 2.343630215542695794e-01 1.357958428932164452e-01
-2.397190089700691473e-01 2.308120951011414235e-01 1.266731778285148380e-01
-2.430192431386366536e-01 2.272768026372897765e-01 1.175067704588359518e-01
-2.463455212287808394e-01 2.237748615716195211e-01 1.083471162224611817e-01
-2.496776946065262237e-01 2.203233122563865720e-01 9.924481973928855894e-02
-2.529994377949043027e-01 2.169348042348397954e-01 9.023931696211562326e-02
-2.563118396462646942e-01 2.136067817370097544e-01 8.132497094270974003e-02
-2.596205778543669851e-01 2.103331259403091735e-01 7.248484489624118510e-02
-2.629315438989863196e-01 2.071079356329530441e-01 6.370197566944391099e-02
-2.662508348357173205e-01 2.039255279156351186e-01 5.495937169491149632e-02
-2.695847460961040554e-01 2.007804397614449954e-01 4.624001105238928488e-02
-2.729397652351268633e-01 1.976674305012764421e-01 3.752683959928582169e-02
-2.763225665632340622e-01 1.945814852991194499e-01 2.880276913829593610e-02
-2.797400065997877050e-01 1.915178196792135523e-01 2.005067559535511634e-02
