1.367178916931152788e+00 4.586360156536103405e-01 -1.085325837135314941e+00
1.331722760902864122e+00 4.579040275471926713e-01 -1.066755626245558641e+00
1.299869180905926180e+00 4.571872575054850008e-01 -1.050421302729810824e+00
1.271030083830045454e+00 4.564699304411759528e-01 -1.036099332790295646e+00
1.244656050874358488e+00 4.557374945586201154e-01 -1.023577801827690648e+00
1.220236337547425443e+00 4.549766213538368187e-01 -1.012656414441124975e+00
1.197298873667230312e+00 4.541752056145102467e-01 -1.003146494428177604e+00
1.175410263361185370e+00 4.533223654199906583e-01 -9.948709847848812293e-01
1.154175785066126281e+00 4.524084421412927215e-01 -9.876644477057200389e-01
1.133239391528315654e+00 4.514250004410970685e-01 -9.813730645836300504e-01
1.112283709803439491e+00 4.503648282737487407e-01 -9.758546360099981110e-01
1.091030041256611183e+00 4.492219368852583550e-01 -9.709785817746636738e-01
1.069238361562368622e+00 4.479915608133018812e-01 -9.666259408659176877e-01
1.046707320704674871e+00 4.466701578872201428e-01 -9.626893714705029304e-01
1.023274242976919490e+00 4.452554092280197606e-01 -9.590731509736144522e-01
9.988151269819167677e-01 4.437462192483717649e-01 -9.556931759588983555e-01
9.732446456319058248e-01 4.421427156526130386e-01 -9.524769622084525711e-01
9.465161461485528394e-01 4.404462494367452630e-01 -9.493636447028276359e-01
9.186216500629481585e-01 4.386593948884358052e-01 -9.463039776210251386e-01
8.895918532156074088e-01 4.367859495870165532e-01 -9.432603343404982743e-01
8.594961257564727175e-01 4.348309344034853030e-01 -9.402067074371528443e-01
8.284425121449106033e-01 4.328005935005043159e-01 -9.371287086853452575e-01
7.965777311497138635e-01 4.307023943324019277e-01 -9.340235690578848615e-01
7.640871758490994647e-01 4.285450276451707730e-01 -9.309001387260321669e-01
7.311949136307117625e-01 4.263384074764693388e-01 -9.277788870594996240e-01
6.981636861916189485e-01 4.240936711556214656e-01 -9.246919026264517338e-01
6.652917034492609183e-01 4.218231085683860071e-01 -9.216820740384760180e-01
6.328773764854187522e-01 4.195393840677505981e-01 -9.187940792257490719e-01
6.011840504328515022e-01 4.172547583834572693e-01 -9.160653746975497835e-01
5.704367983671344566e-01 4.149810178863522214e-01 -9.135253763823515394e-01
5.408224213066575858e-01 4.127294745883854366e-01 -9.111954596278202256e-01
5.124894482126270967e-01 4.105109661426112333e-01 -9.090889592008157827e-01
4.855481359890639892e-01 4.083358558431873786e-01 -9.072111692873905398e-01
4.600704694828051666e-01 4.062140326253761424e-01 -9.055593434927913243e-01
4.360901614835027695e-01 4.041549110655435761e-01 -9.041226948414573528e-01
4.136026527236245087e-01 4.021674313811596790e-01 -9.028823957770213404e-01
3.925659322702984011e-01 4.002599153914148111e-01 -9.018120498819673925e-01
3.729095618590821948e-01 3.984384820798791971e-01 -9.008828808073612304e-01
3.545437002453353803e-01 3.967054631540719578e-01 -9.000689212127035432e-01
3.373599236019326209e-01 3.950592590050462372e-01 -8.993474844889614017e-01
3.212312255192634747e-01 3.934943387073902010e-01 -8.986991647585684806e-01
3.060120170052323396e-01 3.920012400192266488e-01 -8.981078368754248364e-01
2.915381264852590082e-01 3.905665693822131801e-01 -8.975606564248976849e-01
2.776267998022777794e-01 3.891730019215415837e-01 -8.970480597238195131e-01
2.640767002167386246e-01 3.877992814459389481e-01 -8.965637638204909665e-01
2.506679084066056884e-01 3.864202204476662739e-01 -8.961047664946766300e-01
2.371649486868670775e-01 3.850071413318960079e-01 -8.956712067989318626e-01
2.233500774529822985e-01 3.835327299440532411e-01 -8.952648310117955477e-01
2.090565716459772128e-01 3.819758891003156021e-01 -8.948874585899960765e-01
1.941717549791669717e-01 3.803221798180405622e-01 -8.945408427094366788e-01
1.786369979381561279e-01 3.785638213157654364e-01 -8.942266702651978649e-01
1.624477177808383854e-01 3.766996910132074938e-01 -8.939465618715352058e-01
1.456533785373969048e-01 3.747353245312642911e-01 -8.937020718618808868e-01
1.283574910103041367e-01 3.726829156920131170e-01 -8.934946882888438191e-01
1.107176127743217248e-01 3.705613165187111591e-01 -8.933258329242073081e-01
9.294534817650082492e-02 3.683960372357959479e-01 -8.931968612589332723e-01
7.530285158056398975e-02 3.662188563930283691e-01 -8.931090093916499439e-01
5.806436292172035413e-02 3.640635322162045218e-01 -8.930628098000488180e-01
4.147774316143579276e-02 3.619615139467106668e-01 -8.930575071107558216e-01
2.576097749846857285e-02 3.599415519619500459e-01 -8.930910049873183043e-01
1.110217536886865496e-02 3.580296977753424925e-01 -8.931598661302045938e-01
-2.340429554022175566e-03 3.562493040363241548e-01 -8.932593122768051064e-01
-1.443847935957027866e-02 3.546210245303479947e-01 -8.933832242014303482e-01
-2.509349189985014827e-02 3.531628141788833997e-01 -8.935241417153129140e-01
-3.423686078964442714e-02 3.518899290394162382e-01 -8.936732636666061547e-01
-4.182985540644391237e-02 3.508149263054490263e-01 -8.938204479403845104e-01
-4.786438099592002504e-02 3.499474165115040725e-01 -8.939544068194151816e-01
-5.237133984661967306e-02 3.492913377834285238e-01 -8.940648559563634246e-01
-5.542899247553369907e-02 3.488422300851564128e-01 -8.941446633487938334e-01
-5.716371773719369082e-02 3.485869874225293041e-01 -8.941900447008730435e-01
-5.775001282367213384e-02 3.485038578432972933e-01 -8.942005634233698430e-01
-5.741049326458220331e-02 3.485624434371174529e-01 -8.941791306336538403e-01
-5.641589292707799991e-02 3.487237003355554976e-01 -8.941320051556983506e-01
-5.508506401585431395e-02 3.489399387120842855e-01 -8.940687935200765102e-01
-5.378497707314684739e-02 3.491548227820851502e-01 -8.940024499639646072e-01
-5.293072097873201265e-02 3.493033708028467355e-01 -8.939492764311404160e-01
-5.297852239694971627e-02 3.493131107005793545e-01 -8.939285658937954349e-01
-5.434895969395125287e-02 3.491167919675592923e-01 -8.939586788924609451e-01
-5.735017685494767092e-02 3.486650975592751056e-01 -8.940531200759358477e-01
-6.217090293123221645e-02 3.479277995214400399e-01 -8.942201815230976791e-01
-6.888045204018035383e-02 3.468937589899930285e-01 -8.944629427429027224e-01
-7.742872336524980748e-02 3.455709261910974162e-01 -8.947792706743855629e-01
-8.764620115598038830e-02 3.439863404411425130e-01 -8.951618196866607535e-01
-9.924395472799446560e-02 3.421861301467418737e-01 -8.955980315789200397e-01
-1.118136384629963426e-01 3.402355128047347410e-01 -8.960701355804348012e-01
-1.248274918087726032e-01 3.382187950021851575e-01 -8.965551483505544983e-01
-1.376494835791134130e-01 3.362375641597509790e-01 -8.970253959976107749e-01
-1.496578990403855669e-01 3.343907977432233891e-01 -8.974542562768825782e-01
-1.603679268386859758e-01 3.327549725009361636e-01 -8.978219007810978036e-01
-1.694428032466226142e-01 3.313822562157548446e-01 -8.981158169568450589e-01
-1.766938121633147285e-01 3.303005077050782390e-01 -8.983308081045756621e-01
-1.820802851143926981e-01 3.295132768208373641e-01 -8.984689933786010885e-01
-1.857096012519980910e-01 3.289998044494954477e-01 -8.985398077870950795e-01
-1.878371873547836080e-01 3.287150225120487601e-01 -8.985600021920918667e-01
-1.888665178279132217e-01 3.285895539640257823e-01 -8.985536433094882813e-01
-1.893491147030620658e-01 3.285297127954876495e-01 -8.985521137090416444e-01
-1.899719756661231440e-01 3.284196166141055140e-01 -8.985934267286597166e-01
-1.914192828415629544e-01 3.281444249784218892e-01 -8.987146905577049205e-01
-1.942341119364622837e-01 3.276135776706721181e-01 -8.989445723398992172e-01
-1.988058603881183439e-01 3.267629072597141304e-01 -8.993026130941481622e-01
-2.053702473640442450e-01 3.255546391010284424e-01 -8.997992277145383522e-01
-2.140093137619694108e-01 3.239773913367184344e-01 -9.004357049703387572e-01
-2.246514222098394964e-01 3.220461748955101844e-01 -9.012042075060007207e-01
-2.370712570658162488e-01 3.198023934927525791e-01 -9.020877718411576263e-01
-2.508898244182776183e-01 3.173138436304169252e-01 -9.030603083706245648e-01
-2.655744520858177582e-01 3.146747145970974491e-01 -9.040866013643993337e-01
-2.804507744098408972e-01 3.120035087099496951e-01 -9.051230493366370089e-01
-2.948345654302761409e-01 3.094201638966740386e-01 -9.061258091326175323e-01
-3.081635724041827396e-01 3.070231762179993495e-01 -9.070589400368973543e-01
-3.200095007126405600e-01 3.048875200897858684e-01 -9.078951441493453567e-01
-3.300780138607487535e-01 3.030646482830254285e-01 -9.086157663851412991e-01
-3.382087334776273102e-01 3.015824919238421220e-01 -9.092107944747790382e-01
-3.443752393164160042e-01 3.004454604934912454e-01 -9.096788589640624201e-01
-3.486850692542748376e-01 2.996344418283601319e-01 -9.100272332141078335e-01
-3.513797192923840407e-01 2.991068021199677629e-01 -9.102718334013447654e-01
-3.528346435559437944e-01 2.987963859149649903e-01 -9.104372185175128029e-01
-3.535505411315120750e-01 2.986149903020901553e-01 -9.105560998484018009e-01
-3.540575102805690322e-01 2.984685811373936626e-01 -9.106639451838175470e-01
-3.548192019052143209e-01 2.982735093959941186e-01 -9.107935829854472143e-01
-3.562241061362151351e-01 2.979579854012119333e-01 -9.109747118515629793e-01
-3.585855523330070405e-01 2.974620788245694314e-01 -9.112339005170222439e-01
-3.621417090836926422e-01 2.967377186857903526e-01 -9.115945878532645263e-01
-3.670555842050427509e-01 2.957486933528002404e-01 -9.120770828683152365e-01
-3.734150247424959934e-01 2.944706505417264975e-01 -9.126985647067846763e-01
-3.812327169701584806e-01 2.928910973168979415e-01 -9.134730826498661527e-01
-3.904461863908043617e-01 2.910094000908456380e-01 -9.144115561153384197e-01
-4.009205923178623121e-01 2.888365455649863911e-01 -9.155216303814414092e-01
-4.124794682772673915e-01 2.863925110771521343e-01 -9.168060895495258045e-01
-4.249354624093141242e-01 2.837036349491181553e-01 -9.182612695067015052e-01
-4.380931320506428195e-01 2.808023774272879747e-01 -9.198769136497152443e-01
-4.517489437342396830e-01 2.777273206826932905e-01 -9.216361728849506996e-01
-4.656912731894366497e-01 2.745231688109934232e-01 -9.235156056284276049e-01
-4.797004053419120506e-01 2.712407478324764254e-01 -9.254851778058037493e-01
-4.935485343136889469e-01 2.679370056920576393e-01 -9.275082628523716455e-01
-5.069997634231370176e-01 2.646750122592809173e-01 -9.295416417130623055e-01
-5.198101051849716159e-01 2.615239593283180675e-01 -9.315355028424421313e-01
-5.317306571791684533e-01 2.585580945553323517e-01 -9.334343041633685889e-01
-5.425425362455743583e-01 2.558449948914767180e-01 -9.351862545135299909e-01
-5.520918124059364107e-01 2.534338401073915614e-01 -9.367527950180075669e-01
-5.602926846419552520e-01 2.513543467610678817e-01 -9.381094610232678654e-01
-5.671274808952840862e-01 2.496167681978474218e-01 -9.392458820971623101e-01
-5.726466580675295681e-01 2.482118945504228069e-01 -9.401657820289274214e-01
-5.769688020202514700e-01 2.471110527388369338e-01 -9.408869788291852609e-01
-5.802806275749630149e-01 2.462661064704839420e-01 -9.414413847299428761e-01
-5.828369785131307657e-01 2.456094562401083814e-01 -9.418750061845924115e-01
-5.849608275761737364e-01 2.450540393298054620e-01 -9.422479438679106645e-01
-5.870369539346836918e-01 2.444951080031867174e-01 -9.426331208907259285e-01
-5.894423955910141899e-01 2.438297895733671783e-01 -9.431022932097494760e-01
-5.924769019627589284e-01 2.429766464200780740e-01 -9.437120600737929355e-01
-5.963566114122671458e-01 2.418774541668750333e-01 -9.445025922505659866e-01
-6.012140512466431774e-01 2.404972016811371405e-01 -9.454976320266724743e-01
-6.070981377177465665e-01 2.388240910740676015e-01 -9.467044932076122965e-01
-6.139741760221919531e-01 2.368695377006933556e-01 -9.481140611177816258e-01
-6.217238603013490739e-01 2.346681701598653247e-01 -9.497007926004720213e-01
-6.301452736413430955e-01 2.322778302942581918e-01 -9.514227160178702070e-01
-6.389528880730541704e-01 2.297795731903707339e-01 -9.532214312510601806e-01
-6.477840400187555581e-01 2.272758521076625737e-01 -9.550234043114644855e-01
-6.562701604521459231e-01 2.248705526298238055e-01 -9.567542081161173328e-01
-6.641080052436481029e-01 2.226490267641146603e-01 -9.583527632999749857e-01
-6.710661306688013861e-01 2.206762778531924374e-01 -9.597726328397062634e-01
-6.769848934082609571e-01 2.189969605751116988e-01 -9.609820220536918756e-01
-6.817764505477991177e-01 2.176353809433243247e-01 -9.619637786020255321e-01
-6.854247595783043989e-01 2.165954963066794026e-01 -9.627153924865134993e-01
-6.879855783957814497e-01 2.158609153494231159e-01 -9.632489960506740445e-01
-6.895864653013518142e-01 2.153948980911990219e-01 -9.635913639797384356e-01
-6.904267790012527106e-01 2.151403558870478017e-01 -9.637839133006496084e-01
-6.907725421677305411e-01 2.150213209352981325e-01 -9.638816380203999445e-01
-6.908999400210228403e-01 2.149591110325368704e-01 -9.639413900257959300e-01
-6.910388184704745473e-01 2.148884944547103104e-01 -9.640101598917877324e-01
-6.913675475284719596e-01 2.147591595070582060e-01 -9.641240114893216973e-01
-6.920130213104431771e-01 2.145357145241140739e-01 -9.643080819853422359e-01
-6.930506580348566592e-01 2.141976878697047226e-01 -9.645765818427889382e-01
-6.945044000232225567e-01 2.137395279369507795e-01 -9.649327948205996819e-01
-6.963467137000934892e-01 2.131706031482662467e-01 -9.653690779737090777e-01
-6.984985895930621025e-01 2.125152019553588068e-01 -9.658668616530482476e-01
-7.008295423327627338e-01 2.118125328392297668e-01 -9.663966495055456019e-01
-7.031617781810065582e-01 2.111154902945636680e-01 -9.669189369056909733e-01
-7.053160378402563158e-01 2.104770806580165965e-01 -9.673943137027383177e-01
-7.071574392631062578e-01 2.099368479365036066e-01 -9.677935669679105235e-01
-7.085996451804157381e-01 2.095196397915893016e-01 -9.680985994259642125e-01
-7.096048631013091024e-01 2.092356075394871950e-01 -9.683024294551885180e-01
-7.101838453131754658e-01 2.090802061510599053e-01 -9.684091910874050857e-01
-7.103958888816692685e-01 2.090341942518193774e-01 -9.684341340079694049e-01
-7.103488356507096091e-01 2.090636341219264116e-01 -9.684036235557691441e-01
-7.101990722424809110e-01 2.091198916961910792e-01 -9.683551407232251496e-01
-7.101515300574323675e-01 2.091396365640726396e-01 -9.683372821562910016e-01
-7.104556312913791194e-01 2.090460675014985115e-01 -9.684088341432028901e-01
-7.113606955875465543e-01 2.087623931806235344e-01 -9.686285865966901554e-01
-7.130713470365670492e-01 2.082253127744032872e-01 -9.690451471156684704e-01
-7.157434603095644832e-01 2.073862414533503562e-01 -9.696960150004807488e-01
-7.194841606581534599e-01 2.062113103855345020e-01 -9.706075812528970337e-01
-7.243518239144396409e-01 2.046813667365824652e-01 -9.717951285761143865e-01
-7.303560764910200787e-01 2.027919736696785769e-01 -9.732628313747583304e-01
-7.374577953809828834e-01 2.005534103455640371e-01 -9.750037557548812961e-01
-7.455691081579078894e-01 1.979906719225374423e-01 -9.769998595239630657e-01
-7.545533929758651004e-01 1.951434695564543131e-01 -9.792219921909111058e-01
-7.642284849267919622e-01 1.920652543271451906e-01 -9.816306365438896009e-01
-7.744019458493152097e-01 1.888124804662442979e-01 -9.841840659781568856e-01
-7.849063340458377613e-01 1.854338686129436142e-01 -9.868465018026838509e-01
-7.956024106093386727e-01 1.819694297497193025e-01 -9.895888548109144089e-01
-8.063791394233702503e-01 1.784504652023315985e-01 -9.923887252807616077e-01
-8.171536871620599385e-01 1.748995666398250048e-01 -9.952304029746106284e-01
-8.278714232901110970e-01 1.713306160745277917e-01 -9.981048671393173422e-01
-8.385059200627996701e-01 1.677487858620528294e-01 -1.001009786506209087e+00
-8.490589525259779613e-01 1.641505387012964501e-01 -1.003949519291083448e+00
-8.595604985160723022e-01 1.605236276344399193e-01 -1.006935113194210141e+00
-8.700666755937270791e-01 1.568478044948066474e-01 -1.009983722902281444e+00
-8.806370476286662363e-01 1.531026127252104740e-01 -1.013112202698770892e+00
-8.913119316206556952e-01 1.492751801152277236e-01 -1.016330699140949534e+00
-9.021103347118403226e-01 1.453609272220325044e-01 -1.019642068584059702e+00
-9.130299541867464841e-01 1.413635673703954321e-01 -1.023041877181313897e+00
-9.240471774722807119e-01 1.372951066526849340e-01 -1.026518400883895232e+00
-9.351170821377314812e-01 1.331758439288659446e-01 -1.030052625440958103e+00
-9.461734358947656576e-01 1.290343708265011824e-01 -1.033618246399626406e+00
-9.571286965974330485e-01 1.249075717407499009e-01 -1.037181669104995541e+00
-9.678740122421625180e-01 1.208406238343692346e-01 -1.040702008700131520e+00
-9.782816801862657119e-01 1.168860058104127381e-01 -1.044131976045587606e+00
-9.882321983638286955e-01 1.130925944875570688e-01 -1.047427622766509581e+00
-9.976413163608880419e-01 1.094947614321432755e-01 -1.050558086249043566e+00
-1.006462494587026413e+00 1.061113817497845030e-01 -1.053506475542958176e+00
-1.014686904275375001e+00 1.029458340853645487e-01 -1.056269871361644075e+00
-1.022343427482608869e+00 9.998600062303898695e-02 -1.058859326082113528e+00
-1.029498657088951941e+00 9.720426708623416956e-02 -1.061299863744999961e+00
-1.036256896798173122e+00 9.455752273764828075e-02 -1.063630480054559957e+00
-1.042760161137589181e+00 9.198716037925029620e-02 -1.065904142378671038e+00
-1.049188175458062755e+00 8.941907635228095452e-02 -1.068187789748832550e+00
-1.055754736472016786e+00 8.676517869296214436e-02 -1.070560968036958771e+00
-1.062667678171577368e+00 8.393997684531001591e-02 -1.073100816900097954e+00
-1.070088837746720367e+00 8.087717137394812017e-02 -1.075867056725151594e+00
-1.078130416123281865e+00 7.753116211981664341e-02 -1.078900623805668646e+00
-1.086854977962959934e+00 7.387704820017355900e-02 -1.082223670341842636e+00
-1.096275451663314415e+00 6.991062800859339232e-02 -1.085839564440514549e+00
-1.106355129357766698e+00 6.564839921496871955e-02 -1.089732890115171715e+00
-1.117007666915599717e+00 6.112755876550841211e-02 -1.093869447285946706e+00
-1.128097083941956624e+00 5.640600288273942692e-02 -1.098196251779619104e+00
-1.139437763777845003e+00 5.156232706550515493e-02 -1.102641535329615952e+00
-1.150798062291059631e+00 4.669433203676309763e-02 -1.107116095702362690e+00
-1.161940004851745201e+00 4.190258905535336476e-02 -1.111528148190196630e+00
-1.172658983514442754e+00 3.727400514227907635e-02 -1.115798177181529738e+00
-1.182787365877857377e+00 3.288032900000385783e-02 -1.119860286312954756e+00
-1.192194495084854866e+00 2.877815101245344981e-02 -1.123662198469244533e+00
-1.200786689822463504e+00 2.500890324501410522e-02 -1.127165255783354691e+00
-1.208507244321872287e+00 2.159885944453410894e-02 -1.130344419636420739e+00
-1.215336428358434473e+00 1.855913503932241082e-02 -1.133188270657760510e+00
-1.221291487251663366e+00 1.588568713914986427e-02 -1.135699008724872394e+00
-1.226426641865234757e+00 1.355931453524808483e-02 -1.137892452963435552e+00
-1.230831537965764833e+00 1.154624028903816248e-02 -1.139797544237655558e+00
-1.234614188932759760e+00 9.804520297031268233e-03 -1.141450872468142919e+00
-1.237883918291110108e+00 8.290451922404110455e-03 -1.142891203892854035e+00
-1.240749809010712967e+00 6.959156605950413306e-03 -1.144158983538457797e+00
-1.243320703506469505e+00 5.764579866081476212e-03 -1.145296335220336470e+00
-1.245705203638292291e+00 4.659491298825737572e-03 -1.146347061542584367e+00
-1.248011670711097754e+00 3.595484577828967319e-03 -1.147356643898007622e+00
-1.250348225474811059e+00 2.522977454354393551e-03 -1.148372242468126414e+00
-1.252822748124364338e+00 1.391211757282367510e-03 -1.149442696223173188e+00
-1.255542878299695353e+00 1.482533931107558531e-04 -1.150618522922091547e+00
-1.258614904116719391e+00 -1.258412958681392069e-03 -1.151951315589461844e+00
-1.262131541677502300e+00 -2.875342287371102090e-03 -1.153487103853740869e+00
-1.266159714707579154e+00 -4.736587760785869634e-03 -1.155259715354570949e+00
-1.270739443629295140e+00 -6.863106052624395187e-03 -1.157290172242722903e+00
-1.275883845561812668e+00 -9.262757342457244789e-03 -1.159586691180098050e+00
-1.281579134321107816e+00 -1.193030531572611755e-02 -1.162144683339727091e+00
-1.287784620419971215e+00 -1.484741716374466357e-02 -1.164946754405771667e+00
-1.294432711068007169e+00 -1.798266358369755846e-02 -1.167962704573522137e+00
-1.301428910171635422e+00 -2.129151877864153206e-02 -1.171149528549398688e+00
-1.308651818334088945e+00 -2.471636045750426336e-02 -1.174451415550951339e+00
-1.315954928452199635e+00 -2.818733070322001003e-02 -1.177800589962578304e+00
-1.323186377144028869e+00 -3.163180545652893166e-02 -1.181126558484282496e+00
-1.330208696073757135e+00 -3.498386395051991671e-02 -1.184365357232327831e+00
-1.336900607514215356e+00 -3.818514956234434626e-02 -1.187460392378923757e+00
-1.343157024346891326e+00 -4.118486981321722168e-02 -1.190362440152224810e+00
-1.348889050061923500e+00 -4.393979636841600228e-02 -1.193029646836328839e+00
-1.354023978758105651e+00 -4.641426503728175029e-02 -1.195427528771280112e+00
-1.358505295142884206e+00 -4.858017577321807612e-02 -1.197528972353066434e+00
-1.362292674532360026e+00 -5.041699267369206816e-02 -1.199314234033621362e+00
-1.365361982851285960e+00 -5.191174398023350872e-02 -1.200770940320822433e+00
-1.367705690201608704e+00 -5.305924251882179060e-02 -1.201894288542477041e+00
-1.369337420116396364e+00 -5.386451054413557427e-02 -1.202689255250148248e+00
-1.370296498813768027e+00 -5.434520458380252134e-02 -1.203172804622982150e+00
-1.370648368765433167e+00 -5.453183587878595445e-02 -1.203374089231692645e+00
-1.370484588696691652e+00 -5.446777038338457277e-02 -1.203334450038560766e+00
-1.369922833586432409e+00 -5.420922876523261158e-02 -1.203107416397434459e+00
-1.369106894667136975e+00 -5.382528640529988390e-02 -1.202758706053730364e+00
-1.368206679424874173e+00 -5.339787339789155152e-02 -1.202366225144430922e+00
-1.367418211599304545e+00 -5.302177455064839562e-02 -1.202020068198087044e+00
-1.366963631183679029e+00 -5.280462938454665717e-02 -1.201822518134816775e+00
-1.367087770411635761e+00 -5.286528127094096419e-02 -1.201886521192084389e+00
-1.368020489350744828e+00 -5.331561781308519210e-02 -1.202318910991914125e+00
-1.369939011300126408e+00 -5.424241113318911678e-02 -1.203203632520838395e+00
-1.372964498711940484e+00 -5.570566697797340455e-02 -1.204600217026586373e+00
-1.377162053191385516e+00 -5.773862471866943874e-02 -1.206543782018085986e+00
-1.382540715496699546e+00 -6.034775735101968741e-02 -1.209045031265462589e+00
-1.389053465539158649e+00 -6.351277149527706500e-02 -1.212090254800038513e+00
-1.396597222383080039e+00 -6.718660739620585520e-02 -1.215641328914335073e+00
-1.405012844245820292e+00 -7.129543892308064235e-02 -1.219635716162070782e+00
-1.414085128497773125e+00 -7.573867356968738695e-02 -1.223986465358162246e+00
-1.423546324484694869e+00 -8.039062355919079916e-02 -1.228583583280212110e+00
-1.433114775109258110e+00 -8.511888825268199010e-02 -1.233309123594201973e+00
-1.442533558814628636e+00 -8.980273674896971370e-02 -1.238052275937162161e+00
-1.451574002540791275e+00 -9.433477905319928580e-02 -1.242710737670989607e+00
-1.460035681724548784e+00 -9.862096607685091887e-02 -1.247190713882446733e+00
-1.467746420299526733e+00 -1.025805896377412485e-01 -1.251406917383163897e+00
-1.474562290696167732e+00 -1.061462824600225008e-01 -1.255282568709635616e+00
-1.480367613841734542e+00 -1.092640181741822702e-01 -1.258749396123224118e+00
-1.485074959160311625e+00 -1.118931113170444913e-01 -1.261747635610157792e+00
-1.488625144572799375e+00 -1.140062173317682587e-01 -1.264226030881530516e+00
-1.490986706467412048e+00 -1.155890953826354123e-01 -1.266141985314755525e+00
-1.492150069455946415e+00 -1.166379993538931292e-01 -1.267463233286363788e+00
-1.492121716190721203e+00 -1.171570688757409967e-01 -1.268169511487415413e+00
-1.490923657355276211e+00 -1.171580921481647913e-01 -1.268252710859153254e+00
-1.488593431664379851e+00 -1.166605059409367012e-01 -1.267716876593005582e+00
-1.485184105864027826e+00 -1.156913955936155480e-01 -1.266578208130586303e+00
-1.480764274731442232e+00 -1.142854950155463012e-01 -1.264865059163694294e+00
-1.475418061075070897e+00 -1.124851866858606469e-01 -1.262617937634312293e+00
-1.469245115734587381e+00 -1.103405016534763083e-01 -1.259889505734608672e+00
-1.462360617580893418e+00 -1.079091195370978085e-01 -1.256744579906936332e+00
-1.454894010928290848e+00 -1.052556555091673646e-01 -1.253259214193301663e+00
-1.446975117164735147e+00 -1.024438171737324516e-01 -1.249510617149460545e+00
-1.438720246454329832e+00 -9.952856148511024514e-02 -1.245567068811461509e+00
-1.430230935173583573e+00 -9.655538174543992769e-02 -1.241487004062600041e+00
-1.421593945911412415e+00 -9.356030760468171670e-02 -1.237319012633417259e+00
-1.412881267469135338e+00 -9.056990506061772528e-02 -1.233101839101700570e+00
-1.404150114860478471e+00 -8.760127645885104619e-02 -1.228864382892483675e+00
-1.395442929311573543e+00 -8.466206049280680657e-02 -1.224625698278047237e+00
-1.386787378260956771e+00 -8.175043220373104380e-02 -1.220394994377916431e+00
-1.378196355359570413e+00 -7.885510298069182966e-02 -1.216171635158864062e+00
-1.369669139454942952e+00 -7.595608094162713264e-02 -1.211945916853272021e+00
-1.361204143417175105e+00 -7.303303512488297511e-02 -1.207707619561132484e+00
-1.352811662964929385e+00 -7.007365968075121576e-02 -1.203454558852050216e+00
-1.344515035649606949e+00 -6.707443425251771729e-02 -1.199193363183601813e+00
-1.336350640855350491e+00 -6.404062397646323457e-02 -1.194939473901339699e+00
-1.328367899799042462e+00 -6.098627948186240155e-02 -1.190717145238790353e+00
-1.320629275530307511e+00 -5.793423689098491786e-02 -1.186559444317455636e+00
-1.313210272931509159e+00 -5.491611781909427198e-02 -1.182508251146809908e+00
-1.306199438717752237e+00 -5.197232937444895562e-02 -1.178614258624304023e+00
-1.299698361436882665e+00 -4.915206415830139508e-02 -1.174936972535362223e+00
-1.293819199008334753e+00 -4.651217417853088093e-02 -1.171543353360273931e+00
-1.288657481461842336e+00 -4.410478381368061057e-02 -1.168492876046368201e+00
-1.284264913534666652e+00 -4.196490271256071020e-02 -1.165822589702470991e+00
-1.280646902163288026e+00 -4.010929968640077753e-02 -1.163545759379891908e+00
-1.277762556483406975e+00 -3.853650270885065898e-02 -1.161651866072420436e+00
-1.275524687829942216e+00 -3.722679891597972801e-02 -1.160106606716329480e+00
-1.273799809737031330e+00 -3.614223460627753737e-02 -1.158851894190372933e+00
-1.272408137938031647e+00 -3.522661524065327787e-02 -1.157805857315787446e+00
-1.271123590365519807e+00 -3.440550544243624331e-02 -1.156862840856292429e+00
-1.269673787151291311e+00 -3.358622899737537248e-02 -1.155893405518087613e+00
-1.267745310194042796e+00 -3.265976416881210403e-02 -1.154746897159338870e+00
-1.265041559206439015e+00 -3.152159245378111097e-02 -1.153279708486526944e+00
-1.261340608364098337e+00 -3.009254755601757647e-02 -1.151383541044824321e+00
-1.256500466073914968e+00 -2.832071077343105078e-02 -1.148987974525587763e+00
-1.250459074974060503e+00 -2.618141099810600281e-02 -1.146060466766357866e+00
-1.243234311933983482e+00 -2.367722471630131359e-02 -1.142606353750861725e+00
-1.234923988054408062e+00 -2.083797600845038733e-02 -1.138668849609009159e+00
-1.225705848667336673e+00 -1.772073654916169264e-02 -1.134329046616895820e+00
-1.215837573336047583e+00 -1.440982560721775288e-02 -1.129705915196801413e+00
-1.205656775855096230e+00 -1.101681004557631197e-02 -1.124956303917190370e+00
-1.195574320040874827e+00 -7.678224933627382856e-03 -1.120271769096296000e+00
-1.186000794447710005e+00 -4.530500629839393986e-03 -1.115843700925312820e+00
-1.177272987848883234e+00 -1.684890125253198957e-03 -1.111828449954402664e+00
-1.169647205282174918e+00 7.748102573085282338e-04 -1.108344156817219872e+00
-1.163299268049859725e+00 2.792260863242225499e-03 -1.105470752230907738e+00
-1.158324513718711257e+00 4.338578706162633629e-03 -1.103249956996103620e+00
-1.154737796119998050e+00 5.412337467903466544e-03 -1.101685281996934718e+00
-1.152473485349487126e+00 6.039567498516892723e-03 -1.100742028201019851e+00
-1.151385467767439552e+00 6.273755816273903288e-03 -1.100347286659469459e+00
-1.151247145998614885e+00 6.195846107664083890e-03 -1.100389938506884713e+00
-1.151755972309911336e+00 5.912409182981084692e-03 -1.100723058618232164e+00
-1.152583315418572507e+00 5.535518127344283244e-03 -1.101190355651065156e+00
-1.153424327040991404e+00 5.162623556406733920e-03 -1.101652611950210803e+00
-1.154002475183886656e+00 4.874724106836105485e-03 -1.101990087158795095e+00
-1.154069544144305626e+00 4.736366436314573547e-03 -1.102102518218247562e+00
-1.153405634509619748e+00 4.795645223538896017e-03 -1.101909119368295498e+00
-1.151819163157528747e+00 5.084203168220391422e-03 -1.101348582146968402e+00
-1.149146863256057749e+00 5.617230991084895542e-03 -1.100379075390596206e+00
-1.145253784263559060e+00 6.393467433872877630e-03 -1.098978245233809048e+00
-1.140033291928710613e+00 7.395199259339244394e-03 -1.097143215109538161e+00
-1.133407498820138359e+00 8.589090327043540432e-03 -1.094889939097812848e+00
-1.125332000152243328e+00 9.935301427039631636e-03 -1.092246088762540701e+00
-1.115800609611032668e+00 1.139661011356526109e-02 -1.089243939988284504e+00
-1.104845789883736273e+00 1.293923978083244379e-02 -1.085919726329062307e+00
-1.092538652658811671e+00 1.453285966302696186e-02 -1.082313639008345652e+00
-1.078988958625938466e+00 1.615058483430890229e-02 -1.078469826919059349e+00
-1.064345117476025893e+00 1.776897620881210879e-02 -1.074436396623584589e+00
-1.048794187901203490e+00 1.936804054064472994e-02 -1.070265412353754053e+00
-1.032561877594829758e+00 2.093123042388866234e-02 -1.066012896010857469e+00
-1.015912543251485944e+00 2.244544429260012658e-02 -1.061738827165636279e+00
-9.991450811747475402e-01 2.390102920043663329e-02 -1.057506462483357446e+00
-9.825477236490935962e-01 2.529181139677279949e-02 -1.053374849347652020e+00
-9.663528350766819042e-01 2.661512690297402478e-02 -1.049391339445416627e+00
-9.507328025067295352e-01 2.787182429207762241e-02 -1.045590908178900325e+00
-9.358000356355182792e-01 2.906626468879234745e-02 -1.041996154665705054e+00
-9.216069668063888720e-01 3.020632176949878192e-02 -1.038617301738785414e+00
-9.081460510097467687e-01 3.130338176224897739e-02 -1.035452195946449105e+00
-8.953497658830567030e-01 3.237234344676682973e-02 -1.032486307552356264e+00
-8.830906117108484610e-01 3.343161815444770091e-02 -1.029692730535521017e+00
-8.711811114247111076e-01 3.450312976835880063e-02 -1.027032182590309040e+00
-8.593777513214758690e-01 3.561206175955228259e-02 -1.024453867020480136e+00
-8.474243295645002005e-01 3.678407454791486619e-02 -1.021904953705149888e+00
-8.350953051359418788e-01 3.804252283406666518e-02 -1.019340060163393069e+00
-8.221997387052645268e-01 3.940820262602508228e-02 -1.016722113481160372e+00
-8.085812926292418323e-01 4.089935123920441368e-02 -1.014022350311279297e+00
-7.941182309519537741e-01 4.253164729641621677e-02 -1.011220316873456149e+00
-7.787234194047889524e-01 4.431821072786912286e-02 -1.008303868954272708e+00
-7.623443254064424801e-01 4.626960277116906606e-02 -1.005269171907190007e+00
-7.449630180629212006e-01 4.839382597131854785e-02 -1.002120700652544771e+00
-7.265961681675362493e-01 5.069632418071766400e-02 -9.988712396775520919e-01
-7.072944428939563766e-01 5.317985346113268674e-02 -9.955415142896479885e-01
-6.871358475120996623e-01 5.584306202505615047e-02 -9.921561344595468679e-01
-6.662190671733071445e-01 5.867907019183950246e-02 -9.887395387064967789e-01
-6.446628616264695744e-01 6.167534129458821651e-02 -9.853156253656883967e-01
-6.226060652180350763e-01 6.481368168016100884e-02 -9.819077525882562441e-01
-6.002075868920055957e-01 6.807024070917019887e-02 -9.785387383412783580e-01
-5.776464101899452253e-01 7.141551075598069620e-02 -9.752308604077782883e-01
-5.551215932509667716e-01 7.481432720871163122e-02 -9.720058563867214341e-01
-5.328522688117410810e-01 7.822586846923527959e-02 -9.688849236930175968e-01
-5.110776442064928204e-01 8.160365595317753407e-02 -9.658887195575199813e-01
-4.900529761166090847e-01 8.489644930053490135e-02 -9.630371602622681548e-01
-4.700052946588089142e-01 8.805809328268979219e-02 -9.603472128200483127e-01
-4.510891288552123513e-01 9.105736440209462323e-02 -9.578306867228781885e-01
-4.333824818435661475e-01 9.387886600044738350e-02 -9.554940332002236358e-01
-4.168868308772487041e-01 9.652302825869070457e-02 -9.533383452189990726e-01
-4.015271273252610240e-01 9.900610819701329002e-02 -9.513593574835654820e-01
-3.871517966722341497e-01 1.013601896748490272e-01 -9.495474464357330779e-01
-3.735327385184247784e-01 1.036331833908774036e-01 -9.478876302547596389e-01
-3.603653265797208127e-01 1.058888268830225354e-01 -9.463595688573508413e-01
-3.472684086876345888e-01 1.082066845284546941e-01 -9.449375638976602598e-01
-3.337917992497743680e-01 1.106805716043883225e-01 -9.435910505911790924e-01
-3.194986963149891723e-01 1.134012189568735368e-01 -9.422900077775275829e-01
-3.040480986385117879e-01 1.164389376695871697e-01 -9.410103679832415580e-01
-2.872022981424325327e-01 1.198420431246309953e-01 -9.397345092456665938e-01
-2.688268799156904865e-01 1.236368550025331720e-01 -9.384512551129541302e-01
-2.488907222140793740e-01 1.278276972822472990e-01 -9.371558746440635801e-01
-2.274659964602441242e-01 1.323968982411531381e-01 -9.358500824087622183e-01
-2.047281672436885025e-01 1.373047904550549481e-01 -9.345420384876250708e-01
-1.809559923207638144e-01 1.424897107981837885e-01 -9.332463484720340263e-01
-1.565315226146762051e-01 1.478680004431959794e-01 -9.319840634641787247e-01
-1.319317508529299077e-01 1.533358551918808099e-01 -9.307822445304698711e-01
-1.076367427562053003e-01 1.587896799599666786e-01 -9.296691714897026282e-01
-8.403776535983940865e-02 1.641464438972299322e-01 -9.286695515516796284e-01
-6.142893469548876134e-02 1.693455309299647105e-01 -9.278040837207758296e-01
-4.000721579112544168e-02 1.743487397609842227e-01 -9.270894587959397359e-01
-1.987242267104478988e-02 1.791402838696187771e-01 -9.265383593706922882e-01
-1.027218355853842802e-03 1.837267915117187234e-01 -9.261594598331281958e-01
1.662288513752093258e-02 1.881373057196522036e-01 -9.259574263659141602e-01
3.326952679583698724e-02 1.924232843023065687e-01 -9.259329169462910958e-01
4.920149660952995857e-02 1.966585998450862682e-01 -9.260825813460722422e-01
6.479852160392321481e-02 2.009380972990993386e-01 -9.263993527590645982e-01
8.046291123424667568e-02 2.053617272420810713e-01 -9.268756557471966584e-01
9.655120206951847694e-02 2.100186789742458648e-01 -9.275066142200190100e-01
1.133679435866914859e-01 2.149859380524449248e-01 -9.282903430732512007e-01
1.311656981706619540e-01 2.203282862901687622e-01 -9.292279481887817383e-01
1.501450411142635777e-01 2.260983017575454446e-01 -9.303235264346676470e-01
1.704545606182692741e-01 2.323363587813409847e-01 -9.315841656651339120e-01
1.921908577913928051e-01 2.390706279449599791e-01 -9.330199447205749230e-01
2.153985466502811030e-01 2.463170760884432764e-01 -9.346439334275526978e-01
2.400702541195260387e-01 2.540794663084715022e-01 -9.364721925987989914e-01
2.661486727728946122e-01 2.623495908900024265e-01 -9.385233411377245094e-01
2.935491406737312237e-01 2.711098335187679398e-01 -9.408137942541004994e-01
3.221822209804333093e-01 2.803357314671099387e-01 -9.433530017292763858e-01
3.519557546093986522e-01 2.899962085167392400e-01 -9.461430150372049930e-01
3.827748602350168894e-01 3.000535749587326384e-01 -9.491784873444444326e-01
4.145419342896736747e-01 3.104635275935346272e-01 -9.524466735101554393e-01
4.471566509637403541e-01 3.211751497309532910e-01 -9.559274300861025919e-01
4.805159622055901192e-01 3.321309111901667444e-01 -9.595932153166544243e-01
5.145140977215869604e-01 3.432666682997184138e-01 -9.634090891387836475e-01
5.490425649760914961e-01 3.545116638975192025e-01 -9.673327131820659286e-01
5.839904381352258866e-01 3.657890488194970313e-01 -9.713148236639539412e-01
6.192475363161671353e-01 3.770216180360666525e-01 -9.753044330213150870e-01
6.547076017372186474e-01 3.881375466095642879e-01 -9.792540313796213036e-01
6.902685886285252481e-01 3.990709111232245698e-01 -9.831200593941072929e-01
7.258326632320619698e-01 4.097616896811772658e-01 -9.868629082497689664e-01
7.613062038016525923e-01 4.201557619084532735e-01 -9.904469196613659987e-01
7.965998006029573197e-01 4.302049089509800139e-01 -9.938403858734200513e-01
8.316282559134793306e-01 4.398668134755844283e-01 -9.970155496602158829e-01
8.663105840225506782e-01 4.491050596699880937e-01 -9.999486043257992396e-01
9.005700112313530514e-01 4.578891332428135508e-01 -1.002619693703979742e+00
9.343340341317082354e-01 4.661944481035504295e-01 -1.005012949643975473e+00
9.675350606729287151e-01 4.740026398422264586e-01 -1.007116904352526321e+00
1.000111051228665948e+00 4.813018592090782533e-01 -1.008924902736004325e+00
1.032005576875705488e+00 4.880867987945192166e-01 -1.010435139886062705e+00
1.063167819393981306e+00 4.943586930291428150e-01 -1.011650661079633640e+00
1.093552571266565909e+00 5.001253181837201911e-01 -1.012579361778929155e+00
1.123120235679675893e+00 5.054009923692013295e-01 -1.013233987631442234e+00
1.151836826522661950e+00 5.102065755367135580e-01 -1.013632134469944379e+00
1.179673968388022187e+00 5.145694694775635458e-01 -1.013796248312488268e+00
1.206608896571394807e+00 5.185236178232360826e-01 -1.013753625362405097e+00
1.232624963316386379e+00 5.221090827778523957e-01 -1.013536019929827114e+00
1.257717206739397131e+00 5.253673889814411968e-01 -1.013175331388915579e+00
1.281897919928282503e+00 5.283368672278891953e-01 -1.012699291000480395e+00
1.305197157245107764e+00 5.310522311489539460e-01 -1.012131069788622328e+00
1.327662734326152227e+00 5.335445772142658472e-01 -1.011489278540735448e+00
1.349360228081902147e+00 5.358413847313258094e-01 -1.010787967807507126e+00
1.370372976697062484e+00 5.379665158455081420e-01 -1.010036627902917594e+00
1.390802079630547361e+00 5.399402155400578884e-01 -1.009240188904239721e+00
1.410766397615487389e+00 5.417791116360934911e-01 -1.008399020652039901e+00
1.430402552659218118e+00 5.434962147926037934e-01 -1.007508932750177388e+00
1.449862225611707967e+00 5.451010378927082511e-01 -1.006561534878287256e+00
1.469282429005738466e+00 5.466009093107097039e-01 -1.005548200284080540e+00
1.488755779587822348e+00 5.480022861928107725e-01 -1.004464029316874951e+00
1.508327795783520164e+00 5.493108738479254294e-01 -1.003308209753826175e+00
1.527996897697448730e+00 5.505316257476808861e-01 -1.002084016799926980e+00
1.547714407113275570e+00 5.516687435264153727e-01 -1.000798813088006112e+00
1.567384547493720692e+00 5.527256769811795811e-01 -9.994640486787299549e-01
1.586864443980557260e+00 5.537051240717361100e-01 -9.980952610606012021e-01
1.605964123394604481e+00 5.546090309205590207e-01 -9.967120751499595199e-01
1.624446514235740713e+00 5.554385918128356137e-01 -9.953382032909822152e-01
1.642032930559057524e+00 5.561943143979258819e-01 -9.940009725444446387e-01
1.658463393775904793e+00 5.568767368954966601e-01 -9.927261249362329121e-01
1.673556953827361138e+00 5.574871452941904115e-01 -9.915326177599529389e-01
1.687217172851210645e+00 5.580276385506011128e-01 -9.904321508837230503e-01
1.699432125181945308e+00 5.585011285892734767e-01 -9.894291667501757814e-01
1.710274397350761255e+00 5.589113403027036187e-01 -9.885208503764560950e-01
1.719901088085557417e+00 5.592628115513386122e-01 -9.876971293542224917e-01
1.728553808310942186e+00 5.595608931635766004e-01 -9.869406738496475651e-01
1.736558681148226757e+00 5.598117489357665733e-01 -9.862268966034160034e-01
1.744326341915428458e+00 5.600223556322089236e-01 -9.855239529307258106e-01
1.752343705688647058e+00 5.602004193939752463e-01 -9.847933839706692893e-01
1.761083414245634637e+00 5.603534562741996350e-01 -9.839971921349618400e-01
1.770913285835585604e+00 5.604878728020644685e-01 -9.831049163358445142e-01
1.782088083682590085e+00 5.606088824011885574e-01 -9.820942751618533251e-01
1.794749515985628596e+00 5.607205053896252567e-01 -9.809511668778198024e-01
1.808926235918578040e+00 5.608255689798635757e-01 -9.796696694248703263e-01
1.824533841630208819e+00 5.609257072788282894e-01 -9.782520404204275710e-01
1.841374876244188385e+00 5.610213612878796052e-01 -9.767087171582083949e-01
1.859138827859070142e+00 5.611117789028126079e-01 -9.750583166082257280e-01
1.877402129548309873e+00 5.611950149138580368e-01 -9.733276354167874622e-01
1.895637543552688653e+00 5.612680108669900747e-01 -9.715511546214437022e-01
1.913317387397112546e+00 5.613274735383095848e-01 -9.697655915154036466e-01
1.930016760007404963e+00 5.613707534084283468e-01 -9.680044515119512472e-01
1.945422925902739131e+00 5.613959245237776230e-01 -9.662975328593937929e-01
1.959335315195644078e+00 5.614017844966066040e-01 -9.646709266410596895e-01
1.971665523592000646e+00 5.613878545049837410e-01 -9.631470167753000133e-01
1.982437312391043038e+00 5.613543792927958576e-01 -9.617444800154879569e-01
1.991786608485355270e+00 5.613023271697488159e-01 -9.604782859500198278e-01
1.999961504360877829e+00 5.612333900113670726e-01 -9.593596970023131609e-01
2.007322258096901901e+00 5.611499832589937897e-01 -9.583962684308082736e-01
2.014332426489586325e+00 5.610552021944256174e-01 -9.575919285209510967e-01
2.021461325351571858e+00 5.609523409408806449e-01 -9.569478607337207343e-01
2.029086486767228692e+00 5.608444114489534726e-01 -9.564633858816922185e-01
2.037484791201376488e+00 5.607340997662454418e-01 -9.561360423301956679e-01
2.046832467499283048e+00 5.606237660373640797e-01 -9.559615859973172869e-01
2.057205092886663422e+00 5.605154445039245426e-01 -9.559339903538998096e-01
2.068577592969687462e+00 5.604108435045483949e-01 -9.560454464235415006e-01
2.080824241734967384e+00 5.603113454748641642e-01 -9.562863627825963775e-01
2.093718661549572424e+00 5.602180069475073410e-01 -9.566453655601756534e-01
2.106933823161014185e+00 5.601315585521201568e-01 -9.571092984381454061e-01
2.120049940943688593e+00 5.600524636107661047e-01 -9.576638183326180442e-01
2.132641321814350732e+00 5.599815626964299575e-01 -9.582999479812348564e-01
2.144363215051146465e+00 5.599207181982236436e-01 -9.590206285986203616e-01
2.154959707841227701e+00 5.598728729190354247e-01 -9.598413155805959329e-01
2.164263725280761275e+00 5.598420500755310059e-01 -9.607899785041807972e-01
2.172197030374920068e+00 5.598333532981522032e-01 -9.619071011275907024e-01
2.178770224037885672e+00 5.598529666311182762e-01 -9.632456813902389170e-01
2.184082745092850608e+00 5.599081545324242626e-01 -9.648712314127353418e-01
2.188322870272012555e+00 5.600072618738428654e-01 -9.668617774968868428e-01
2.191767714216584118e+00 5.601597139409232318e-01 -9.693078601256983617e-01
2.194776389511698067e+00 5.603758028002177038e-01 -9.723103668481163364e-01
2.197714768114175321e+00 5.606643373713695588e-01 -9.759566943419020202e-01
2.200880243563036576e+00 5.610302935236499700e-01 -9.802969107245028679e-01
2.204494891275340596e+00 5.614746004513317956e-01 -9.853415885204662716e-01
2.208705468546184214e+00 5.619941406736919109e-01 -9.910618046614405596e-01
2.213583414548698780e+00 5.625817500350092093e-01 -9.973891404861731091e-01
2.219124850334055044e+00 5.632262177045657126e-01 -1.004215681740510568e+00
2.225250578831459158e+00 5.639122861766463490e-01 -1.011394018577400855e+00
2.231806084848155347e+00 5.646206512705388425e-01 -1.018737245556891047e+00
2.238561535069423236e+00 5.653279621305333791e-01 -1.026018961646127936e+00
2.245217577570915779e+00 5.660072359652443819e-01 -1.032977330146701345e+00
2.251469133799613331e+00 5.666324199902886827e-01 -1.039359736036983728e+00
2.257069188563785467e+00 5.671829532285853626e-01 -1.044967441920682028e+00
2.261834588881664221e+00 5.676441812022153810e-01 -1.049659647489586511e+00
2.265646043981440982e+00 5.680073559324211319e-01 -1.053353489523568776e+00
2.268448125301270935e+00 5.682696359396072205e-01 -1.056024041890585075e+00
2.270249266489271722e+00 5.684340862433401309e-01 -1.057704315546673435e+00
2.271121763403522120e+00 5.685096783623485583e-01 -1.058485258535956097e+00
2.271201774112061145e+00 5.685112903145221885e-01 -1.058515755990636409e+00
2.270689318892892494e+00 5.684597066169135848e-01 -1.058002630131002819e+00
2.269843996036894573e+00 5.683812124611323791e-01 -1.057206606448293451e+00
2.268937855679900917e+00 5.683031296427006884e-01 -1.056397941716258559e+00
2.268208273634765515e+00 5.682493524904063120e-01 -1.055812052002716328e+00
2.267853667194290601e+00 5.682399420416996971e-01 -1.055645478852423214e+00
2.268033495131212884e+00 5.682911260426931621e-01 -1.056055889287073057e+00
2.268868257698213764e+00 5.684152989481608964e-01 -1.057162075805297086e+00
2.270439496627916665e+00 5.686210219215395156e-01 -1.059043956382665685e+00
2.272789795132884372e+00 5.689130228349276175e-01 -1.061742574471685963e+00
2.275922777905622141e+00 5.692921962690854487e-01 -1.065260099001803074e+00
2.279803111118575476e+00 5.697556035134362373e-01 -1.069559824379400004e+00
2.284358800678149670e+00 5.702966938987866774e-01 -1.074568476965950925e+00
2.289506474070961417e+00 5.709077395585917536e-01 -1.080201587393547102e+00
2.295176662999196537e+00 5.715822702662113342e-01 -1.086388863672342886e+00
2.301316101897646682e+00 5.723152947929638357e-01 -1.093076497932674362e+00
2.307887727933712441e+00 5.731033009081251128e-01 -1.100227166425061354e+00
2.314870681007402009e+00 5.739442553789290136e-01 -1.107820029520206306e+00
2.322260303751334742e+00 5.748376039705677121e-01 -1.115850731708995625e+00
2.330068141530735826e+00 5.757842714461911537e-01 -1.124331401602498781e+00
2.338321942443442047e+00 5.767866615669074992e-01 -1.133290651931969872e+00
2.347065657319896470e+00 5.778486570917829024e-01 -1.142773579548843843e+00
2.356357909770338654e+00 5.789754522697123651e-01 -1.152840189355677225e+00
2.366255166470393245e+00 5.801717102244402513e-01 -1.163548057305957562e+00
2.376794907271569723e+00 5.814397203204099140e-01 -1.174934993223542889e+00
2.387994095190083765e+00 5.827792306482449947e-01 -1.187017464673472800e+00
2.399849176406859907e+00 5.841874480247498669e-01 -1.199790596961975320e+00
2.412336080267526661e+00 5.856590379929079715e-01 -1.213228173136459809e+00
2.425410219282421842e+00 5.871861248218841478e-01 -1.227282633985521176e+00
2.439006489126588573e+00 5.887582915070225242e-01 -1.241885078038938772e+00
2.453039268639774839e+00 5.903625797698474065e-01 -1.256945261567672167e+00
2.467402419826438376e+00 5.919834900580640547e-01 -1.272351598583869592e+00
2.481970710880975428e+00 5.936031822330344321e-01 -1.287972658634109591e+00
2.496615469248156582e+00 5.952036831014047014e-01 -1.303673642296584889e+00
2.511220234520701311e+00 5.967690939237649816e-01 -1.319332856506871599e+00
2.525682181410237259e+00 5.982857910944712199e-01 -1.334843212294050341e+00
2.539912119747297581e+00 5.997424261416458569e-01 -1.350112224780702697e+00
2.553834494481319162e+00 6.011299257271768282e-01 -1.365062013182909650e+00
2.567387385680640843e+00 6.024414916467173420e-01 -1.379629300810250481e+00
2.580522508532510084e+00 6.036726008296876556e-01 -1.393765415065808977e+00
2.593205213343075854e+00 6.048210053392730767e-01 -1.407436287446167444e+00
2.605414485537393521e+00 6.058867323724249632e-01 -1.420622453541408925e+00
2.617142632782496925e+00 6.068719576569845398e-01 -1.433318685340831955e+00
2.628391843484453982e+00 6.077796128779993090e-01 -1.445529946764136042e+00
2.639170745392828810e+00 6.086119931475024725e-01 -1.457267349318836169e+00
2.649494092759562491e+00 6.093706304161246035e-01 -1.468547784448056115e+00
2.659382766338967752e+00 6.100562934730936471e-01 -1.479393923530523125e+00
2.668863773387737837e+00 6.106689879462350312e-01 -1.489834217880575240e+00
2.677970247664940295e+00 6.112079563019717776e-01 -1.499902898748157520e+00
2.686741449432020534e+00 6.116716778453240577e-01 -1.509639977318823378e+00
2.695222765452793823e+00 6.120578687199091927e-01 -1.519091244713730582e+00
2.703465708993459504e+00 6.123634819079427638e-01 -1.528308271989647693e+00
2.711526918643132777e+00 6.125846071426449546e-01 -1.537347703345338434e+00
2.719457145339874149e+00 6.127153699447298596e-01 -1.546263481391833450e+00
2.727290239396694460e+00 6.127468306588930158e-01 -1.555099072422705397e+00
2.735042149322111094e+00 6.126668843662202990e-01 -1.563886759620453759e+00
2.742710921820139536e+00 6.124602608841865914e-01 -1.572647643056507061e+00
2.750276701790301814e+00 6.121085247666563367e-01 -1.581391639691222872e+00
2.757701732327620725e+00 6.115900753038840953e-01 -1.590117483373887808e+00
2.764930354722621608e+00 6.108801465225141003e-01 -1.598812724842714639e+00
2.771889008461331905e+00 6.099508071855801461e-01 -1.607453731724847401e+00
2.778486231225282044e+00 6.087709607925054778e-01 -1.616005688536357621e+00
2.784614484965973524e+00 6.073071318145982778e-01 -1.624423105887576435e+00
2.790170243559954244e+00 6.055321146454146763e-01 -1.632655421974829046e+00
2.795074081090873630e+00 6.034336228210710473e-01 -1.640652604247007762e+00
2.799272498132932885e+00 6.010150753457208506e-01 -1.648365658669177725e+00
2.802737921750888983e+00 5.982955966915542989e-01 -1.655746629722576024e+00
2.805468705500051119e+00 5.953100167988001346e-01 -1.662748600404611032e+00
2.807489129426288255e+00 5.921088710757240747e-01 -1.669325692228866620e+00
2.808849400066017576e+00 5.887584003986282566e-01 -1.675433065225096829e+00
2.809625650446216927e+00 5.853405511118533466e-01 -1.681026917939230980e+00
2.809919940084415479e+00 5.819529750277774305e-01 -1.686064487433368564e+00
2.809858181636738728e+00 5.787070077861116157e-01 -1.690505211994518975e+00
2.809567333709995118e+00 5.757054304976798598e-01 -1.694323521108116903e+00
2.809152593436477385e+00 5.730202311568349804e-01 -1.697521625564599068e+00
2.808695323042913028e+00 5.706905829236346150e-01 -1.700130680212496248e+00
2.808253049850464755e+00 5.687228441238403320e-01 -1.702210783958435059e+00
2.807859466274726490e+00 5.670905582489177421e-01 -1.703850979767134843e+00
2.807524429825730472e+00 5.657344539560372754e-01 -1.705169254661410561e+00
2.807233963107937047e+00 5.645624450680729600e-01 -1.706312539722169896e+00
2.806950253820244434e+00 5.634496305736035326e-01 -1.707456710088415708e+00
2.806611654755983842e+00 5.622382946269123272e-01 -1.708806584957245800e+00
2.806134401031798564e+00 5.607408516323498793e-01 -1.710592821076769354e+00
2.805431499343258750e+00 5.587722417229562533e-01 -1.713037741642218448e+00
2.804431617023969370e+00 5.561823259020496346e-01 -1.716321165547563421e+00
2.803080799208935492e+00 5.528588310152454666e-01 -1.720577300996929626e+00
2.801342468834566279e+00 5.487273497504580044e-01 -1.725894745504603867e+00
2.799197426638672326e+00 5.437513406378980951e-01 -1.732316485895027514e+00
2.796643851160468319e+00 5.379321280500760638e-01 -1.739839898302798948e+00
2.793697298740569934e+00 5.313089022017994933e-01 -1.748416748172675783e+00
2.790390703520996496e+00 5.239587191501733354e-01 -1.757953190259571752e+00
2.786774377445168316e+00 5.159965007945999105e-01 -1.768309768628558709e+00
2.782915081800998447e+00 5.075729019074566306e-01 -1.779303859723228021e+00
2.778885814619857175e+00 4.988508484478823557e-01 -1.790736544999381508e+00
2.774755598394291756e+00 4.899820766078273326e-01 -1.802419482720002408e+00
2.770588551727354520e+00 4.811050000868110632e-01 -1.814177350744049066e+00
2.766443889332605099e+00 4.723447100919251906e-01 -1.825847846526451823e+00
2.762375922034112641e+00 4.638129753378292253e-01 -1.837281687118117901e+00
2.758434056766454034e+00 4.556082420467537641e-01 -1.848342609165930295e+00
2.754662796574713468e+00 4.478156339484986037e-01 -1.858907368912747105e+00
2.751101740614482427e+00 4.405069522804354043e-01 -1.868865742197397761e+00
2.747785584151863247e+00 4.337406757875040264e-01 -1.878120524454689244e+00
2.744743875058692328e+00 4.275617404625308704e-01 -1.886588267369679217e+00
2.741998335260092290e+00 4.219991166897030244e-01 -1.894207382074710067e+00
2.739560182182008585e+00 4.170633863880416348e-01 -1.900946242346443160e+00
2.737429885246442929e+00 4.127465227517200796e-01 -1.906803921260134871e+00
2.735597165871451519e+00 4.090218902500610820e-01 -1.911810191189636354e+00
2.734040997471145928e+00 4.058442446275383753e-01 -1.916025523807393771e+00
2.732729605455695321e+00 4.031497329037766475e-01 -1.919541090084449175e+00
2.731620467231323790e+00 4.008558933735515972e-01 -1.922478760290438737e+00
2.730660312200310358e+00 3.988616556067891561e-01 -1.924991103993594521e+00
2.729785121760990307e+00 3.970473404485660440e-01 -1.927261390060742263e+00
2.728920949648557581e+00 3.952759993812625106e-01 -1.929500983219491372e+00
2.727992946059432100e+00 3.934081481213682063e-01 -1.931920705050499176e+00
2.726934382057287110e+00 3.913165006761481490e-01 -1.934702194085874183e+00
2.725687470007737367e+00 3.888873088590815152e-01 -1.937995302073399762e+00
2.724203363578335590e+00 3.860203622898620845e-01 -1.941918093976539694e+00
2.722442157738579560e+00 3.826289883943985171e-01 -1.946556847974432847e+00
2.720372888759905461e+00 3.786400524048135763e-01 -1.951966055461898719e+00
2.717973534215691878e+00 3.739939573594444067e-01 -1.958168421049433006e+00
2.715231012981258907e+00 3.686446441028425336e-01 -1.965154862563210925e+00
2.712141185233867713e+00 3.625595912857751957e-01 -1.972884511045083888e+00
2.708708441215551321e+00 3.557198155392677918e-01 -1.981285940522195421e+00
2.704941177561529297e+00 3.481198733891268104e-01 -1.990270695660367073e+00
2.700847273581549413e+00 3.397678631704794672e-01 -1.999746819558226640e+00
2.696433680007035871e+00 3.306854252018289753e-01 -2.009620083563730564e+00
2.691706418991088867e+00 3.209077417850494940e-01 -2.019793987274169922e+00
2.686670584108481474e+00 3.104835372053892928e-01 -2.030169758536163993e+00
2.681330340355663644e+00 2.994750777314699741e-01 -2.040646353445665806e+00
2.675688924150759540e+00 2.879581716152852522e-01 -2.051120456347957255e+00
2.669748643333568872e+00 2.760221690922055604e-01 -2.061486479837649988e+00
2.663510877165568669e+00 2.637699623809716121e-01 -2.071636564758691179e+00
2.656976608916352234e+00 2.513171555771326893e-01 -2.081461402862863519e+00
2.650152284233264766e+00 2.387829336074875630e-01 -2.090859285927856970e+00
2.643055669450078859e+00 2.262809312795270311e-01 -2.099745154781185175e+00
2.635716384153122593e+00 2.139184032065274688e-01 -2.108051421927314539e+00
2.628175901181283969e+00 2.017962238075555748e-01 -2.115727971547666897e+00
2.620487546626004693e+00 1.900088873074655960e-01 -2.122742159500615067e+00
2.612716499831287287e+00 1.786445077369039902e-01 -2.129078813321483743e+00
2.604939793393690195e+00 1.677848189323029870e-01 -2.134740232222553047e+00
2.597246313162327791e+00 1.575051745358847788e-01 -2.139746187093054086e+00
2.589736798238870374e+00 1.478745479956594389e-01 -2.144133920499170731e+00
2.582522025988505110e+00 1.389548445542541644e-01 -2.147957355264658474e+00
2.575702847991251154e+00 1.307933334409253356e-01 -2.151278389219907883e+00
2.569350226616374577e+00 1.234150802997762697e-01 -2.154158190222711600e+00
2.563503420241045827e+00 1.168222592573133350e-01 -2.156656404829444540e+00
2.558169983250335733e+00 1.109941529224480194e-01 -2.158831158295064334e+00
2.553325766037212841e+00 1.058871523864936270e-01 -2.160739054573110884e+00
2.548914915002550075e+00 1.014347572231674988e-01 -2.162435176315709917e+00
2.544849872555120296e+00 9.754757548859033234e-02 -2.163973084873568542e+00
2.541011377111597636e+00 9.411332372128711210e-02 -2.165404820295976585e+00
2.537248463096555717e+00 9.099682694218554080e-02 -2.166780901330808806e+00
2.533381495963913377e+00 8.804223858716932194e-02 -2.168149980000578569e+00
2.529235557432793602e+00 8.509745976515382948e-02 -2.169555041939079665e+00
2.524673830723385137e+00 8.203855851616112527e-02 -2.171029606728023698e+00
2.519600635578389980e+00 7.877198974387368546e-02 -2.172597382473095529e+00
2.513961428263018050e+00 7.523459521563259644e-02 -2.174272265803956383e+00
2.507742801564986301e+00 7.139360356243862338e-02 -2.176058341874240742e+00
2.500972484794524942e+00 6.724663027895166900e-02 -2.177949884361559008e+00
2.493719343784372988e+00 6.282167772349223078e-02 -2.179931355467496612e+00
2.486093380889777382e+00 5.817713511803914578e-02 -2.181977405917613133e+00
2.478245734988496096e+00 5.340177854823108250e-02 -2.184052874961443180e+00
2.470364963232525302e+00 4.861235081585337653e-02 -2.186113661956620380e+00
2.462636138615007297e+00 4.392693870832073411e-02 -2.188116314193216727e+00
2.455199946260502308e+00 3.943834943721625380e-02 -2.190027615017342999e+00
2.448148964751178269e+00 3.521169021380106401e-02 -2.191825455515015619e+00
2.441527666126801943e+00 3.128436824901358743e-02 -2.193498834512162432e+00
2.435332415884748691e+00 2.766609075347084556e-02 -2.195047858574616928e+00
2.429511472979997588e+00 2.433886493746644994e-02 -2.196483742008126683e+00
2.423964989825130090e+00 2.125699801097195515e-02 -2.197828806858341810e+00
2.418545012290335361e+00 1.834709718363630032e-02 -2.199116482910827841e+00
2.413055479703404949e+00 1.550806966478677183e-02 -2.200391307691053733e+00
2.407256900297107372e+00 1.261359470312508127e-02 -2.201707879373235865e+00
2.400917781843703747e+00 9.539316400608432653e-03 -2.203119338617744560e+00
2.393866062824538066e+00 6.190036809236785544e-03 -2.204665850288681561e+00
2.385993788055765563e+00 2.502188065054331955e-03 -2.206373556322773322e+00
2.377257108688354492e+00 -1.556167611852286728e-03 -2.208254575729370117e+00
2.367676282208082128e+00 -5.985337917352846759e-03 -2.210307004590446489e+00
2.357335672435540541e+00 -1.075400046327379226e-02 -2.212514916060599468e+00
2.346383749526129936e+00 -1.579920277739872009e-02 -2.214848360367050795e+00
2.335033089970067088e+00 -2.102636230346654686e-02 -2.217263364809643367e+00
2.323560376592376464e+00 -2.630926640117419585e-02 -2.219701933760848789e+00
2.312300979852255800e+00 -3.149266758329839072e-02 -2.222093214934405037e+00
2.301589352962841950e+00 -3.642083072805663013e-02 -2.224366328162473039e+00
2.291699427631101571e+00 -4.096607999447017534e-02 -2.226463194039328464e+00
2.282839195563879819e+00 -4.503139396049148785e-02 -2.228339700145509639e+00
2.275150708467912786e+00 -4.855040562300259183e-02 -2.229965701047829096e+00
2.268710078049818613e+00 -5.148740239781562228e-02 -2.231325018299364693e+00
2.263527476016103712e+00 -5.383732611967195075e-02 -2.232415440439461829e+00
2.259547134073158325e+00 -5.562577304224371189e-02 -2.233248722993737001e+00
2.256647343927259630e+00 -5.690899383813268625e-02 -2.233850588474072918e+00
2.254640457284568189e+00 -5.777389359887062648e-02 -2.234260726378620276e+00
2.253277014762252950e+00 -5.833610985918682296e-02 -2.234531920879434974e+00
2.252291162020782611e+00 -5.871887174374257334e-02 -2.234720455785756510e+00
2.251446064478761500e+00 -5.903185977368512888e-02 -2.234876519806761053e+00
2.250538035751553867e+00 -5.936928411085565238e-02 -2.235043334339016585e+00
2.249396537651287442e+00 -5.980988455778912805e-02 -2.235257153466484237e+00
2.247884180186851655e+00 -6.041693055771450716e-02 -2.235547263960518283e+00
2.245896721563901188e+00 -6.123822119455462482e-02 -2.235935985279864369e+00
2.243363068184850206e+00 -6.230608519292635261e-02 -2.236438669570662618e+00
2.240245274648877238e+00 -6.363738091814007125e-02 -2.237063701666444082e+00
2.236538543751923402e+00 -6.523349637620043384e-02 -2.237812499088134288e+00
2.232269031650268243e+00 -6.708131930203785342e-02 -2.238679941744063484e+00
2.227469704659895022e+00 -6.916390813006105531e-02 -2.239659098630119693e+00
2.222156196055840915e+00 -7.147116296470933106e-02 -2.240745954529898665e+00
2.216324611235783060e+00 -7.400079566868410230e-02 -2.241939839714718108e+00
2.209951527720031006e+00 -7.675832986294972571e-02 -2.243243429943616363e+00
2.202993995151531603e+00 -7.975710092673299334e-02 -2.244662746463352843e+00
2.195389535295868111e+00 -8.301825599752354901e-02 -2.246207156008408923e+00
2.187056142041263307e+00 -8.657075397107265313e-02 -2.247889370800988829e+00
2.177892281398571050e+00 -9.045136550139504239e-02 -2.249725448551015194e+00
2.167776891501282499e+00 -9.470467300076751416e-02 -2.251734792456133949e+00
2.156572324328858148e+00 -9.938191717725228247e-02 -2.253939636250299472e+00
2.144156706010014624e+00 -1.045283084194124773e-01 -2.256359379502495432e+00
2.130456298136033766e+00 -1.101703377849999332e-01 -2.259004922738656607e+00
2.115448439820764026e+00 -1.163146234064647289e-01 -2.261878152431314959e+00
2.099161547700624908e+00 -1.229479104909565051e-01 -2.264971940999607636e+00
2.081675115934606080e+00 -1.300370713203216344e-01 -2.268270146809266752e+00
2.063119716204264265e+00 -1.375291052511070922e-01 -2.271747614172630936e+00
2.043676997713725463e+00 -1.453511387145579870e-01 -2.275370173348635561e+00
2.023579687189682730e+00 -1.534104252166189897e-01 -2.279094640542817629e+00
2.003111588881402394e+00 -1.615943453379311834e-01 -2.282868817907314885e+00
1.982602674571783297e+00 -1.697723320045981255e-01 -2.286632366204814915e+00
1.962375072949883226e+00 -1.778170487603349947e-01 -2.290326404245150549e+00
1.942689058421523507e+00 -1.856255682589556810e-01 -2.293903108421765147e+00
1.923738140933061391e+00 -1.931212976085764921e-01 -2.297326585408955513e+00
1.905649065971374956e+00 -2.002539783716202060e-01 -2.300572872161865234e+00
1.888481814563873984e+00 -2.069996865648131013e-01 -2.303629935916491789e+00
1.872229603278496857e+00 -2.133608326591860116e-01 -2.306497674189682545e+00
1.856818884223708555e+00 -2.193661615800740761e-01 -2.309187914779135653e+00
1.842109345048503544e+00 -2.250707527071167113e-01 -2.311724415763399154e+00
1.827893908942402668e+00 -2.305560198742586386e-01 -2.314142865501871871e+00
1.813903450251239446e+00 -2.359278518588463491e-01 -2.316490039514506716e+00
1.799858669128975297e+00 -2.412961566267412261e-01 -2.318814525643925872e+00
1.785521968348345645e+00 -2.467544047261426843e-01 -2.321157448831558501e+00
1.770702169636231726e+00 -2.523777694929280613e-01 -2.323551627868682967e+00
1.755254513673663697e+00 -2.582231270506530341e-01 -2.326021575396427288e+00
1.739080660095818187e+00 -2.643290563105516466e-01 -2.328583497905768684e+00
1.722128687492019194e+00 -2.707158389715358937e-01 -2.331245295737533585e+00
1.704393093405736304e+00 -2.773854595201976081e-01 -2.334006563082399843e+00
1.685914794334595346e+00 -2.843216052308029651e-01 -2.336858587980892299e+00
1.666781125730359525e+00 -2.914896661652999210e-01 -2.339784352323385885e+00
1.647122912761552316e+00 -2.988378724724102820e-01 -2.342759015279401780e+00
1.627082247808190552e+00 -3.063098050247744508e-01 -2.345755231167379939e+00
1.606780267286052499e+00 -3.138569063164125539e-01 -2.348748467435112008e+00
1.586314222185793099e+00 -3.214396178485933731e-01 -2.351717488125920852e+00
1.565757478072941522e+00 -3.290273801298341239e-01 -2.354644353878653895e+00
1.545159515087902280e+00 -3.365986326759021208e-01 -2.357514421927692005e+00
1.524545927945965884e+00 -3.441408140098094481e-01 -2.360316346102945051e+00
1.503918425937288195e+00 -3.516503616618206207e-01 -2.363042076829850124e+00
1.483254832926905520e+00 -3.591327121694470881e-01 -2.365686861129375540e+00
1.462509087354730841e+00 -3.666023010774496216e-01 -2.368249242618018613e+00
1.441613828446248968e+00 -3.740816662488106736e-01 -2.370730863057172844e+00
1.420508844530175230e+00 -3.815915842854457063e-01 -2.373134279396178936e+00
1.399169521356109280e+00 -3.891412069489130210e-01 -2.375460780815362494e+00
1.377609428305234696e+00 -3.967271644713875056e-01 -2.377710190275411861e+00
1.355880318390314532e+00 -4.043335655556623554e-01 -2.379880864517373684e+00
1.334072128255703982e+00 -4.119319973751431330e-01 -2.381969694062649356e+00
1.312312978177329503e+00 -4.194815255738562620e-01 -2.383972103213002125e+00
1.290769172062705250e+00 -4.269286942664434203e-01 -2.385882050050551317e+00
1.269645197450925744e+00 -4.342075260381629276e-01 -2.387692026437776338e+00
1.249183725512669207e+00 -4.412395219448898565e-01 -2.389393058017514004e+00
1.229660731958233111e+00 -4.479352615376874791e-01 -2.390974922885371612e+00
1.211331828514885078e+00 -4.542120026448127068e-01 -2.392428556919536931e+00
1.194378595520908970e+00 -4.600112807875198495e-01 -2.393748459060536238e+00
1.178903703205882891e+00 -4.653005090825607093e-01 -2.394932909966965617e+00
1.164930911690660764e+00 -4.700729782421910197e-01 -2.395983972015492292e+00
1.152405070987385427e+00 -4.743478565741658382e-01 -2.396907489300850624e+00
1.141192120999484638e+00 -4.781701899817405454e-01 -2.397713087635844342e+00
1.131079091521671964e+00 -4.816109019636715671e-01 -2.398414174551350975e+00
1.121774102239944115e+00 -4.847667936142149858e-01 -2.399027939296310752e+00
1.112906362731586274e+00 -4.877605436231284286e-01 -2.399575352837739928e+00
1.104033245487031856e+00 -4.907384138154728959e-01 -2.400080820318065467e+00
1.094718084833520066e+00 -4.938450114898299548e-01 -2.400568358298055482e+00
1.084607972621209226e+00 -4.971980528067606597e-01 -2.401057772158820658e+00
1.073440830165873106e+00 -5.008860686786881233e-01 -2.401564308612183840e+00
1.061045408248901367e+00 -5.049684047698976830e-01 -2.402098655700684926e+00
1.047341287117298680e+00 -5.094752214965370118e-01 -2.402666942797577310e+00
1.032338876483684498e+00 -5.144074940266157858e-01 -2.403270740606830991e+00
1.016139415526292611e+00 -5.197370122800057946e-01 -2.403907061163126802e+00
9.989349728889727054e-01 -5.254063809284414965e-01 -2.404568357831865733e+00
9.810084466811859194e-01 -5.313290193955203522e-01 -2.405242525309159607e+00
9.627271658905584006e-01 -5.373911346079637275e-01 -2.405913203633907926e+00
9.444725020152970885e-01 -5.434734224636480482e-01 -2.406563122506164998e+00
9.265694777673684213e-01 -5.494727702027476512e-01 -2.407177445744666411e+00
9.092803675086172932e-01 -5.553042294600426532e-01 -2.407744075345308765e+00
8.928046972507653889e-01 -5.609010162649181730e-01 -2.408253651481140789e+00
8.772792446554115164e-01 -5.662145110413639992e-01 -2.408699552502363339e+00
8.627780390340322736e-01 -5.712142586079757001e-01 -2.409077894936333841e+00
8.493123613479788281e-01 -5.758879681779539572e-01 -2.409387533487561406e+00
8.368307442084870207e-01 -5.802415133591027896e-01 -2.409630061037711268e+00
8.252189718766628213e-01 -5.842989321538337721e-01 -2.409809808645603013e+00
8.143044540848018986e-01 -5.881012286792091093e-01 -2.409933706900485806e+00
8.039043394056010206e-01 -5.916931917217611581e-01 -2.410009760765784215e+00
7.938736296224997435e-01 -5.951102130180369043e-01 -2.410045524391101424e+00
7.841095538846994950e-01 -5.983770888832190549e-01 -2.410047962454923365e+00
7.745515687071622413e-01 -6.015080202111259267e-01 -2.410023450164612946e+00
7.651813579706095991e-01 -6.045066124742120017e-01 -2.409977773256414046e+00
7.560228329215302745e-01 -6.073658757235664840e-01 -2.409916127995451074e+00
7.471421321721677389e-01 -6.100682245889151867e-01 -2.409843121175727632e+00
7.386476217005295553e-01 -6.125854782786195329e-01 -2.409762770120125630e+00
7.306898948503841584e-01 -6.148788605796765561e-01 -2.409678502680409728e+00
7.234580263180758752e-01 -6.169000134656191792e-01 -2.409593164979292990e+00
7.171383660074865940e-01 -6.186021467834147414e-01 -2.409509106573230586e+00
7.118733328849965458e-01 -6.199511879403647452e-01 -2.409428265615200182e+00
7.077576689663002130e-01 -6.209267955120045812e-01 -2.409352176596779138e+00
7.048384393164054407e-01 -6.215223592421034171e-01 -2.409281970348144064e+00
7.031150320496344364e-01 -6.217450000426637535e-01 -2.409218374038065935e+00
7.025391583296213271e-01 -6.216155699939227564e-01 -2.409161711173916753e+00
7.030148523693152685e-01 -6.211686523443510355e-01 -2.409111901601664663e+00
7.043984714309782236e-01 -6.204525615106528669e-01 -2.409068461505874836e+00
7.064986958261857408e-01 -6.195293430777666366e-01 -2.409030503409711699e+00
7.090805813578797689e-01 -6.184734666543769688e-01 -2.408996755881274598e+00
7.119101349462489958e-01 -6.173574476824569279e-01 -2.408965780297287917e+00
7.147988893271192135e-01 -6.162374695459786889e-01 -2.408936187602285894e+00
7.176079551848365545e-01 -6.151520765261508927e-01 -2.408906658013442836e+00
7.202480211522718223e-01 -6.141221738014177589e-01 -2.408875941020578004e+00
7.226793538108177151e-01 -6.131510274474594180e-01 -2.408842855386148951e+00
7.249117976903892702e-01 -6.122242644371913567e-01 -2.408806289145257740e+00
7.270047752694243082e-01 -6.113098726407660832e-01 -2.408765199605648277e+00
7.290672869748825446e-01 -6.103582008255702407e-01 -2.408718613347702764e+00
7.312579111822473665e-01 -6.093019586562279377e-01 -2.408665626224451017e+00
7.337803693977645869e-01 -6.080579707943641887e-01 -2.408605417266300730e+00
7.368347459698000312e-01 -6.065464709254617670e-01 -2.408537401624722296e+00
7.405687098301408922e-01 -6.047103949828078751e-01 -2.408461383509548082e+00
7.450730803528827773e-01 -6.025171349796298870e-01 -2.408377570091600806e+00
7.503818273544311523e-01 -5.999585390090939052e-01 -2.408286571502684659e+00
7.564720710935002312e-01 -5.970509112443060928e-01 -2.408189400835596850e+00
7.632640822711138640e-01 -5.938350119383111192e-01 -2.408087474144116058e+00
7.706212820306044264e-01 -5.903760574240931591e-01 -2.407982610443010874e+00
7.783502419576145970e-01 -5.867637201145758929e-01 -2.407877031708034909e+00
7.862006840800965790e-01 -5.831121285026212853e-01 -2.407773362875929912e+00
7.938708947432220331e-01 -5.795574620077987849e-01 -2.407674583721683526e+00
8.010672805379221995e-01 -5.762314928227728617e-01 -2.407583499479051703e+00
8.075639267078769112e-01 -5.732351266586203087e-01 -2.407502211439033424e+00
8.132080118505871091e-01 -5.706359972245721446e-01 -2.407432068819801430e+00
8.179198079173722880e-01 -5.684684662280108380e-01 -2.407373668766688457e+00
8.216926802133724950e-01 -5.667336233744731944e-01 -2.407326856352199229e+00
8.245930873975474418e-01 -5.653992863676492453e-01 -2.407290724576003793e+00
8.267605814826762822e-01 -5.644000009093809167e-01 -2.407263614364937965e+00
8.284078078353577235e-01 -5.636370406996648041e-01 -2.407243114573006881e+00
8.298205051760113582e-01 -5.629784074366497304e-01 -2.407226061981382781e+00
8.313518054258538514e-01 -5.622614465507517201e-01 -2.407208600045396274e+00
8.333595302840787200e-01 -5.613216210781771798e-01 -2.407186825129379315e+00
8.361434865003242178e-01 -5.600212861331631542e-01 -2.407157432754958748e+00
8.399397652867486297e-01 -5.582523048416638822e-01 -2.407117776352527549e+00
8.449207423180283838e-01 -5.559360483413505749e-01 -2.407065867261245273e+00
8.511950777313604943e-01 -5.530233957816104162e-01 -2.407000374729038494e+00
8.588077161264585646e-01 -5.494947343235496717e-01 -2.406920625912603029e+00
8.677398865655570059e-01 -5.453599591399894697e-01 -2.406826605877398162e+00
8.779091025734090392e-01 -5.406584734154684657e-01 -2.406718957597651531e+00
8.891691621372875831e-01 -5.354591883462425095e-01 -2.406598981956359573e+00
9.013136534695591617e-01 -5.298588829431907232e-01 -2.406468605238145653e+00
9.141145183960126541e-01 -5.239641618637880249e-01 -2.406330021550751486e+00
9.273606157441874887e-01 -5.178734132440772076e-01 -2.406185335246521007e+00
9.408612271059483279e-01 -5.116751685015761275e-01 -2.406036528415263387e+00
9.544460568374882881e-01 -5.054481023352764835e-01 -2.405885460884257032e+00
9.679652320593178372e-01 -4.992610327256473690e-01 -2.405733870218242476e+00
9.812893026562804488e-01 -4.931729209346295550e-01 -2.405583371719427266e+00
9.943092412775433875e-01 -4.872328715056397641e-01 -2.405435458427486406e+00
1.006936443336598153e+00 -4.814801322635690051e-01 -2.405291501119558806e+00
1.019102727011262921e+00 -4.759440943147833503e-01 -2.405152748310249500e+00
1.030760444391136454e+00 -4.706442938596654968e-01 -2.405020309170088133e+00
1.041883704065691862e+00 -4.655904321300226023e-01 -2.404894965633764148e+00
1.052469593686933935e+00 -4.607823953260783978e-01 -2.404776984512275728e+00
1.062538291108366284e+00 -4.562102564288807449e-01 -2.404666100412689911e+00
1.072133064385004220e+00 -4.518542752002961405e-01 -2.404561515738145250e+00
1.081320271773366093e+00 -4.476848981830129914e-01 -2.404461900687848264e+00
1.090189361731475959e+00 -4.436627587005412265e-01 -2.404365393257074324e+00
1.098852872918863355e+00 -4.397386768572122961e-01 -2.404269599237169430e+00
1.107446434196561302e+00 -4.358536595381780621e-01 -2.404171592215545772e+00
1.116128764627110970e+00 -4.319389004094126294e-01 -2.404067913575687943e+00
1.125078666831577756e+00 -4.279170665303831944e-01 -2.403954645531210410e+00
1.134461955751804974e+00 -4.237164503082014866e-01 -2.403828214455965728e+00
1.144398388788909982e+00 -4.192851208628459170e-01 -2.403686194180717717e+00
1.154958659619036876e+00 -4.145922104435320055e-01 -2.403527379016067389e+00
1.166164398193359153e+00 -4.096279144287107710e-01 -2.403351783752441406e+00
1.177988170738081042e+00 -4.044034913260700081e-01 -2.403160643660105844e+00
1.190353479754435062e+00 -3.989512627725329552e-01 -2.402956414489152870e+00
1.203134764018683356e+00 -3.933246135342590155e-01 -2.402742772469511401e+00
1.216157398582118132e+00 -3.875979915066440906e-01 -2.402524614310940443e+00
1.229197694771062777e+00 -3.818669077143185819e-01 -2.402308057203033531e+00
1.241987863753775123e+00 -3.762458357429305789e-01 -2.402100288596303201e+00
1.254270618806119675e+00 -3.708451042065742942e-01 -2.401907913702491459e+00
1.265853779849525296e+00 -3.657477882535913882e-01 -2.401735302926095716e+00
1.276615237775341027e+00 -3.610076086778030158e-01 -2.401584441622542698e+00
1.286502954444834756e+00 -3.566489319185091600e-01 -2.401454930098181340e+00
1.295534962689192771e+00 -3.526667700604892985e-01 -2.401343983610288113e+00
1.303799366309519758e+00 -3.490267808340022371e-01 -2.401246432367066141e+00
1.311454340076841474e+00 -3.456652676147850545e-01 -2.401154721527640312e+00
1.318728129732098298e+00 -3.424891794240562115e-01 -2.401058911202064827e+00
1.325919051986153452e+00 -3.393761109285115540e-01 -2.400946676451319206e+00
1.333389209373861073e+00 -3.361769292482075788e-01 -2.400803565668111705e+00
1.341495351730762176e+00 -3.327446696449062880e-01 -2.400615842844575187e+00
1.350519736231172052e+00 -3.289634318116700928e-01 -2.400373329899101904e+00
1.360663841762715931e+00 -3.247510068811612083e-01 -2.400069665076866698e+00
1.372048368926327422e+00 -3.200588774256407087e-01 -2.399702302949818122e+00
1.384713240036253623e+00 -3.148722174569684173e-01 -2.399272514416685986e+00
1.398617599120043797e+00 -3.092098924266062920e-01 -2.398785386702978695e+00
1.413639811918562028e+00 -3.031244592256125414e-01 -2.398249823360979693e+00
1.429577465885982335e+00 -2.967021661846459546e-01 -2.397678544269753687e+00
1.446147370189786896e+00 -2.900629530739645690e-01 -2.397088085635143972e+00
1.462992261564135532e+00 -2.833576518231983310e-01 -2.396498221444887555e+00
1.479754568696919126e+00 -2.767371944388511973e-01 -2.395925599474912904e+00
1.496150176616810157e+00 -2.703218209218017920e-01 -2.395377377295629717e+00
1.511975132546631295e+00 -2.641982799870766230e-01 -2.394850643727047146e+00
1.527105645903360065e+00 -2.584198290638493045e-01 -2.394332418838778231e+00
1.541498088298113966e+00 -2.530062342954439436e-01 -2.393799653950031026e+00
1.555188993536170905e+00 -2.479437705393296720e-01 -2.393219231629617916e+00
1.568295057616956534e+00 -2.431852213671244212e-01 -2.392547965695949852e+00
1.581013138734046031e+00 -2.386498790645938672e-01 -2.391732601217036347e+00
1.593620257275165653e+00 -2.342235446316516256e-01 -2.390709814510490805e+00
1.606466986146789289e+00 -2.297611720242304367e-01 -2.389407348119147567e+00
1.619904746361777725e+00 -2.251159540079203658e-01 -2.387756495196575734e+00
1.634213104139798034e+00 -2.201684074064103047e-01 -2.385704583632814124e+00
1.649593161736169877e+00 -2.148290171416310512e-01 -2.383216110943411792e+00
1.666167557441881719e+00 -2.090382362337500077e-01 -2.380272744269429364e+00
1.683980465583577946e+00 -2.027664858011745397e-01 -2.376873320377431487e+00
1.702997596523563306e+00 -1.960141550605509764e-01 -2.373033845659494823e+00
1.723106196659804024e+00 -1.888116013267650828e-01 -2.368787496133206272e+00
1.744115048425922465e+00 -1.812191500129413657e-01 -2.364184617441657199e+00
1.765754470291205580e+00 -1.733270946304438787e-01 -2.359292724853451872e+00
1.787681826433393351e+00 -1.652537160101660296e-01 -2.354195324214185536e+00
1.809542129776661179e+00 -1.571234949456794538e-01 -2.348978943132406627e+00
1.831028642507700033e+00 -1.490453257430270906e-01 -2.343720162705241972e+00
1.851888384907846241e+00 -1.411105357442405672e-01 -2.338484438649787389e+00
1.871922135353088157e+00 -1.333928853273391446e-01 -2.333326101303100586e+00
1.890984430314064602e+00 -1.259485679063294394e-01 -2.328288355622208261e+00
1.908983564356064422e+00 -1.188162099312054104e-01 -2.323403281184097668e+00
1.925881590139027821e+00 -1.120168708879484692e-01 -2.318691832185724166e+00
1.941694318417545917e+00 -1.055540432985275501e-01 -2.314163837444009442e+00
1.956491318040862959e+00 -9.941365272089783267e-02 -2.309818000395835291e+00
1.970393387015494380e+00 -9.356479332457119658e-02 -2.305642311024377555e+00
1.983544732650569298e+00 -8.796781967081122866e-02 -2.301618577300108548e+00
1.996085150545395148e+00 -8.258243882958431203e-02 -2.297726956810377530e+00
2.008147495266183746e+00 -7.736844606737329488e-02 -2.293946368748604581e+00
2.019857680346039963e+00 -7.228572484717725455e-02 -2.290254493914272604e+00
2.031334678284970607e+00 -6.729424682851163630e-02 -2.286627774712930883e+00
2.042690520549880873e+00 -6.235407186740826030e-02 -2.283041415156195519e+00
2.054030297574576114e+00 -5.742534801641431541e-02 -2.279469380861745442e+00
2.065452158759753853e+00 -5.246831152459605768e-02 -2.275884399053330842e+00
2.077047312473018437e+00 -4.744328683753340492e-02 -2.272257958560763846e+00
2.088899699167388491e+00 -4.231092691157721519e-02 -2.268560510995675017e+00
2.101082395585251561e+00 -3.703485674397853644e-02 -2.264763683746171097e+00
2.113654018887495933e+00 -3.158431695802440403e-02 -2.260842493017540811e+00
2.126658399747091366e+00 -2.593440413562686161e-02 -2.256775545023355978e+00
2.140124582349083759e+00 -2.006607081732285011e-02 -2.252545035985471955e+00
2.154066824390603152e+00 -1.396612550227315647e-02 -2.248136752134025862e+00
2.168484597080852172e+00 -7.627232648266814644e-03 -2.243540069707441020e+00
2.183362585141118473e+00 -1.047912671714538394e-03 -2.238747954952418961e+00
2.198670686804768071e+00 5.767458052346923283e-03 -2.233756964123946087e+00
2.214364013817246679e+00 1.280864719025589030e-02 -2.228567243485293226e+00
2.230383815190084995e+00 2.005979763600518329e-02 -2.223182496811941800e+00
2.246667638494971531e+00 2.750197056031626272e-02 -2.217609627934804539e+00
2.263159491157824554e+00 3.511568845971328040e-02 -2.211858383283447083e+00
2.279810764212794716e+00 4.288116634280256245e-02 -2.205941319390015476e+00
2.296580232302275260e+00 5.077831173027407691e-02 -2.199873802889238839e+00
2.313434053676881597e+00 5.878672465489568483e-02 -2.193674010518426698e+00
2.330345770195475286e+00 6.688569766152166474e-02 -2.187362929117468102e+00
2.347296307325149822e+00 7.505421580708707130e-02 -2.180964355628836060e+00
2.364273974141233303e+00 8.327095666060910228e-02 -2.174504897097580880e+00
2.381274463327289759e+00 9.151429030318719571e-02 -2.168013970671336832e+00
2.398300050533965333e+00 9.976258272152244144e-02 -2.161523090683251880e+00
2.415350787570631041e+00 1.079975330440451492e-01 -2.155058026781794922e+00
2.432415695780275389e+00 1.162075107076053215e-01 -2.148630962223735619e+00
2.449471965459421696e+00 1.243878588278400088e-01 -2.142239781011469280e+00
2.466484955858146311e+00 1.325408941991822465e-01 -2.135868067893010647e+00
2.483408195180063505e+00 1.406759072948550460e-01 -2.129485108361996559e+00
2.500183380582332138e+00 1.488091622668729352e-01 -2.123045888657686842e+00
2.516740378175656545e+00 1.569638969460419031e-01 -2.116491095764963415e+00
2.532997223024276767e+00 1.651703228419593439e-01 -2.109747117414328965e+00
2.548860119145984537e+00 1.734656251430143903e-01 -2.102726042081910052e+00
2.564224430552734191e+00 1.818933460285854786e-01 -2.095327191276953549e+00
2.578985582092622408e+00 1.904966014795803630e-01 -2.087453973769136439e+00
2.593049959838257479e+00 1.993112983712665709e-01 -2.079030739114491766e+00
2.606335901976158720e+00 2.083655178795537632e-01 -2.070004309709117862e+00
2.618773698806762695e+00 2.176795154809951505e-01 -2.060343980789183682e+00
2.630305592744422771e+00 2.272657209527878253e-01 -2.050041520430925690e+00
2.640885778317408228e+00 2.371287383727722631e-01 -2.039111169550646974e+00
2.650480402167902483e+00 2.472653461194327940e-01 -2.027589641904719020e+00
2.659067563052007532e+00 2.576644968718974638e-01 -2.015536124089581271e+00
2.666637311839741287e+00 2.683073176099397550e-01 -2.003032275541738905e+00
2.673191623808755857e+00 2.791674049114920009e-01 -1.990180735249661437e+00
2.678744093858377084e+00 2.902140734056284921e-01 -1.977088694673120983e+00
2.683319631710943121e+00 3.014156043607159052e-01 -1.963851469978916908e+00
2.686954434201306530e+00 3.127395410269989129e-01 -1.950551008524896712e+00
2.689695985276824519e+00 3.241526886365996285e-01 -1.937255888859950259e+00
2.691603055997366489e+00 3.356211144035177729e-01 -1.924021320724012440e+00
2.692745704535312701e+00 3.471101475236310074e-01 -1.910889145048064064e+00
2.693205276175550722e+00 3.585843791746962661e-01 -1.897887833954127190e+00
2.693074403315480758e+00 3.700076625163424282e-01 -1.885032490755276013e+00
2.692457005465010322e+00 3.813431126900820312e-01 -1.872324849955622872e+00
2.691467128319479762e+00 3.925532092000192375e-01 -1.859753856991814391e+00
2.690216173207486072e+00 4.036009221319700191e-01 -1.847302045566311612e+00
2.688800126272987256e+00 4.144508383960155973e-01 -1.834951915113372856e+00
2.687298397459650712e+00 4.250692641150294881e-01 -1.822686510584772934e+00
2.685773820510851007e+00 4.354242246246768366e-01 -1.810489422449801378e+00
2.684272652969665884e+00 4.454854644734170810e-01 -1.798344786695262432e+00
2.682824576178886478e+00 4.552244474224964033e-01 -1.786237284825483052e+00
2.681442695281004429e+00 4.646143564459582764e-01 -1.774152143862298692e+00
2.680123539218222550e+00 4.736300937306365810e-01 -1.762075136345063964e+00
2.678847060732449936e+00 4.822482806761573260e-01 -1.749992580330649083e+00
2.677577189726638718e+00 4.904472318887413973e-01 -1.737891041892298594e+00
2.676267920239503884e+00 4.982066691130349056e-01 -1.725754062607083528e+00
2.674869397420233330e+00 5.055074351639394781e-01 -1.713558887043348244e+00
2.673328470889829500e+00 5.123314679204149513e-01 -1.701276165259571371e+00
2.671588694741108494e+00 5.186618003254809262e-01 -1.688869952804364472e+00
2.669590327538698737e+00 5.244825603862116603e-01 -1.676297710716476486e+00
2.667270332319040982e+00 5.297789711737428409e-01 -1.663510305524786181e+00
2.664562376590391857e+00 5.345373508232683646e-01 -1.650452009248307261e+00
2.661396832332818541e+00 5.387451125340390057e-01 -1.637060499396188140e+00
2.657700775998202314e+00 5.423907645693648583e-01 -1.623266858967709059e+00
2.653398528079758290e+00 5.454642979720302209e-01 -1.608997299162846506e+00
2.648417588212063745e+00 5.479614513155516287e-01 -1.594192108672702446e+00
2.642694570147612332e+00 5.498879753666974235e-01 -1.578824602575657821e+00
2.636175741285162744e+00 5.512600207713246325e-01 -1.562902844916513656e+00
2.628817022669738712e+00 5.521041380543803001e-01 -1.546469648706476852e+00
2.620583988992629010e+00 5.524572776199001556e-01 -1.529602575923168395e+00
2.611451868591387893e+00 5.523667897510087244e-01 -1.512413937510622253e+00
2.601405543449838209e+00 5.518904246099201050e-01 -1.495050793379286480e+00
2.590439549198061631e+00 5.510963322379366369e-01 -1.477694952406018780e+00
2.578558075112411974e+00 5.500630625554507880e-01 -1.460562972434092499e+00
2.565775107870587046e+00 5.488785746898831031e-01 -1.443902693743747134e+00
2.552116012769828135e+00 5.476293401876703992e-01 -1.427955109344073215e+00
2.537619114879293036e+00 5.463894466797060145e-01 -1.412916236851593510e+00
2.522335842773210768e+00 5.452196073604349547e-01 -1.398933652489743107e+00
2.506330728530883345e+00 5.441671609878537819e-01 -1.386106491088867410e+00
2.489681407736688001e+00 5.432660718835110591e-01 -1.374485446086221918e+00
2.472478619480069639e+00 5.425369299325062400e-01 -1.364072769525971340e+00
2.454826206355547491e+00 5.419869505834904455e-01 -1.354822272059190258e+00
2.436841114462712898e+00 5.416099748486665755e-01 -1.346639322943863792e+00
2.418653393406225316e+00 5.413864693037887532e-01 -1.339380850044884719e+00
2.400404832640114616e+00 5.412842950149983068e-01 -1.332858534112005833e+00
2.382233960422609709e+00 5.412671662033475828e-01 -1.326873947786935792e+00
2.364261042146709180e+00 5.413031092613349582e-01 -1.321253696072781869e+00
2.346586716476384282e+00 5.413652317970817363e-01 -1.315852611099444625e+00
2.329291995346570054e+00 5.414317226343285938e-01 -1.310553752123612803e+00
2.312438263963168872e+00 5.414858518124378017e-01 -1.305268405528765774e+00
2.296067280803050004e+00 5.415159705863927808e-01 -1.299936084825173976e+00
2.280201177614048280e+00 5.415155114267972136e-01 -1.294524530649896032e+00
2.264842459414972531e+00 5.414829880198767098e-01 -1.289029710766785186e+00
2.249974004495592261e+00 5.414219952674771408e-01 -1.283475820066481532e+00
2.235559806088179169e+00 5.413409351965173810e-01 -1.277913617764065091e+00
2.221553130980709945e+00 5.412500018793069412e-01 -1.272402136065739597e+00
2.207904678299839496e+00 5.411581662911298940e-01 -1.266990388454915628e+00
2.194563321239016318e+00 5.410729021987836784e-01 -1.261715706762994271e+00
2.181476107058486935e+00 5.410001861605781004e-01 -1.256603741169366018e+00
2.168588257085288795e+00 5.409444975263363320e-01 -1.251668460201409649e+00
2.155843166713265369e+00 5.409088184373952446e-01 -1.246912150734497571e+00
2.143182405403044832e+00 5.408946338266038545e-01 -1.242325417991988479e+00
2.130545716682055613e+00 5.409019314183247662e-01 -1.237887185545231139e+00
2.117871018144522832e+00 5.409292017284338394e-01 -1.233564695313565052e+00
2.105094794794482915e+00 5.409735230098080550e-01 -1.229314254860617961e+00
2.092156425818992638e+00 5.410314956526939278e-01 -1.225089457653586678e+00
2.079002511361324412e+00 5.411001765850769196e-01 -1.220849403322518123e+00
2.065587265863990662e+00 5.411771642181689712e-01 -1.216559444956609726e+00
2.051872518068738938e+00 5.412605984464092801e-01 -1.212191189104207423e+00
2.037827711016560794e+00 5.413491606474628570e-01 -1.207722495772808546e+00
2.023429902047678031e+00 5.414420736822218583e-01 -1.203137478429055607e+00
2.008663762801554675e+00 5.415391018948054747e-01 -1.198426503998744508e+00
1.993521579216889439e+00 5.416405511125589323e-01 -1.193586192866817219e+00
1.978003251531621709e+00 5.417472686460544917e-01 -1.188619418877367107e+00
1.962116023509531404e+00 5.418606356376948208e-01 -1.183535130113150480e+00
1.945871504015526776e+00 5.419824828986881116e-01 -1.178346377524940536e+00
1.929282688652897093e+00 5.421150067477751300e-01 -1.173068343601897823e+00
1.912363689010589507e+00 5.422607613604160104e-01 -1.167718163164762180e+00
1.895129732663187072e+00 5.424226587687903667e-01 -1.162314923365844521e+00
1.877597163170926509e+00 5.426039688617985135e-01 -1.156879663689035720e+00
1.859783440079689099e+00 5.428083193850594679e-01 -1.151435375949799944e+00
1.841707138921004683e+00 5.430396959409118374e-01 -1.146007004295177767e+00
1.823387951212050995e+00 5.433024419884149303e-01 -1.140621445203786610e+00
1.804846684455650774e+00 5.436012588433465353e-01 -1.135307547485818302e+00
1.786105298830218402e+00 5.439408850598991263e-01 -1.130095946428952391e+00
1.767187310756763052e+00 5.443225698249949396e-01 -1.125017239504608080e+00
1.748118196449065964e+00 5.447405464993577695e-01 -1.120100162150104328e+00
1.728925428598049541e+00 5.451817120481287082e-01 -1.115371421939884478e+00
1.709638476371765137e+00 5.456256270408632592e-01 -1.110855698585510476e+00
1.690288805415397055e+00 5.460445156515325582e-01 -1.106575643935665321e+00
1.670909877851260106e+00 5.464032656585227077e-01 -1.102551881976153281e+00
1.651537152278803156e+00 5.466594284446362195e-01 -1.098803008829898564e+00
1.632208083774607577e+00 5.467632189970901280e-01 -1.095345592756947317e+00
1.612962123892380806e+00 5.466575159075173218e-01 -1.092194174154464292e+00
1.593840720662975885e+00 5.462778613719661003e-01 -1.089361265556737290e+00
1.574887318594363927e+00 5.455524611908997290e-01 -1.086857351635173163e+00
1.556147358671655434e+00 5.444021847691975502e-01 -1.084690889198299590e+00
1.537668278357090523e+00 5.427405651161542055e-01 -1.082868307191765744e+00
1.519499511590042484e+00 5.404737988454794140e-01 -1.081394006698340515e+00
1.501692488787016222e+00 5.375007461752984161e-01 -1.080270360937914509e+00
1.484300636841649146e+00 5.337129309281523071e-01 -1.079497715267498270e+00
1.467379379124707395e+00 5.289945405309961490e-01 -1.079074387181222727e+00
1.450986135484098272e+00 5.232224260152031903e-01 -1.078996666310340524e+00
1.435180322244852480e+00 5.162661020165595360e-01 -1.079258814423224022e+00
1.420023352209135670e+00 5.079877467752680342e-01 -1.079853065425366854e+00
1.405578634656245551e+00 4.982422021359463882e-01 -1.080769625359383479e+00
1.391911575342611673e+00 4.868769735476278226e-01 -1.081996672405007853e+00
1.379089576501796532e+00 4.737322300637611949e-01 -1.083520356879096092e+00
