-3.746314365808314673e+00 -7.451613241259247289e-02 1.976557064229839344e+00
-3.355362963511304919e+00 -7.216479518721162500e-02 1.741404330325208027e+00
-3.025154587714650400e+00 -7.145213127619388926e-02 1.529185936120664335e+00
-2.751821807475805848e+00 -7.225581151301864458e-02 1.338739961771029607e+00
-2.531497191852229101e+00 -7.445350673116539475e-02 1.168904487431126071e+00
-2.360313309901378886e+00 -7.792288776411361584e-02 1.018517593255775955e+00
-2.234402730680708160e+00 -8.254162544534265900e-02 8.864173593997998202e-01
-2.149898023247676537e+00 -8.818739060833204191e-02 7.714418660180204501e-01
-2.102931756659739193e+00 -9.473785408656121287e-02 6.724291932652594062e-01
-2.089636499974354855e+00 -1.020706867135096341e-01 5.882174212963389159e-01
-2.106144822248979143e+00 -1.100635593226567538e-01 5.176446302660802079e-01
-2.148589292541068563e+00 -1.185941427474820065e-01 4.595489003293057872e-01
-2.213102479908079179e+00 -1.275401078214647987e-01 4.127683116408366049e-01
-2.295816953407469274e+00 -1.367791253780846761e-01 3.761409443554949439e-01
-2.392865282096694468e+00 -1.461888662508210035e-01 3.485048786281026989e-01
-2.500380035033212156e+00 -1.556470012731532571e-01 3.286981946134817645e-01
-2.614493781274478401e+00 -1.650312012785609128e-01 3.155589724664535356e-01
-2.731339089877951931e+00 -1.742191371005234468e-01 3.079252923418403509e-01
-2.847048529901087477e+00 -1.830884795725202518e-01 3.046352343944637719e-01
-2.957754670401341990e+00 -1.915168995280307485e-01 3.045268787791455267e-01
-3.059590080436174198e+00 -1.993820678005345515e-01 3.064383056507076764e-01
-3.148687329063037499e+00 -2.065616552235108871e-01 3.092075951639718379e-01
-3.221178985339391510e+00 -2.129333326304393981e-01 3.116728274737600168e-01
-3.273197618322691405e+00 -2.183747708547993382e-01 3.126720827348937748e-01
-3.300875797070394135e+00 -2.227636407300702670e-01 3.110434411021952283e-01
-3.300346090639958430e+00 -2.259776130897317992e-01 3.056249827304861055e-01
-3.269023504665863999e+00 -2.279226528800410156e-01 2.955824500298456226e-01
-3.209452802556592488e+00 -2.286179017513366440e-01 2.813922373609157868e-01
-3.125461190030597081e+00 -2.281107955932197839e-01 2.638584028043634011e-01
-3.020875872806334961e+00 -2.264487702952918402e-01 2.437850044408557126e-01
-2.899524056602261091e+00 -2.236792617471539679e-01 2.219761003510595243e-01
-2.765232947136830433e+00 -2.198497058384074054e-01 1.992357486156418889e-01
-2.621829750128499725e+00 -2.150075384586534466e-01 1.763680073152697481e-01
-2.473141671295724375e+00 -2.092001954974933575e-01 1.541769345306102657e-01
-2.322995916356960233e+00 -2.024751128445284321e-01 1.334665883423303834e-01
-2.175219691030662705e+00 -1.948797263893598530e-01 1.150410268310972095e-01
-2.033312044003814378e+00 -1.865190878265396424e-01 9.951562004579266041e-02
-1.899459392316763306e+00 -1.777287126885744861e-01 8.675098388375372671e-02
-1.775519994218008435e+00 -1.689017326219979798e-01 7.641904519832823373e-02
-1.663352107956048931e+00 -1.604312792733436077e-01 6.819173084286397901e-02
-1.564813991779383517e+00 -1.527104842891449099e-01 6.174096767070878788e-02
-1.481763903936510696e+00 -1.461324793159353985e-01 5.673868253521045790e-02
-1.416060102675930299e+00 -1.410903960002486968e-01 5.285680228971677969e-02
-1.369560846246139718e+00 -1.379773659886182058e-01 4.976725378757555773e-02
-1.344124392895639675e+00 -1.371865209275776043e-01 4.714196388213463124e-02
-1.341609000872926893e+00 -1.391109924636602380e-01 4.465285942674174918e-02
-1.362662440262525365e+00 -1.439674204404408075e-01 4.202765076304382924e-02
-1.403090524164002595e+00 -1.512664768584730812e-01 3.921718238538115381e-02
-1.457488575348429238e+00 -1.603423415997599633e-01 3.622808237614186938e-02
-1.520451916586872843e+00 -1.705291945463041636e-01 3.306697881771406694e-02
-1.586575870650403175e+00 -1.811612155801083923e-01 2.974049979248589298e-02
-1.650455760310087561e+00 -1.915725845831752761e-01 2.625527338284542808e-02
-1.706686908336996211e+00 -2.010974814375076636e-01 2.261792767118080139e-02
-1.749864637502197340e+00 -2.090700860251082926e-01 1.883509073988013510e-02
-1.774584270576759826e+00 -2.148245782279797067e-01 1.491339067133153409e-02
-1.775441130331753214e+00 -2.176951379281248378e-01 1.085945554792311710e-02
-1.748429243452702231e+00 -2.171718955358791503e-01 6.701158080314231422e-03
-1.695137472291620817e+00 -2.133687858058041509e-01 2.551349796156613357e-03
-1.618553393119321671e+00 -2.065556951362430282e-01 -1.455872996672936655e-03
-1.521664582206620597e+00 -1.970025099255391654e-01 -5.186413990297485468e-03
-1.407458615824332515e+00 -1.849791165720359454e-01 -8.506176876840144604e-03
-1.278923070243271898e+00 -1.707554014740765569e-01 -1.128106534842401865e-02
-1.139045521734254329e+00 -1.546012510300045217e-01 -1.337698309717222887e-02
-9.908135465680938392e-01 -1.367865516381630009e-01 -1.465983381520787575e-02
-8.372147210156062336e-01 -1.175811896968954468e-01 -1.499552119465406841e-02
-6.812366213476056531e-01 -9.725505160454510356e-02 -1.424994892763391599e-02
-5.261708662051143293e-01 -7.617714181736341683e-02 -1.236716506121478265e-02
-3.765252458846635730e-01 -5.511293773218212816e-02 -9.603795621173498095e-03
-2.371115941403346694e-01 -3.492703515821553306e-02 -6.294611267697643869e-03
-1.127417447262093197e-01 -1.648402990467809359e-02 -2.774382660974830141e-03
-8.227531396365589389e-03 -6.485177807836178115e-04 6.221195388074578225e-04
7.161921209511412645e-02 1.171490540425335590e-02 3.560124671461593372e-03
1.219866519941492644e-01 1.974164384121859100e-02 5.704862076800013178e-03
1.380629545466589003e-01 2.256710172089781974e-02 6.721561094635140898e-03
1.150362859985623598e-01 1.932668323407676914e-02 6.275451064779400193e-03
4.809481259577869094e-02 9.155792571541171432e-03 4.031761327045212118e-03
-6.478107822479652056e-02 -8.347915270635615503e-03 -2.016075033693467164e-04
-2.144421142623623988e-01 -3.173778207522973127e-02 -6.046069709723671595e-03
-3.889468021251417107e-01 -5.910489881972977311e-02 -1.298036829989151000e-02
-5.763536484213571676e-01 -8.854035648162417171e-02 -2.048324628174659490e-02
-7.647211597592318277e-01 -1.181352460384015313e-01 -2.803344666316267414e-02
-9.421078427469885552e-01 -1.459806584675504004e-01 -3.510971245201351121e-02
-1.096572203992848493e+00 -1.701676847465589670e-01 -4.119078665617277590e-02
-1.216172750105037892e+00 -1.887874158529164459e-01 -4.575541228351435313e-02
-1.288967987691778116e+00 -1.999309427641110526e-01 -4.828233234191194045e-02
-1.303016423361290643e+00 -2.016893564576311415e-01 -4.825028983923922155e-02
-1.250834281033293305e+00 -1.928770501325388631e-01 -4.534683521979121501e-02
-1.142768621989420419e+00 -1.752016207007330295e-01 -4.009474718004175930e-02
-9.936242088807916151e-01 -1.510939647089605542e-01 -3.322561110613375668e-02
-8.182058043585237472e-01 -1.229849787039680037e-01 -2.547101238421002264e-02
-6.313181710737358898e-01 -9.330555923250227757e-02 -1.756253640041344211e-02
-4.477660716775460625e-01 -6.448660284130990072e-02 -1.023176854088683752e-02
-2.823542688210722296e-01 -3.895900607713777275e-02 -4.210294191773078162e-03
-1.498875251554325216e-01 -1.915366548673248098e-02 -2.296987392150090512e-04
-6.517060333174612419e-02 -7.501477616840827867e-03 9.784324306445213448e-04
-4.300826600112861442e-02 -6.433339014209296658e-03 -1.317486068337304222e-03
-9.317649289216385633e-02 -1.753511400201823375e-02 -7.575005664295579588e-03
-2.053362039804763339e-01 -3.901255009744281771e-02 -1.715554587341437329e-02
-3.641195722876846008e-01 -6.822636863821149311e-02 -2.914649421390655068e-02
-5.541587708354070996e-01 -1.025372909620527739e-01 -4.263523820398495284e-02
-7.600859726452617871e-01 -1.393060384066950319e-01 -5.670916536186246942e-02
-9.665333507388675915e-01 -1.758933323098668677e-01 -7.045566320575195884e-02
-1.158133078137842498e+00 -2.096598940092966323e-01 -8.296211925386628994e-02
-1.319517327863805045e+00 -2.379664448427128154e-01 -9.331592102441831071e-02
-1.435318272938373330e+00 -2.581737061478438511e-01 -1.006044560356208900e-01
-1.490168086383166113e+00 -2.676423992624182846e-01 -1.039151118056869105e-01
-1.473492863972089673e+00 -2.645651497405523966e-01 -1.026314237958837888e-01
-1.393894461065938728e+00 -2.504622119024198512e-01 -9.732152347613509669e-02
-1.264768690066727430e+00 -2.276857502348462459e-01 -8.884969237764167582e-02
-1.099511363376469708e+00 -1.985879292246572336e-01 -7.808021203160445123e-02
-9.115182933971769375e-01 -1.655209133586779680e-01 -6.587736396922416748e-02
-7.141852925308644906e-01 -1.308368671237342962e-01 -5.310542972170178427e-02
-5.209081731795450754e-01 -9.688795500665149663e-02 -4.062869082023811557e-02
-3.450827477452357295e-01 -6.602634149425590238e-02 -2.931142879603424942e-02
-2.001048286299416390e-01 -4.060419107337143174e-02 -2.001792518029055917e-02
-9.937022823568050778e-02 -2.297366823082441778e-02 -1.361246150420813809e-02
-5.278948143516545150e-02 -1.489726056219926008e-02 -1.076311009197257473e-02
-5.633186341122015800e-02 -1.577872279179326487e-02 -1.135309801927733217e-02
-1.024812970306232945e-01 -2.443212009943358798e-02 -1.506943894456262874e-02
-1.837217051601536255e-01 -3.967151766494727422e-02 -2.159914652626865328e-02
-2.925370106665893810e-01 -6.031098066816143605e-02 -3.062923442283558770e-02
-4.214111364167091867e-01 -8.516457428890311654e-02 -4.184671629270362431e-02
-5.628280052772912656e-01 -1.130463637069994143e-01 -5.493860579431292940e-02
-7.092715401151147292e-01 -1.427704141022774764e-01 -6.959191658610373865e-02
-8.532256637969577451e-01 -1.731507906545642905e-01 -8.549366232651620101e-02
-9.871742991895986474e-01 -2.030015585436869552e-01 -1.023308566739905001e-01
-1.104719201954450725e+00 -2.312324066757006358e-01 -1.197328028378385339e-01
-1.203933458931462530e+00 -2.571355188615723208e-01 -1.370979622308586832e-01
-1.284007989755216794e+00 -2.800987026384967882e-01 -1.537670858167209664e-01
-1.344133714060297358e+00 -2.995097655436692596e-01 -1.690809245590955689e-01
-1.383501551481286729e+00 -3.147565151142846518e-01 -1.823802294216525233e-01
-1.401302421652768082e+00 -3.252267588875379922e-01 -1.930057513680618619e-01
-1.396727244209325258e+00 -3.303083044006241975e-01 -2.002982413619937563e-01
-1.368966938785540544e+00 -3.293889591907384062e-01 -2.035984503671182944e-01
-1.317212425015997113e+00 -3.218565307950753684e-01 -2.022471293471053977e-01
-1.240654622535277918e+00 -3.070988267508302783e-01 -1.955850292656252376e-01
-1.139754794000628069e+00 -2.849300781248157999e-01 -1.832976833145743834e-01
-1.020055519643018771e+00 -2.568701918023016395e-01 -1.664497388023867819e-01
-8.883696954577754434e-01 -2.248654890482177371e-01 -1.464506178675784864e-01
-7.515102174402135127e-01 -1.908622911274919232e-01 -1.247097426486643151e-01
-6.162899815856577312e-01 -1.568069193050540822e-01 -1.026365352841605155e-01
-4.895218838894297986e-01 -1.246456948458335573e-01 -8.164041791258271064e-02
-3.780188203468514141e-01 -9.632493901475955300e-02 -6.313081267244660677e-02
-2.885936869532446103e-01 -7.379097307676135697e-02 -4.851714170226798656e-02
-2.280593797039304482e-01 -5.899011829676818752e-02 -3.920882714056246610e-02
-2.032287945942312102e-01 -5.386869593970933234e-02 -3.661529112584584189e-02
-2.183858183217476656e-01 -5.966175045224321460e-02 -4.163724226918020382e-02
-2.676983365708995311e-01 -7.475922918282268403e-02 -5.314054234900538604e-02
-3.428052438172051186e-01 -9.683980774905982802e-02 -6.948234325489723029e-02
-4.353454345361829625e-01 -1.235821617685668034e-01 -8.901979687643174488e-02
-5.369578032033512915e-01 -1.526649668589556419e-01 -1.101100551031847785e-01
-6.392812442942285012e-01 -1.817668986378384033e-01 -1.311102698247322285e-01
-7.339546522843326537e-01 -2.085666327228272443e-01 -1.503775929306499504e-01
-8.126169216491825331e-01 -2.307428447315340858e-01 -1.662691763105139109e-01
-8.669069468642955911e-01 -2.459742102815711540e-01 -1.771421718538999379e-01
-8.884636224051913889e-01 -2.519394049905504529e-01 -1.813537314503840536e-01
-8.715160244901744013e-01 -2.470431336867060235e-01 -1.777788521845241887e-01
-8.206539933616100457e-01 -2.325942284267090709e-01 -1.673639193286551585e-01
-7.430575695311413265e-01 -2.106275556708369634e-01 -1.515731670540247933e-01
-6.459067935104102487e-01 -1.831779818793670134e-01 -1.318708295318807289e-01
-5.363817058110590397e-01 -1.522803735125764779e-01 -1.097211409334706428e-01
-4.216623469447301487e-01 -1.199695970307427806e-01 -8.658833543004226807e-02
-3.089287574230658029e-01 -8.828051889414315068e-02 -6.393664719284325448e-02
-2.053609777577104778e-01 -5.924800556305551830e-02 -4.323031039312175139e-02
-1.181390484603018765e-01 -3.490692349775590536e-02 -2.593355920212452037e-02
-5.444301004248459919e-02 -1.729213915852228015e-02 -1.351062779109973855e-02
-1.939832002475896933e-02 -7.850713747204293713e-03 -6.999604141455143154e-03
-9.912015789447389119e-03 -5.678462205940489060e-03 -5.733973186929943594e-03
-2.083650764068913780e-02 -9.283381605373865891e-03 -8.621064527220136803e-03
-4.702420588262336276e-02 -1.717346901614741697e-02 -1.456820776202163992e-02
-8.332752081938911426e-02 -2.785672150890415935e-02 -2.248273249103038135e-02
-1.245988627551257444e-01 -3.984113615428709620e-02 -3.127196831394230686e-02
-1.656906419939722652e-01 -5.163471002293919948e-02 -3.984324483045335180e-02
-2.014552688400678693e-01 -6.174544018550352092e-02 -4.710389164025946540e-02
-2.267451535975517074e-01 -6.868132371262300473e-02 -5.196123834305656913e-02
-2.364127065705629305e-01 -7.095035767494066448e-02 -5.332261453854059141e-02
-2.269773493169680023e-01 -6.755414538717355311e-02 -5.046272245200714851e-02
-2.016265484095414728e-01 -5.946871514033454098e-02 -4.412575481115015713e-02
-1.652147816747854547e-01 -4.816370146951055864e-02 -3.542327696926326347e-02
-1.225965269392020190e-01 -3.510873890978855744e-02 -2.546685427964010678e-02
-7.862626202929293151e-02 -2.177346199625542281e-02 -1.536805209557427082e-02
-3.815846477156036726e-02 -9.627505263998119983e-03 -6.238435770359370552e-03
-6.047612992506154472e-03 -1.405032481035690950e-04 8.104293427109582337e-04
1.285181548136773988e-02 5.217909516341351361e-03 4.666977890343135260e-03
1.368534282355921006e-02 4.978098494249634520e-03 4.219644519243476166e-03
-8.401508792433537431e-03 -2.329570849465542604e-03 -1.643136123881540345e-03
-5.664162983259423551e-02 -1.768452207540147092e-02 -1.366252621660068479e-02
-1.277816309114392368e-01 -4.010535588365628928e-02 -3.109809112947754112e-02
-2.169465700780814077e-01 -6.812047251851141572e-02 -5.283900100525494581e-02
-3.192615053816396098e-01 -1.002582722242500862e-01 -7.777442598667726192e-02
-4.298514948712267580e-01 -1.350471552451538160e-01 -1.047935362164873763e-01
-5.438415965959577658e-01 -1.710155218255046405e-01 -1.327855018374286822e-01
-6.563568686049476852e-01 -2.066917722095845400e-01 -1.606394929922444481e-01
-7.625223689473106248e-01 -2.406043066416754250e-01 -1.872446798236780674e-01
-8.574631556721622472e-01 -2.712815253660595949e-01 -2.114902324744729611e-01
-9.363042868286171050e-01 -2.972518286270189880e-01 -2.322653210873724672e-01
-9.954533618872306588e-01 -3.174340456363326513e-01 -2.487557465833455661e-01
-1.036448127657453089e+00 -3.323087158906479766e-01 -2.613338287529348714e-01
-1.062108863196756792e+00 -3.427468050615536388e-01 -2.706685160432474313e-01
-1.075255847562613942e+00 -3.496192788206384239e-01 -2.774287569013904053e-01
-1.078709359812497492e+00 -3.537971028394911732e-01 -2.822834997744708696e-01
-1.075289679003879950e+00 -3.561512427897005062e-01 -2.859016931095959557e-01
-1.067817084194233379e+00 -3.575526643428554308e-01 -2.889522853538730729e-01
-1.059111854441030953e+00 -3.588723331705445663e-01 -2.921042249544089642e-01
-1.051994268801744292e+00 -3.609812149443567542e-01 -2.960264603583110388e-01
-1.049284606333846348e+00 -3.647502753358806138e-01 -3.013879400126860952e-01
-1.052977923486783762e+00 -3.707671022244414250e-01 -3.086246142566015371e-01
-1.061768433497176867e+00 -3.784857885351986528e-01 -3.172404543291252876e-01
-1.073525150603091616e+00 -3.870770575084367948e-01 -3.265064400273203216e-01
-1.086117089042592188e+00 -3.957116323844390715e-01 -3.356935511482482815e-01
-1.097413263053744537e+00 -4.035602364034899803e-01 -3.440727674889721421e-01
-1.105282686874613729e+00 -4.097935928058727417e-01 -3.509150688465534351e-01
-1.107594374743264831e+00 -4.135824248318716867e-01 -3.554914350180549687e-01
-1.102217340897762909e+00 -4.140974557217702579e-01 -3.570728458005388295e-01
-1.087020599576173030e+00 -4.105094087158523974e-01 -3.549302809910672707e-01
-1.059873165016561813e+00 -4.019890070544024918e-01 -3.483347203867029895e-01
-1.019627736512254579e+00 -3.881034639523716634e-01 -3.369115107466456593e-01
-9.690717254342799958e-01 -3.700059411797581022e-01 -3.217034565401662993e-01
-9.119762141372943498e-01 -3.492460848094313675e-01 -3.041077241294475875e-01
-8.521122849759635853e-01 -3.273735409142644603e-01 -2.855214798766754214e-01
-7.932510203049436548e-01 -3.059379555671267181e-01 -2.673418901440325901e-01
-7.391635024789005026e-01 -2.864889748408912529e-01 -2.509661212937047137e-01
-6.936208138524897482e-01 -2.705762448084273464e-01 -2.377913396878746366e-01
-6.603940367803768918e-01 -2.597494115426077776e-01 -2.292147116887278957e-01
-6.432542536172196623e-01 -2.555581211163026611e-01 -2.266334036584479183e-01
-6.459725467176806735e-01 -2.595520196023835546e-01 -2.314445819592190201e-01
-6.708642136416675950e-01 -2.726774907896224454e-01 -2.444994836702995278e-01
-7.144214127700880823e-01 -2.934678693303976460e-01 -2.644656287392457839e-01
-7.716805176890911833e-01 -3.198532275929857338e-01 -2.894646078306857273e-01
-8.376779019848350494e-01 -3.497636379456676159e-01 -3.176180116092510719e-01
-9.074499392434672851e-01 -3.811291727567188148e-01 -3.470474307395688962e-01
-9.760330030511468191e-01 -4.118799043944204596e-01 -3.758744558862713858e-01
-1.038463466994021367e+00 -4.399459052270484616e-01 -4.022206777139855638e-01
-1.089777704658248858e+00 -4.632572476228835612e-01 -4.242076868873433937e-01
-1.125012089629978229e+00 -4.797440039502020026e-01 -4.399570740709723982e-01
-1.139202995495365967e+00 -4.873362465772838048e-01 -4.475904299295035416e-01
-1.128830315653996053e+00 -4.845616701787900382e-01 -4.457693969570432624e-01
-1.096148064058762639e+00 -4.723384757530896261e-01 -4.353158404166710405e-01
-1.044853795125859630e+00 -4.521824951540527326e-01 -4.175916851265029095e-01
-9.786450632714743803e-01 -4.256095602355468022e-01 -3.939588559046532379e-01
-9.012194229118042355e-01 -3.941355028514435532e-01 -3.657792775692396137e-01
-8.162744284630336633e-01 -3.592761548556093754e-01 -3.344148749383749619e-01
-7.275076343413617863e-01 -3.225473481019165978e-01 -3.012275728301777034e-01
-6.386165949629715177e-01 -2.854649144442312214e-01 -2.675792960627604300e-01
-5.532988647440632013e-01 -2.495446857364259918e-01 -2.348319694542418679e-01
-4.752519981008199168e-01 -2.163024938323667157e-01 -2.043475178227344702e-01
-4.075532900031599293e-01 -1.870211339836393705e-01 -1.772888611753603572e-01
-3.507989621440818495e-01 -1.620512416981219617e-01 -1.540228888880237901e-01
-3.049649590242961561e-01 -1.415104092140851422e-01 -1.347174798319824562e-01
-2.700272251445040017e-01 -1.255162287697953183e-01 -1.195405128784903098e-01
-2.459617050054139498e-01 -1.141862926035222131e-01 -1.086598668988043026e-01
-2.327443431077294567e-01 -1.076381929535333015e-01 -1.022434207641793880e-01
-2.303510839521559772e-01 -1.059895220580969188e-01 -1.004590533458711576e-01
-2.387578720393991882e-01 -1.093578721554815392e-01 -1.034746435151354810e-01
-2.579406518701650164e-01 -1.178608354839557476e-01 -1.114580701432282966e-01
-2.878753679451571679e-01 -1.316160042817870468e-01 -1.245772121014045164e-01
-3.280935792716138666e-01 -1.505030937759000986e-01 -1.427585401812041799e-01
-3.763493283106479903e-01 -1.734503247591712982e-01 -1.649629066686798262e-01
-4.299522847436999529e-01 -1.991480478187545033e-01 -1.899097626768125047e-01
-4.862121182522002871e-01 -2.262866135417990199e-01 -2.163185593185790734e-01
-5.424384985175900731e-01 -2.535563725154589276e-01 -2.429087477069608592e-01
-5.959410952213002322e-01 -2.796476753268837268e-01 -2.683997789549347202e-01
-6.440295780447712337e-01 -3.032508725632272473e-01 -2.915111041754820387e-01
-6.840136166694343878e-01 -3.230563148116392114e-01 -3.109621744815797562e-01
-7.132028807767294420e-01 -3.377543526592730605e-01 -3.254724409862086443e-01
-7.289070400480893719e-01 -3.460353366932792385e-01 -3.337613548023466437e-01
-7.291540011661440390e-01 -3.469339639336146974e-01 -3.348846285283416102e-01
-7.148445982694405787e-01 -3.408623072796595488e-01 -3.292430110835305457e-01
-6.875978922233284552e-01 -3.285767811377175995e-01 -3.175735080623929840e-01
-6.490329438931609074e-01 -3.108337999140946550e-01 -3.006131250594105686e-01
-6.007688141442850682e-01 -2.883897780150936896e-01 -2.790988676690621673e-01
-5.444245638420557309e-01 -2.620011298470213412e-01 -2.537677414858298119e-01
-4.816192538518186961e-01 -2.324242698161797793e-01 -2.253567521041917321e-01
-4.139719450389302002e-01 -2.004156123288762525e-01 -1.946029051186308201e-01
-3.431016982687347672e-01 -1.667315717914125139e-01 -1.622432061236246947e-01
-2.706275744065894107e-01 -1.321285626100961452e-01 -1.290146607136565537e-01
-1.983340617334528044e-01 -9.745117534577105167e-02 -9.573458007691507121e-02
-1.286673581927284815e-01 -6.389670517744464040e-02 -6.354149777642806307e-02
-6.423908914344063359e-02 -3.275062343866973202e-02 -3.365425296893739121e-02
-7.660879944601409891e-03 -5.298401462993304611e-03 -7.291684811179506044e-03
3.845564404476622955e-02 1.717448941603238327e-02 1.432736754010430734e-02
7.149885746564822731e-02 3.338257786485948619e-02 2.998406492817677280e-02
8.885713495902385073e-02 4.204039254993682806e-02 3.845956819629756107e-02
8.791885116587663807e-02 4.186246213771527280e-02 3.853503818772831963e-02
6.607238072718868427e-02 3.156331529464512231e-02 2.899163574573003499e-02
2.070609828394015528e-02 9.857480687175609879e-03 8.610521713562774293e-03
-4.942201297661808629e-02 -2.388016626102081388e-02 -2.321711192265368470e-02
-1.400754964972306116e-01 -6.763334420465536012e-02 -6.465993115218283960e-02
-2.456482675818157935e-01 -1.187254155948085088e-01 -1.132765620947969315e-01
-3.605342415343089635e-01 -1.744797428825690666e-01 -1.666256308702759870e-01
-4.791273336586261422e-01 -2.322196885190163651e-01 -2.222657635983911473e-01
-5.958214592587035563e-01 -2.892686149552396446e-01 -2.777555863989230045e-01
-7.050105336384578925e-01 -3.429498846423185143e-01 -3.306537253916427277e-01
-8.010884721018238785e-01 -3.905868600313413541e-01 -3.785188066963303122e-01
-8.784491899527198111e-01 -4.295029035733889944e-01 -4.189094564327578984e-01
-9.314866024950785306e-01 -4.570213777195485383e-01 -4.493843007207045659e-01
-9.559997606616759125e-01 -4.711340900557083322e-01 -4.680506488920337937e-01
-9.534083383037940118e-01 -4.725066669559956356e-01 -4.752105745231046674e-01
-9.265371851033954442e-01 -4.624731990539852622e-01 -4.717148501005414829e-01
-8.782111507424399388e-01 -4.423677769832507489e-01 -4.584142481109689249e-01
-8.112550849028938860e-01 -4.135244913773685749e-01 -4.361595410410128437e-01
-7.284938372667175699e-01 -3.772774328699126101e-01 -4.058015013772980906e-01
-6.327522575158684992e-01 -3.349606920944552813e-01 -3.681909016064472406e-01
-5.268551953323173942e-01 -2.879083596845752879e-01 -3.241785142150888643e-01
-4.136275003980175446e-01 -2.374545262738429197e-01 -2.746151116898438715e-01
-2.958940223949404480e-01 -1.849332824958372923e-01 -2.203514665173416098e-01
-1.762676002123428898e-01 -1.315838453511410377e-01 -1.622991274755825886e-01
-5.651304169998797727e-02 -7.826594273707015992e-02 -1.016127450304762647e-01
6.181685001948680758e-02 -2.574443163226155032e-02 -3.950774420050353480e-02
1.771692718234232078e-01 2.521583098463866385e-02 2.280044999584410551e-02
2.879914205891833667e-01 7.384998813499345227e-02 8.409641254008602684e-02
3.927304931941097421e-01 1.193931828401570139e-01 1.431647184137307682e-01
4.898336865155635267e-01 1.610805581214918569e-01 1.987899425982974366e-01
5.777481974308884549e-01 1.981472570003527944e-01 2.497566600752950117e-01
6.549212228174440265e-01 2.298284224981015367e-01 2.948494458262419515e-01
7.197999595525758076e-01 2.553591976360938265e-01 3.328528748326481379e-01
7.713366384395914377e-01 2.742599311750467117e-01 3.629181814142145024e-01
8.105036115365037430e-01 2.871917866733262881e-01 3.856632267532005831e-01
8.387782576027668080e-01 2.951011293487861287e-01 4.020725261249877835e-01
8.576379553978286108e-01 2.989343244192779747e-01 4.131305948049540100e-01
8.685600836811417924e-01 2.996377371026546776e-01 4.198219480684797222e-01
8.730220212121559964e-01 2.981577326167685893e-01 4.231311011909438258e-01
8.725011467503218654e-01 2.954406761794720615e-01 4.240425694477258922e-01
8.684748390550905972e-01 2.924329330086178347e-01 4.235408681142052711e-01
8.624204768859125014e-01 2.900808683220579276e-01 4.226105124657614787e-01
8.558154390022384428e-01 2.893308473376451917e-01 4.222360177777738643e-01
8.496735104912673808e-01 2.908250828536825261e-01 4.230909319801512414e-01
8.431541017511927638e-01 2.939891779902764068e-01 4.246049336209197222e-01
8.349530295079575781e-01 2.979445834479837463e-01 4.258967339026348276e-01
8.237661104875028117e-01 3.018127499273620118e-01 4.260850440278522999e-01
8.082891614157721172e-01 3.047151281289676161e-01 4.242885751991274934e-01
7.872179990187059273e-01 3.057731687533581377e-01 4.196260386190159286e-01
7.592484400222485608e-01 3.041083225010904334e-01 4.112161454900735147e-01
7.230763011523396733e-01 2.988420400727213599e-01 3.981776070148549951e-01
6.773973991349244717e-01 2.890957721688084958e-01 3.796291343959170006e-01
6.209075506959411683e-01 2.739909694899080317e-01 3.546894388358136085e-01
5.532915593795429965e-01 2.530995183577054441e-01 3.230205100761263659e-01
4.781902042979360168e-01 2.277950604655048228e-01 2.864574675579070195e-01
4.002332655292163421e-01 1.999016795713204064e-01 2.473787170329544982e-01
3.240505231514662077e-01 1.712434594331620763e-01 2.081626642530614579e-01
2.542717572427816708e-01 1.436444838090445986e-01 1.711877149700269385e-01
1.955267478812460491e-01 1.189288364569778267e-01 1.388322749356437347e-01
1.524452751449533738e-01 9.892060113497598561e-02 1.134747499017103312e-01
1.296571191119894051e-01 8.544386160104970596e-02 9.749354562002046642e-02
1.317920598604454263e-01 8.032270161321240776e-02 9.326706784237133452e-02
1.634798774684107781e-01 8.538120492947581797e-02 1.031737223205584364e-01
2.272465149089292757e-01 1.016853256238414716e-01 1.285642261126791197e-01
3.172024463514963588e-01 1.272684556534330325e-01 1.666784826968042976e-01
4.253542486684281365e-01 1.594058356007856669e-01 2.137286774544719103e-01
5.437084987320581764e-01 1.953727060484397871e-01 2.659269957672271700e-01
6.642717734146995623e-01 2.324443075789295876e-01 3.194856230166068234e-01
7.790506495886819760e-01 2.678958807747942594e-01 3.706167445841545005e-01
8.800517041263342666e-01 2.990026662185727990e-01 4.155325458514134707e-01
9.592815138999710722e-01 3.230399044927998453e-01 4.504452121999209524e-01
1.008746655781923574e+00 3.372828361800150887e-01 4.715669290112214362e-01
1.020453706644510961e+00 3.390067018627546114e-01 4.751098816668539171e-01
9.890829143865340622e-01 3.263984928726857970e-01 4.585544080674751055e-01
9.200090580251075734e-01 3.012921513675725915e-01 4.244533836264519633e-01
8.212805111105665468e-01 2.664333441692802174e-01 3.766277999946470167e-01
7.009456471932590249e-01 2.245677380996791150e-01 3.188986488229287874e-01
5.670528398235161749e-01 1.784409999806333413e-01 2.550869217621580254e-01
4.276504625516895364e-01 1.307987966340143360e-01 1.890136104632050007e-01
2.907868889281075564e-01 8.438679488168539244e-02 1.244997065769292421e-01
1.645104925031229959e-01 4.195066154551807536e-02 6.536620175420140844e-02
5.686964682706530799e-02 6.236063447376337388e-03 1.543408764588150017e-02
-2.408727454971577864e-02 -2.001133259086938787e-02 -2.147564409716110762e-02
-7.212524481072292437e-02 -3.477767576842024505e-02 -4.250346228108758256e-02
-8.826257219471138338e-02 -3.897635843139017620e-02 -4.863565003264026104e-02
-7.533088573433090185e-02 -3.425257847832393482e-02 -4.181993718188325992e-02
-3.616181446223064311e-02 -2.225153380776626749e-02 -2.400405355888067527e-02
2.641301258894453857e-02 -4.618422318260586787e-03 2.864271006305502826e-03
1.095619663865410320e-01 1.700155809164727999e-02 3.683730668360953031e-02
2.104534178979178827e-01 4.096320952341475641e-02 7.596732364297070772e-02
3.262557380904179682e-01 6.562133407849536637e-02 1.183065920543221183e-01
4.541372979314035607e-01 8.933073385834697233e-02 1.619073820876040792e-01
5.912664683882149497e-01 1.104462109644230167e-01 2.048219639127490943e-01
7.346394085798978457e-01 1.276541978141716160e-01 2.453612681804701601e-01
8.805634302322524753e-01 1.409676480890050820e-01 2.828708674645774024e-01
1.025173633222747238e+00 1.507311457863252657e-01 3.169549948196503930e-01
1.164605117428876735e+00 1.572892749035361415e-01 3.472178833002750875e-01
1.294992982728110142e+00 1.609866194380401294e-01 3.732637659610316683e-01
1.412472328997939952e+00 1.621677633872406488e-01 3.946968758565053137e-01
1.513178256115838227e+00 1.611772907485407580e-01 4.111214460412770944e-01
1.593245863959295461e+00 1.583597855193432935e-01 4.221417095699313005e-01
1.648810252405785048e+00 1.540598316970516468e-01 4.273618994970498353e-01
1.676006521332794152e+00 1.486220132790684600e-01 4.263862488772162673e-01
1.672613531430039657e+00 1.423920261164716705e-01 4.190912213862139080e-01
1.642985233664735256e+00 1.357200135068462599e-01 4.064422109732374055e-01
1.593119363330689708e+00 1.289572306173579208e-01 3.896768461030013508e-01
1.529013655721705556e+00 1.224549326151712636e-01 3.700327552402181697e-01
1.456665846131595110e+00 1.165643746674520226e-01 3.487475668496033410e-01
1.382073669854159137e+00 1.116368119413648774e-01 3.270589093958686799e-01
1.311234862183210392e+00 1.080234996040753681e-01 3.062044113437298876e-01
1.250147158412548976e+00 1.060756928227483409e-01 2.874217011578987790e-01
1.204808293835987865e+00 1.061446467645492386e-01 2.719484073030908333e-01
1.181216003747329379e+00 1.085816165966431435e-01 2.610221582440184762e-01
1.183791728652241249e+00 1.136366715291098478e-01 2.555358231851903028e-01
1.210651639706872507e+00 1.211551311537407277e-01 2.550032145628655655e-01
1.258335568180427355e+00 1.308811262102460016e-01 2.585933756893152302e-01
1.323383345342117323e+00 1.425587874383374976e-01 2.654753498768105957e-01
1.402334802461142838e+00 1.559322455777249206e-01 2.748181804376221837e-01
1.491729770806714095e+00 1.707456313681198212e-01 2.857909106840211821e-01
1.588108081648037739e+00 1.867430755492329175e-01 2.975625839282784457e-01
1.688009566254330629e+00 2.036687088607768148e-01 3.093022434826663836e-01
1.787974055894780978e+00 2.212666620424593167e-01 3.201789326594537410e-01
1.884541381838604979e+00 2.392810658339927787e-01 3.293616947709125387e-01
1.974493496981092555e+00 2.574044120089986065e-01 3.361670710881613511e-01
2.055580826867661415e+00 2.751226394315254287e-01 3.405015862778684177e-01
2.125795911742733857e+00 2.918700494769096987e-01 3.424192587456583725e-01
2.183131291850755495e+00 3.070809435204919779e-01 3.419741068971569598e-01
2.225579507436162618e+00 3.201896229376116065e-01 3.392201491379895351e-01
2.251133098743393735e+00 3.306303891036085352e-01 3.342114038737808990e-01
2.257784606016882911e+00 3.378375433938201611e-01 3.270018895101572398e-01
2.243526569501069545e+00 3.412453871835869901e-01 3.176456244527438022e-01
2.206351529440390813e+00 3.402882218482480292e-01 3.061966271071656087e-01
2.144252026079277673e+00 3.344003487631419524e-01 2.927089158790468493e-01
2.056830676789349610e+00 3.233741484284577972e-01 2.773168139284858946e-01
1.950130131068772199e+00 3.084342563767425993e-01 2.604758496485313213e-01
1.831802977354788586e+00 2.911633565325335016e-01 2.427218492943868933e-01
1.709501804084631926e+00 2.731441328203661478e-01 2.245906391212547648e-01
1.590879199695567126e+00 2.559592691647810114e-01 2.066180453843418918e-01
1.483587752624826894e+00 2.411914494903136252e-01 1.893398943388504285e-01
1.395280051309654823e+00 2.304233577215012985e-01 1.732920122399841389e-01
1.333608684187289839e+00 2.252376777828810350e-01 1.590102253429456491e-01
1.306226239694987079e+00 2.272170935989909490e-01 1.470303599029411379e-01
1.320785306269982584e+00 2.379442890943676003e-01 1.378882421751731202e-01
1.381941488162427456e+00 2.583715725132201269e-01 1.319229688588521576e-01
1.482362452874100622e+00 2.869297493784453423e-01 1.286867184292165844e-01
1.611718883719700957e+00 3.214192495326153032e-01 1.275349398055114492e-01
1.759681464013891361e+00 3.596405028182926844e-01 1.278230819069821333e-01
1.915920877071368933e+00 3.993939390780489873e-01 1.289065936528735745e-01
2.070107806206819223e+00 4.384799881544530487e-01 1.301409239624309322e-01
2.211912934734940883e+00 4.746990798900767028e-01 1.308815217548994214e-01
2.331006945970395261e+00 5.058516441274821807e-01 1.304838359495239797e-01
2.417060523227880786e+00 5.297381107092417052e-01 1.283033154655499053e-01
2.459744349822084786e+00 5.441589094779240021e-01 1.236954092222223162e-01
2.452069701876491870e+00 5.476546131465833689e-01 1.161897872657207814e-01
2.400410800212868345e+00 5.417264929668867968e-01 1.060130340576483504e-01
2.314482745199464286e+00 5.286160265906869604e-01 9.356597014070229534e-02
2.204000637204534208e+00 5.105646916698355353e-01 7.924941605758058227e-02
2.078679576596316192e+00 4.898139658561824761e-01 6.346419235097960909e-02
1.948234663743083628e+00 4.686053268015831219e-01 4.661111956360008274e-02
1.822380999013078817e+00 4.491802521578878715e-01 2.909101823813858845e-02
1.710833682774551168e+00 4.337802195769481228e-01 1.130470891729297087e-02
1.623307815395746534e+00 4.246467067106153292e-01 -6.346987856240368653e-03
1.569518497244932531e+00 4.240211912107429981e-01 -2.346325153976040745e-02
1.556695229318415752e+00 4.335681836514985732e-01 -3.975991311510098519e-02
1.582124972896619575e+00 4.526442932817611453e-01 -5.541941633711637560e-02
1.640609018773452776e+00 4.800291457653327321e-01 -7.074085982266702100e-02
1.726948657742807036e+00 5.145023667660075795e-01 -8.602334218860925585e-02
1.835945180598589577e+00 5.548435819475872055e-01 -1.015659620518035294e-01
1.962399878134701847e+00 5.998324169738707967e-01 -1.176678180291088893e-01
2.101114041145047295e+00 6.482484975086577617e-01 -1.346280087373844248e-01
2.246888960423540915e+00 6.988714492157517277e-01 -1.527456327934908487e-01
2.394525926764058621e+00 7.504808977589431107e-01 -1.723197888142839751e-01
2.538826230960516739e+00 8.018564688020355380e-01 -1.936495754166245309e-01
2.675412256386772381e+00 8.518709602204659337e-01 -2.168609338476118753e-01
2.803190709753559773e+00 8.997698534049096697e-01 -2.413871857833829182e-01
2.921889366860223713e+00 9.448917992920260467e-01 -2.664885004843094984e-01
3.031236003506141863e+00 9.865754488184876880e-01 -2.914250472107700052e-01
3.130958395490682111e+00 1.024159452920963220e+00 -3.154569952231405794e-01
3.220784318613218566e+00 1.056982462536123490e+00 -3.378445137817994715e-01
3.300441548673103132e+00 1.084383128600630908e+00 -3.578477721471188255e-01
3.369657861469711690e+00 1.105700102051157208e+00 -3.747269395794770586e-01
3.428161032802409913e+00 1.120272033824370128e+00 -3.877421853392502560e-01
3.475678838470569687e+00 1.127437574856938962e+00 -3.961536786868153359e-01
3.512054630130814648e+00 1.126743968562613274e+00 -3.994107442859626267e-01
3.537594043029351099e+00 1.118572792456975273e+00 -3.977192959441671061e-01
3.552718278350119885e+00 1.103514198629820919e+00 -3.914743866376768633e-01
3.557848537277057854e+00 1.082158339170944172e+00 -3.810710693427387108e-01
3.553406020994102299e+00 1.055095366170145432e+00 -3.669043970356025142e-01
3.539811930685194064e+00 1.022915431717218882e+00 -3.493694226925155855e-01
3.517487467534268664e+00 9.862086879019612562e-01 -3.288611992897257363e-01
3.486853832725265168e+00 9.455652868141651846e-01 -3.057747798034790021e-01
3.448332227442124420e+00 9.015753805436335089e-01 -2.805052172100272467e-01
3.402343852868782825e+00 8.548291211801595235e-01 -2.534475644856166165e-01
3.349333221710877329e+00 8.059273328015463811e-01 -2.250118688651185916e-01
3.289838092760828836e+00 7.555135274376246768e-01 -1.956681546178982434e-01
3.224419536332751690e+00 7.042418891062276476e-01 -1.659014402719415082e-01
3.153638622740778441e+00 6.527666018252025193e-01 -1.361967443552424273e-01
3.078056422299022987e+00 6.017418496123824179e-01 -1.070390853957868538e-01
2.998234005321604112e+00 5.518218164856047991e-01 -7.891348192156351360e-02
2.914732442122634826e+00 5.036606864627037883e-01 -5.230495246055865549e-02
2.828112803016249899e+00 4.579126435615255564e-01 -2.769851554076566136e-02
2.738936158316562341e+00 4.152318717999033404e-01 -5.579189690170714006e-03
2.647763578337690937e+00 3.762725551956750403e-01 1.356800656323757862e-02
2.555358634220961545e+00 3.415195683277490457e-01 2.941488832715858856e-02
2.463294935178891532e+00 3.107805189548217828e-01 4.226063217489006707e-02
2.373348608632720680e+00 2.836936908640841914e-01 5.256126177713749126e-02
2.287295782003694988e+00 2.598973678427307088e-01 6.077280080460480821e-02
2.206912582713055127e+00 2.390298336779539679e-01 6.735127292799641952e-02
2.133975138182061304e+00 2.207293721569518197e-01 7.275270181801513081e-02
2.070259575831952858e+00 2.046342670669167307e-01 7.743311114536551021e-02
2.017542023083976677e+00 1.903828021950429716e-01 8.184852458075146664e-02
1.977598607359376537e+00 1.776132613285238693e-01 8.645496579487735311e-02
1.952205456079405987e+00 1.659639282545559702e-01 9.170845845844630140e-02
1.942057718876292638e+00 1.551208414911900424e-01 9.792090056151804556e-02
1.943526572371719441e+00 1.449610612124760112e-01 1.048276791245771472e-01
1.951902184470889701e+00 1.354094036896139885e-01 1.120200513639364043e-01
1.962474723079005168e+00 1.263906851938065568e-01 1.190892744959066857e-01
1.970534356101269147e+00 1.178297219962537723e-01 1.256266057368008726e-01
1.971371251442884054e+00 1.096513303681565660e-01 1.312233023029310275e-01
1.960275577009053194e+00 1.017803265807158408e-01 1.354706214106095041e-01
1.932537500704976097e+00 9.414152690513180599e-02 1.379598202761485037e-01
1.883447190435859842e+00 8.665974761260680781e-02 1.382821561158597556e-01
1.808294814106905735e+00 7.925980497434099992e-02 1.360288861460557663e-01
1.704564079629414808e+00 7.189259572193336389e-02 1.309803511766120254e-01
1.578512729424600414e+00 6.461333693624907171e-02 1.236732155722838622e-01
1.438591983163023391e+00 5.750332541239591699e-02 1.148332218817443851e-01
1.293253060515211272e+00 5.064385794547981989e-02 1.051861126536648150e-01
1.150947181151702470e+00 4.411623133060732505e-02 9.545763043671692816e-02
1.020125564743024293e+00 3.800174236288443586e-02 8.637351777957168186e-02
9.092394309597382485e-01 3.238168783741877943e-02 7.865951723090254533e-02
8.267399994723708678e-01 2.733736454931636264e-02 7.304137133938043425e-02
7.810784899514592317e-01 2.295006929368369544e-02 7.024482265367708311e-02
7.807061220675444169e-01 1.930109886562704491e-02 7.099561372246453173e-02
8.307811871478645305e-01 1.643831406678347359e-02 7.576219102308051623e-02
9.232908284029385237e-01 1.427583746445404596e-02 8.398386091437730350e-02
1.046929543322165701e+00 1.269435850218126292e-02 9.484265576682465726e-02
1.190391829394959133e+00 1.157456662350752306e-02 1.075206079508934931e-01
1.342372184110691702e+00 1.079715127197551118e-02 1.211997498370512710e-01
1.491565104958775034e+00 1.024280189112759636e-02 1.350621137957687956e-01
1.626665089428607658e+00 9.792207924506269104e-03 1.482897321975157334e-01
1.736366635009598092e+00 9.326058815653973100e-03 1.600646374127628335e-01
1.809364239191125101e+00 8.725044008113273450e-03 1.695688618119777225e-01
1.834352399462599204e+00 7.869852945426620769e-03 1.759844377656312187e-01
1.803779290287731429e+00 6.673119594191612505e-03 1.786915116654102520e-01
1.725107794027482155e+00 5.175256013226286859e-03 1.778626859878707500e-01
1.609554470017110939e+00 3.448618784403625903e-03 1.738686772307851125e-01
1.468335877591911975e+00 1.565564489597084637e-03 1.670802018919271548e-01
1.312668576087147487e+00 -4.015502893203388209e-04 1.578679764690697207e-01
1.153769124838089466e+00 -2.380368970475492830e-03 1.466027174599857652e-01
1.002854083179997913e+00 -4.298534971995403124e-03 1.336551413624471885e-01
8.711400104481712425e-01 -6.083691712006580876e-03 1.193959646742292630e-01
7.698434659778679023e-01 -7.663482608636051387e-03 1.041959038931039583e-01
7.101810091043597728e-01 -8.965551080010672122e-03 8.842567551684425708e-02
6.998223978310852411e-01 -9.935030940494278887e-03 7.242391879097165308e-02
7.322495759722783548e-01 -1.058702059188805500e-02 5.640095844546768461e-02
7.973973815728684356e-01 -1.095411033350753016e-02 4.053503920472870115e-02
8.852006526777880246e-01 -1.106889046466814908e-02 2.500440579315243300e-02
9.855942273319789892e-01 -1.096395128468533389e-02 9.987302935135340676e-03
1.088512943580354886e+00 -1.067188309287453972e-02 -4.338024644922193127e-03
1.183891639467857360e+00 -1.022527618855120952e-02 -1.779333222262376862e-02
1.261665153039418286e+00 -9.656720871030772396e-03 -3.020037507357163989e-02
1.311768322339973647e+00 -8.998807439628615790e-03 -4.138090847336898387e-02
1.324135985414445882e+00 -8.284126193660295429e-03 -5.115668769761608226e-02
1.291861093939494998e+00 -7.521829154899703149e-03 -5.958774175403550033e-02
1.220669234828664074e+00 -6.627313893796260222e-03 -6.768720821305568291e-02
1.119444198982854743e+00 -5.492539032673692152e-03 -7.670650519438887427e-02
9.970697773029975064e-01 -4.009463193856033225e-03 -8.789705081774487616e-02
8.624297606899976598e-01 -2.070044999667035399e-03 -1.025102632028358496e-01
7.244079400447667183e-01 4.337569275694600282e-04 -1.217975604693731229e-01
5.918881062682170846e-01 3.609983965529610025e-03 -1.470103607370680798e-01
4.737540502612512805e-01 7.566677491889967078e-03 -1.794000821256352962e-01
3.788895629248029140e-01 1.241187888432599210e-02 -2.202181427547804660e-01
3.161784351597731746e-01 1.825362952051416340e-02 -2.707159607442174987e-01
2.917684848795039643e-01 2.511451807616610701e-02 -3.312781122452145843e-01
3.008637945995692453e-01 3.267532730874390945e-02 -3.988218551360145914e-01
3.359325521236634637e-01 4.053138971852949385e-02 -4.693976301265916362e-01
3.894429452554828419e-01 4.827803780580676440e-02 -5.390558779269372103e-01
4.538631617987239908e-01 5.551060407085905285e-02 -6.038470392470379755e-01
5.216613895570894055e-01 6.182442101397013501e-02 -6.598215547968843131e-01
5.853058163342638176e-01 6.681482113542215606e-02 -7.030298652864525044e-01
6.372646299339493892e-01 7.007713693549903755e-02 -7.295224114257343739e-01
6.700060181598428422e-01 7.120670091448404182e-02 -7.353496339247156399e-01
6.759981688156402324e-01 6.979884557266022305e-02 -7.165619734933801332e-01
6.500290414547398310e-01 6.561479676546222439e-02 -6.708338185483823102e-01
5.961652844226861259e-01 5.907932529205816435e-02 -6.023350695699178914e-01
5.207931187156631392e-01 5.078308106863745758e-02 -5.168594353662793184e-01
4.302987653298462889e-01 4.131671401138860972e-02 -4.202006247457510946e-01
3.310684452614357509e-01 3.127087403650274239e-02 -3.181523465166433140e-01
2.294883795066078869e-01 2.123621106016844104e-02 -2.165083094872406744e-01
1.319447890615466079e-01 1.180337499857510818e-02 -1.210622224658363666e-01
4.482389492242859486e-02 3.563015767911479302e-03 -3.760779426071650389e-02
-2.548808191454643435e-02 -2.894216715631552084e-03 2.806126631981098463e-02
-7.260492045320299237e-02 -6.977672535865394460e-03 7.015125046746109594e-02
-9.185407853103245979e-02 -8.259031618264094446e-03 8.448197622635977844e-02
-8.541772932022759224e-02 -6.959293254955515977e-03 7.332736905030827479e-02
-5.719172482665292601e-02 -3.461786579730577462e-03 4.057488124552326159e-02
-1.107191705618157385e-02 1.850159273618768793e-03 -9.888034881769045339e-03
4.904584198532008221e-02 8.593215171301443051e-03 -7.417392702535073601e-02
1.192657002919841197e-01 1.638405197952610970e-02 -1.483953428790013573e-01
1.956918058579495134e-01 2.483934056450223804e-02 -2.286648301365080127e-01
2.744283066773346436e-01 3.357575179243699193e-02 -3.110949364916360538e-01
3.515793507442780408e-01 4.220995652953979382e-02 -3.917982096381722457e-01
4.232490860529116716e-01 5.035862564201933067e-02 -4.668871972698962480e-01
4.864609753546578763e-01 5.772696435142603971e-02 -5.333970515396652123e-01
5.419158982442850991e-01 6.437433049892854475e-02 -5.920535008155550782e-01
5.912341279826687224e-01 7.044862388032936684e-02 -6.445049571159066071e-01
6.360359378306786882e-01 7.609774429143040253e-02 -6.923998324590542319e-01
6.779416010491876587e-01 8.146959152803395776e-02 -7.373865388633358275e-01
7.185713908990581933e-01 8.671206538594095070e-02 -7.811134883470776114e-01
7.595455806411636202e-01 9.197306566095372893e-02 -8.252290929286181242e-01
8.024844435363731598e-01 9.740049214887412654e-02 -8.713817646262911332e-01
8.490082528455609179e-01 1.031422446455045605e-01 -9.212199154584358451e-01
9.007372818295883432e-01 1.093462229466458657e-01 -9.763919574433777004e-01
9.586798197055474979e-01 1.160933232769725959e-01 -1.037915871967936443e+00
1.021396184497143089e+00 1.231964237426450559e-01 -1.104287881819066008e+00
1.086834692675050507e+00 1.304013969616814039e-01 -1.173373761115185765e+00
1.152943660709927265e+00 1.374541155520979385e-01 -1.243039283974694209e+00
1.217671405072448199e+00 1.441004521319128040e-01 -1.311150224516011376e+00
1.278966242233282369e+00 1.500862793191435896e-01 -1.375572356857548861e+00
1.334776488663099725e+00 1.551574697318078289e-01 -1.434171455117719818e+00
1.383050460832572881e+00 1.590598959879233609e-01 -1.484813293414940061e+00
1.421736475212362238e+00 1.615394307055069700e-01 -1.525363645867612972e+00
1.448782848273141743e+00 1.623419465025766617e-01 -1.553688286594156587e+00
1.462707103864711478e+00 1.612935906052380963e-01 -1.568252104155242188e+00
1.464303562783318524e+00 1.585416040786326586e-01 -1.569916410599221601e+00
1.454935736919420242e+00 1.543135002993483162e-01 -1.560141615276149807e+00
1.435967138163473766e+00 1.488367926439724820e-01 -1.540388127536082674e+00
1.408761278405937345e+00 1.423389944890928738e-01 -1.512116356729075628e+00
1.374681669537264783e+00 1.350476192112964324e-01 -1.476786712205179430e+00
1.335091823447918769e+00 1.271901801871720417e-01 -1.435859603314456834e+00
1.291355252028355549e+00 1.189941907933067256e-01 -1.390795439406959488e+00
1.244835467169030707e+00 1.106871644062880633e-01 -1.343054629832742153e+00
1.196895980760398270e+00 1.024966144027029818e-01 -1.294097583941856477e+00
1.148775155713455343e+00 9.459941373314371960e-02 -1.245237635474528926e+00
1.101210780504098485e+00 8.696988233703162319e-02 -1.197199840978287799e+00
1.054815505369921302e+00 7.953170407410808940e-02 -1.150562194013887263e+00
1.010201980548514511e+00 7.220856280411380723e-02 -1.105902688142078150e+00
9.679828562774804857e-01 6.492414238679147798e-02 -1.063799316923623062e+00
9.287707827944088335e-01 5.760212668188176288e-02 -1.024830073919272833e+00
8.931784103368939354e-01 5.016619954912605872e-02 -9.895729526897812933e-01
8.618183891425275078e-01 4.254004484826505450e-02 -9.586059467959012759e-01
8.353033694489091499e-01 3.464734643904143763e-02 -9.325070497983920514e-01
8.142460014936300228e-01 2.641178818119592486e-02 -9.118542552580057858e-01
7.988584637330595761e-01 1.771701889767426583e-02 -8.969428392908472825e-01
7.877510474986694211e-01 8.286547264239812333e-03 -8.869372082344222363e-01
7.791335723407045721e-01 -2.196153080140689825e-03 -8.807190509815864266e-01
7.712158578094137074e-01 -1.404760849649765685e-02 -8.771700564251969645e-01
7.622077234550418412e-01 -2.758434534586423625e-02 -8.751719134581095183e-01
7.503189888278358755e-01 -4.312288998927266137e-02 -8.736063109731798670e-01
7.337594734780403805e-01 -6.097976878775693277e-02 -8.713549378632641229e-01
7.107389969559047005e-01 -8.147150810234612961e-02 -8.672994830212188422e-01
6.794673788116741830e-01 -1.049146342940740217e-01 -8.603216353398995819e-01
6.381544385955950638e-01 -1.316256737239728247e-01 -8.493030837121630094e-01
5.857404360941212973e-01 -1.616066540561553466e-01 -8.333292020768016117e-01
5.240875174296378836e-01 -1.936015541785991445e-01 -8.123001395219726639e-01
4.557883316576074040e-01 -2.260398272875692172e-01 -7.863197476649455009e-01
3.834355278334972694e-01 -2.573509265793281209e-01 -7.554918781229914559e-01
3.096217550127676743e-01 -2.859643052501407157e-01 -7.199203825133771995e-01
2.369396622508988526e-01 -3.103094164962643120e-01 -6.797091124533797268e-01
1.679818986033514427e-01 -3.288157135139641585e-01 -6.349619195602673738e-01
1.053411131255922312e-01 -3.399126494995027281e-01 -5.857826554513101414e-01
5.160995487308411150e-02 -3.420296776491422164e-01 -5.322751717437744778e-01
9.381072901303705996e-03 -3.335962511591446522e-01 -4.745433200549401542e-01
-1.958222847231452443e-02 -3.138504833632384527e-01 -4.131560377142649565e-01
-3.683407133826587659e-02 -2.852651744172470805e-01 -3.505426315125866887e-01
-4.475794625315603070e-02 -2.511218077507391677e-01 -2.895975072593284239e-01
-4.573734377358898429e-02 -2.147018667932926450e-01 -2.332150707639295550e-01
-4.215575445617118777e-02 -1.792868349744765055e-01 -1.842897278358130997e-01
-3.639666885750787034e-02 -1.481581957238624625e-01 -1.457158842844074598e-01
-3.084357753420430975e-02 -1.245974324710222708e-01 -1.203879459191410234e-01
-2.787997104286576294e-02 -1.118860286455271580e-01 -1.112003185494423174e-01
-2.988933994009813216e-02 -1.133054676769512797e-01 -1.210474079847415341e-01
-3.925517478250635517e-02 -1.321372329948647395e-01 -1.528236200344656459e-01
-5.767407785129711334e-02 -1.704847799006123377e-01 -2.081807636004392725e-01
-8.409513762986650653e-02 -2.257395185894640888e-01 -2.838003310555359815e-01
-1.167805739779547297e-01 -2.941148648316205261e-01 -3.751212534154787503e-01
-1.539926067553085698e-01 -3.718242343972960051e-01 -4.775824616960095970e-01
-1.939934558216730165e-01 -4.550810430567010512e-01 -5.866228869128650159e-01
-2.350453410367965290e-01 -5.400987065800534337e-01 -6.976814600817909939e-01
-2.754104822604167557e-01 -6.230906407375483846e-01 -8.061971122185043193e-01
-3.133510993522821142e-01 -7.002702612994040621e-01 -9.076087743387514228e-01
-3.471294121721374415e-01 -7.678509840358306304e-01 -9.973553774582681886e-01
-3.750076405797300172e-01 -8.220462247170423620e-01 -1.070875852592796829e+00
-3.956193818870456513e-01 -8.599225746386448543e-01 -1.124586344124600235e+00
-4.090836794652655262e-01 -8.819591807437333619e-01 -1.158811682155926892e+00
-4.158909222636000269e-01 -8.894882922753027943e-01 -1.174853826284261604e+00
-4.165314992312589282e-01 -8.838421584763467287e-01 -1.174014736107087842e+00
-4.114957993174522266e-01 -8.663530285898608518e-01 -1.157596371221890408e+00
-4.012742114713904185e-01 -8.383531518588394071e-01 -1.126900691226153661e+00
-3.863571246422833894e-01 -8.011747775262774152e-01 -1.083229655717362183e+00
-3.672349277793398037e-01 -7.561501548351652335e-01 -1.027885224292995670e+00
-3.443980098317729333e-01 -7.046115330285050993e-01 -9.621693565505475831e-01
-3.183367597487913314e-01 -6.478911613492880361e-01 -8.873840120874980641e-01
-2.896389683871426479e-01 -5.874093929141641635e-01 -8.051258122116681237e-01
-2.592820342337238682e-01 -5.249389963344051058e-01 -7.181700250722234946e-01
-2.283407576829668550e-01 -4.623408440949317022e-01 -6.295865805286587902e-01
-1.978899391293117982e-01 -4.014758086806824444e-01 -5.424454084404924936e-01
-1.690043789671903385e-01 -3.442047625765785601e-01 -4.598164386672188297e-01
-1.427588775910371421e-01 -2.923885782675468836e-01 -3.847696010683406276e-01
-1.202282353952849048e-01 -2.478881282385107521e-01 -3.203748255033549430e-01
-1.024872527743722062e-01 -2.125642849744050766e-01 -2.697020418317758184e-01
-9.061073012273143656e-02 -1.882779209601523340e-01 -2.358211799130994213e-01
-8.567346783479710959e-02 -1.768899086806794418e-01 -2.218021696068280812e-01
-8.842212528960004259e-02 -1.797253680958466604e-01 -2.296735507500716478e-01
-9.829074147420525931e-02 -1.959663170952527789e-01 -2.572981243200778145e-01
-1.143851861944958637e-01 -2.242589750574476570e-01 -3.014972118846422355e-01
-1.358113292563550567e-01 -2.632495613609816543e-01 -3.590921350115613975e-01
-1.616750404656685514e-01 -3.115842953844096264e-01 -4.269042152686376435e-01
-1.910821896283148580e-01 -3.679093965062731342e-01 -5.017547742236548869e-01
-2.231386465501793426e-01 -4.308710841051265339e-01 -5.804651334444151933e-01
-2.569502810371451784e-01 -4.991155775595197963e-01 -6.598566144987145776e-01
-2.916229628950986474e-01 -5.712890962480099422e-01 -7.367505389543556049e-01
-3.262625619299167057e-01 -6.460378595491342857e-01 -8.079682283791208564e-01
-3.601394435987663734e-01 -7.220080172231309046e-01 -8.708229145314662079e-01
-3.931819653765179501e-01 -7.978454405529755711e-01 -9.245954980799805378e-01
-4.254829850956509674e-01 -8.721959312013395360e-01 -9.690588039577733293e-01
-4.571353605886364080e-01 -9.437052908308748433e-01 -1.003985657097943296e+00
-4.882319496879538034e-01 -1.011019321104253965e+00 -1.029148882433601031e+00
-5.188656102260797987e-01 -1.072783823684141602e+00 -1.044321304897852576e+00
-5.491292000354913716e-01 -1.127644600233203453e+00 -1.049275749423804749e+00
-5.791155769486674432e-01 -1.174247452414108217e+00 -1.043785040944562148e+00
-6.089175987980794957e-01 -1.211238181889512600e+00 -1.027622004393232258e+00
-6.386281234162070053e-01 -1.237262590322087075e+00 -1.000559464702921675e+00
-6.681269750733876966e-01 -1.251298520417409632e+00 -9.626993086409882938e-01
-6.964418559811977882e-01 -1.253651960053310255e+00 -9.154596514828600151e-01
-7.223874408839193739e-01 -1.244960928650897136e+00 -8.605876609238293229e-01
-7.447784045258412089e-01 -1.225863445631279136e+00 -7.998305046591767109e-01
-7.624294216512504940e-01 -1.196997530415565558e+00 -7.349353503841863366e-01
-7.741551670044346523e-01 -1.159001202424860821e+00 -6.676493657941363624e-01
-7.787703153296786640e-01 -1.112512481080280224e+00 -5.997197185843230471e-01
-7.750895413712705073e-01 -1.058169385802930407e+00 -5.328935764500248862e-01
-7.619275198734969390e-01 -9.966099360139186736e-01 -4.689181070865259260e-01
-7.380989255806421623e-01 -9.284721511343483336e-01 -4.095404781891052726e-01
-7.031444184696149513e-01 -8.546692511184172947e-01 -3.561912942285319073e-01
-6.595084748268379427e-01 -7.772152108123283609e-01 -3.090349611179661893e-01
-6.103614938622148323e-01 -6.983991819757300323e-01 -2.679193487157220943e-01
-5.588738747856447642e-01 -6.205103163682635925e-01 -2.326923268801103784e-01
-5.082160168070406492e-01 -5.458377657495915303e-01 -2.032017654694507902e-01
-4.615583191363014093e-01 -4.766706818793551848e-01 -1.792955343420536696e-01
-4.220711809833308514e-01 -4.152982165172028894e-01 -1.608215033562326590e-01
-3.929250015580307842e-01 -3.640095214227790921e-01 -1.476275423703004575e-01
-3.772901800703097885e-01 -3.250937483557412300e-01 -1.395615212425730389e-01
-3.783371157300687293e-01 -3.008400490757328072e-01 -1.364713098313626582e-01
-3.980221991704011031e-01 -2.926496023214696374e-01 -1.380666084181788600e-01
-4.334457867171602752e-01 -2.983716947479380099e-01 -1.435044389773147411e-01
-4.804942261193940745e-01 -3.149676399891932488e-01 -1.518036539062600221e-01
-5.350538651261373957e-01 -3.393987516792860148e-01 -1.619831056025022586e-01
-5.930110514864371796e-01 -3.686263434522709659e-01 -1.730616464635310325e-01
-6.502521329493368141e-01 -3.996117289422019270e-01 -1.840581288868352039e-01
-7.026634572638839060e-01 -4.293162217831348326e-01 -1.939914052699046876e-01
-7.461313721791121845e-01 -4.547011356091181233e-01 -2.018803280102265951e-01
-7.765422254440700334e-01 -4.727277840542080112e-01 -2.067437495052908136e-01
-7.897823648078007297e-01 -4.803574807524583212e-01 -2.076005221525863698e-01
-7.832254586037300514e-01 -4.755196121912508289e-01 -2.038181369861271075e-01
-7.601947128238014662e-01 -4.600160224555710498e-01 -1.961586994351030844e-01
-7.255007817075691534e-01 -4.366167115776580787e-01 -1.857329834904072607e-01
-6.839543194945878479e-01 -4.080916795897513438e-01 -1.736517631429329300e-01
-6.403659804244078435e-01 -3.772109265240872200e-01 -1.610258123835721367e-01
-5.995464187365912023e-01 -3.467444524129102978e-01 -1.489659052032203668e-01
-5.663062886706888843e-01 -3.194622572884573408e-01 -1.385828155927697203e-01
-5.454562444662546250e-01 -2.981343411829672219e-01 -1.309873175431133241e-01
-5.418069403628438252e-01 -2.855307041286787029e-01 -1.272901850451443329e-01
-5.601690306000113306e-01 -2.844213461578333213e-01 -1.286021920897566506e-01
-6.034829815506959072e-01 -2.965874467085670152e-01 -1.356152742046788096e-01
-6.672084011076060417e-01 -3.198548462614385635e-01 -1.473459890986829612e-01
-7.449346557895734078e-01 -3.510605364121190952e-01 -1.623920440341426741e-01
-8.302511121154081408e-01 -3.870415087562714129e-01 -1.793511462734272421e-01
-9.167471366039414704e-01 -4.246347548895662016e-01 -1.968210030789100118e-01
-9.980120957739977428e-01 -4.606772664076718704e-01 -2.133993217129630249e-01
-1.067635356144401415e+00 -4.920060349062567173e-01 -2.276838094379584343e-01
-1.119206284233980941e+00 -5.154580519809907058e-01 -2.382721735162690313e-01
-1.146314246561551009e+00 -5.278703092275377484e-01 -2.437621212102649704e-01
-1.142548609645941404e+00 -5.260797982415686969e-01 -2.427513597823194591e-01
-1.103666209927022246e+00 -5.079616005181596394e-01 -2.343041017288959027e-01
-1.034093639506103113e+00 -4.755430977504593315e-01 -2.193505537893684632e-01
-9.404248983946323914e-01 -4.318897318314685041e-01 -1.992874145905761119e-01
-8.292539866040432583e-01 -3.800669446541791729e-01 -1.755113827593541287e-01
-7.071749041457725538e-01 -3.231401781115862404e-01 -1.494191569225387095e-01
-5.807816510312457936e-01 -2.641748740966790021e-01 -1.224074357069636354e-01
-4.566682272719232438e-01 -2.062364745024625468e-01 -9.587291773947009821e-02
-3.414286328792308645e-01 -1.523904212219266419e-01 -7.121230164689193454e-02
-2.416568678646053570e-01 -1.057021561480657318e-01 -4.982228605606538185e-02
-1.639469322394782047e-01 -6.923712117387176290e-02 -3.309956959382542863e-02
-1.132412851929359282e-01 -4.529197889692761214e-02 -2.209193093215861339e-02
-8.787650612427233554e-02 -3.308840670001302747e-02 -1.645152881843041717e-02
-8.453777535722740988e-02 -3.107936865251781366e-02 -1.548163199191009837e-02
-9.991027321554322993e-02 -3.771782882383256652e-02 -1.848550919186731090e-02
-1.306791800229568368e-01 -5.145675128334579324e-02 -2.476642915757075111e-02
-1.735296761032088242e-01 -7.074910010044749287e-02 -3.362766062828974334e-02
-2.251469417800390505e-01 -9.404783934452734528e-02 -4.437247234329354251e-02
-2.822161573771928555e-01 -1.198059330849775145e-01 -5.630413304185249990e-02
-3.414225032183997310e-01 -1.464763453911829827e-01 -6.872591146323367428e-02
-3.994511596274046283e-01 -1.725120403325357821e-01 -8.094107634670735796e-02
-4.538652414967212501e-01 -1.967540172712362589e-01 -9.242477643702141921e-02
-5.057396019939585097e-01 -2.195954167407274671e-01 -1.033396805008383323e-01
-5.570270288555032590e-01 -2.418174145672647712e-01 -1.140203373103001044e-01
-6.096803098177296931e-01 -2.642011865770982348e-01 -1.248012956375460225e-01
-6.656522326170245529e-01 -2.875279085964832504e-01 -1.360171042547181075e-01
-7.268955849897706933e-01 -3.125787564516734340e-01 -1.480023119339573812e-01
-7.953631546723567425e-01 -3.401349059689250387e-01 -1.610914674474062114e-01
-8.730077294011538980e-01 -3.709775329744869343e-01 -1.756191195672034411e-01
-9.617820969125503439e-01 -4.058878132946149853e-01 -1.919198170654912716e-01
-1.063639044942928047e+00 -4.456469227555627244e-01 -2.103281087144106554e-01
-1.179354655063330481e+00 -4.905746455922037064e-01 -2.309725597741980885e-01
-1.304997982184030070e+00 -5.391451204690458354e-01 -2.531577660972854082e-01
-1.435461274048144498e+00 -5.893710548559670803e-01 -2.759823223437377071e-01
-1.565636778398781015e+00 -6.392651562228414130e-01 -2.985448231736185232e-01
-1.690416742979059084e+00 -6.868401320395470799e-01 -3.199438632469933097e-01
-1.804693415532063083e+00 -7.301086897759497818e-01 -3.392780372239215247e-01
-1.903359043800913364e+00 -7.670835369019276540e-01 -3.556459397644686771e-01
-1.981305875528717175e+00 -7.957773808873549459e-01 -3.681461655286981660e-01
-2.033426158458585764e+00 -8.142029292021070175e-01 -3.758773091766740571e-01
-2.054612140333617720e+00 -8.203728893160543434e-01 -3.779379653684582507e-01
-2.041720073835350924e+00 -8.130700806758550669e-01 -3.737757960081213859e-01
-1.999462343781088780e+00 -7.941578147017679390e-01 -3.642347519496886843e-01
-1.934515396117985286e+00 -7.662695368242262717e-01 -3.505078612782270286e-01
-1.853555676793215756e+00 -7.320386924736713707e-01 -3.337881520788069656e-01
-1.763259631753936851e+00 -6.940987270805365483e-01 -3.152686524364956555e-01
-1.670303706947311673e+00 -6.550830860752585583e-01 -2.961423904363613135e-01
-1.581364348320502433e+00 -6.176252148882731552e-01 -2.776023941634722103e-01
-1.503118001820671568e+00 -5.843585589500167599e-01 -2.608416917028963944e-01
-1.442241113394981289e+00 -5.579165636909249049e-01 -2.470533111397020531e-01
-1.405410128990589369e+00 -5.409326745414317905e-01 -2.374302805589560694e-01
-1.397415212265742390e+00 -5.352965183848068520e-01 -2.328283734943075445e-01
-1.415500965974836767e+00 -5.399222776641910970e-01 -2.327542680800593622e-01
-1.455025494703118483e+00 -5.529802311474086851e-01 -2.363773493011649962e-01
-1.511346903035834854e+00 -5.726406576022837758e-01 -2.428670021425779202e-01
-1.579823295558231866e+00 -5.970738357966403065e-01 -2.513926115892514690e-01
-1.655812776855556612e+00 -6.244500444983022147e-01 -2.611235626261392828e-01
-1.734673451513054632e+00 -6.529395624750933269e-01 -2.712292402381945577e-01
-1.811763424115986343e+00 -6.807126684948429096e-01 -2.808790294103724605e-01
-1.882440799249570418e+00 -7.059396413253645752e-01 -2.892423151276230509e-01
-1.942063681499066163e+00 -7.267907597344870352e-01 -2.954884823749012734e-01
-1.987161881580819855e+00 -7.418912264671468915e-01 -2.989802896992574954e-01
-2.018952168828610283e+00 -7.516859922393890336e-01 -2.998540120262928044e-01
-2.039823085754798981e+00 -7.570749577760750304e-01 -2.984393089089457107e-01
-2.052163174871745710e+00 -7.589580238020658953e-01 -2.950658399001547250e-01
-2.058360978691808008e+00 -7.582350910422220869e-01 -2.900632645528582465e-01
-2.060805039727346966e+00 -7.558060602214042856e-01 -2.837612424199936201e-01
-2.061883900490721899e+00 -7.525708320644748373e-01 -2.764894330545015211e-01
-2.063986103494292568e+00 -7.494293072962939783e-01 -2.685774960093195163e-01
-2.069500191250418730e+00 -7.472813866417228335e-01 -2.603550908373859496e-01
-2.080814706271460146e+00 -7.470269708256224162e-01 -2.521518770916392760e-01
-2.099283706791342130e+00 -7.492072849623213626e-01 -2.442181340721666649e-01
-2.122123313930254884e+00 -7.529288517240196876e-01 -2.364866200676496721e-01
-2.145515164529953278e+00 -7.569395181723844734e-01 -2.288107131139184014e-01
-2.165640895432194846e+00 -7.599871313690835795e-01 -2.210437912468031507e-01
-2.178682143478735789e+00 -7.608195383757844210e-01 -2.130392325021326361e-01
-2.180820545511326980e+00 -7.581845862541536363e-01 -2.046504149157398755e-01
-2.168237738371726842e+00 -7.508301220658595287e-01 -1.957307165234535573e-01
-2.137115358901692019e+00 -7.375039928725695138e-01 -1.861335153611040627e-01
-2.083635043942978715e+00 -7.169540457359510066e-01 -1.757121894645214677e-01
-2.003978430337340910e+00 -6.879281277176715337e-01 -1.643201168695359315e-01
-1.896278773100001036e+00 -6.498140896044337644e-01 -1.518981437429335057e-01
-1.766475576598257824e+00 -6.045597238415141295e-01 -1.387369787655331754e-01
-1.622459851703556888e+00 -5.547527899789558292e-01 -1.252147937442839865e-01
-1.472122609287422224e+00 -5.029810475668299308e-01 -1.117097604861422150e-01
-1.323354860221301443e+00 -4.518322561551800232e-01 -9.860005079805692074e-02
-1.184047615376666140e+00 -4.038941752940587437e-01 -8.626383648697953654e-02
-1.062091885624989018e+00 -3.617545645335186189e-01 -7.507928935986148133e-02
-9.653786818377414480e-01 -3.280011834236123414e-01 -6.542458122365420181e-02
-9.017990148863952449e-01 -3.052217915143920490e-01 -5.767788388530908916e-02
-8.792438956424220020e-01 -2.960041483559104902e-01 -5.221736915177759702e-02
-9.027751801924479569e-01 -3.020182469245629719e-01 -4.928219441993367256e-02
-9.661387530072758079e-01 -3.212632239561900027e-01 -4.855549126330680615e-02
-1.060251667525408559e+00 -3.508205546370138928e-01 -4.958139275337396235e-02
-1.176030977185348769e+00 -3.877717141532573408e-01 -5.190403196161286203e-02
-1.304393735425598777e+00 -4.291981776911430457e-01 -5.506754195950119141e-02
-1.436256995684661364e+00 -4.721814204368938173e-01 -5.861605581851670604e-02
-1.562537811401039090e+00 -5.138029175767321322e-01 -6.209370661013706438e-02
-1.674153236013234070e+00 -5.511441442968807447e-01 -6.504462740584000813e-02
-1.762020322959749086e+00 -5.812865757835624647e-01 -6.701295127710324429e-02
-1.817056125679093803e+00 -6.013116872230024335e-01 -6.754281129540440354e-02
-1.832737181411618232e+00 -6.090900693585206138e-01 -6.629994768086054646e-02
-1.812778548441299042e+00 -6.056489557812534397e-01 -6.343655708261143611e-02
-1.763455061780403454e+00 -5.928047859517133755e-01 -5.922645721606607100e-02
-1.691041556441200244e+00 -5.723739993304133300e-01 -5.394346579663365782e-02
-1.601812867435957299e+00 -5.461730353778659897e-01 -4.786140053972324365e-02
-1.502043829776942285e+00 -5.160183335545838190e-01 -4.125407916074394499e-02
-1.398009278476424200e+00 -4.837263333210799487e-01 -3.439531937510486442e-02
-1.295984048546652279e+00 -4.511134741378607926e-01 -2.755893889821390413e-02
-1.202242974999933045e+00 -4.199961954654513607e-01 -2.101875544548264044e-02
-1.123060892848515069e+00 -3.921909367643582889e-01 -1.504858673231895989e-02
-1.062963091895779755e+00 -3.690348209425561299e-01 -9.866791256291864223e-03
-1.019476480887133718e+00 -3.499476498436551175e-01 -5.469884296715426045e-03
-9.883783232464528057e-01 -3.338698813312296343e-01 -1.798918741570929708e-03
-9.654458823976133086e-01 -3.197419732688542848e-01 1.205052521160329595e-03
-9.464564217644904076e-01 -3.065043835201031186e-01 3.600976603497056238e-03
-9.271872047709567299e-01 -2.930975699485482977e-01 5.447800617458243427e-03
-9.034154948408942287e-01 -2.784619904177687011e-01 6.804471675061952822e-03
-8.709185553981754202e-01 -2.615381027913362688e-01 7.729936888327266532e-03
-8.254736498666759292e-01 -2.412663649328254944e-01 8.283143369272889800e-03
-7.628580416702721578e-01 -2.165872347058107328e-01 8.523038229917536540e-03
-6.803473995069669877e-01 -1.868466131338344383e-01 8.505471753647178210e-03
-5.812110131712735495e-01 -1.530121738803115750e-01 8.273906909316878014e-03
-4.702165777318322859e-01 -1.164570337686253176e-01 7.868709837148954098e-03
-3.521317882572838620e-01 -7.855430962215868840e-02 7.330246677365739351e-03
-2.317243398162472656e-01 -4.067711826428816596e-02 6.698883570189441763e-03
-1.137619274774069600e-01 -4.198576518410591235e-03 6.014986655842618005e-03
-3.012246309381474973e-03 2.950819879209788318e-02 5.318922074547483871e-03
9.575700861918819140e-02 5.907009084385394376e-02 4.651055966526373119e-03
1.777781422396617350e-01 8.311398281347465167e-02 4.051754472001608230e-03
2.382834594833986297e-01 1.002667578775768148e-01 3.561383731195516458e-03
2.741262266437656803e-01 1.096781520213974681e-01 3.212427424747457162e-03
2.886433699605074898e-01 1.125892526297546242e-01 3.005840297027925767e-03
2.867926842858752323e-01 1.107639699790642362e-01 2.934695083849497843e-03
2.735319644721228571e-01 1.059662143457437006e-01 2.992064521024773681e-03
2.538190053715042582e-01 9.995989600620958093e-02 3.171021344366308035e-03
2.326116018362720805e-01 9.450892523687842717e-02 3.464638289686675175e-03
2.148675487186790245e-01 9.137721231416674750e-02 3.865988092798454574e-03
2.055446408709778461e-01 9.232866751449111953e-02 4.368143489514223973e-03
2.096006731454211347e-01 9.912720111426795433e-02 4.964177215646557208e-03
2.319934403942616741e-01 1.135367233899138711e-01 5.647162007008034619e-03
2.759068442004251609e-01 1.366195180935996512e-01 6.404608808762419017e-03
3.374296190697957387e-01 1.666315234654527078e-01 7.201782676433688031e-03
4.108768092333009991e-01 2.011271315115507330e-01 7.998387511357271662e-03
4.905634589218628716e-01 2.376607342379681020e-01 8.754127214868479348e-03
5.708046123664030080e-01 2.737867236507791069e-01 9.428705688302611854e-03
6.459153137978433934e-01 3.070594917560581782e-01 9.981826832994976015e-03
7.102106074471055130e-01 3.350334305598796636e-01 1.037319455028087693e-02
7.580055375451113520e-01 3.552629320683178826e-01 1.056251274149561971e-02
7.836151483227826731e-01 3.653023882874472661e-01 1.050948530797450944e-02
7.813544840110381307e-01 3.627061912233403573e-01 1.017381615105276277e-02
7.477041801117887410e-01 3.459908125257686873e-01 9.534458634220100912e-03
6.878077328895930709e-01 3.175212626281454509e-01 8.647368375561589535e-03
6.089744777264293196e-01 2.806247417151565560e-01 7.587752658368794936e-03
5.185137500042773517e-01 2.386284499714887153e-01 6.430818765933287752e-03
4.237348851051156440e-01 1.948595875818280865e-01 5.251773981546636015e-03
3.319472184109234503e-01 1.526453547308609382e-01 4.125825588500407759e-03
2.504600853036800245e-01 1.153129516032737334e-01 3.128180870086173619e-03
1.865828211653545454e-01 8.618957838374841085e-02 2.334047109595381066e-03
1.476247613779502754e-01 6.860243525698220268e-02 1.818631590319893035e-03
1.408952413234330070e-01 6.587872240765539622e-02 1.657141595551117532e-03
1.714235134303776220e-01 8.029933639661575306e-02 1.901285387573694013e-03
2.351182373752252752e-01 1.099598395476968915e-01 2.508772455356552637e-03
3.256078594098871237e-01 1.519094306892075086e-01 3.413811922198459626e-03
4.365208257862752683e-01 2.031973086494563707e-01 4.550612911398188576e-03
5.614855827563004498e-01 2.608726722567521472e-01 5.853384546254501372e-03
6.941305765718988052e-01 3.219847203394146651e-01 7.256335950066422277e-03
8.280842534849333081e-01 3.835826517257303059e-01 8.693676246132214444e-03
9.569750597473388742e-01 4.427156652440187301e-01 1.009961455775088522e-02
1.074431441611026550e+00 4.964329597225883850e-01 1.140836000822120257e-02
1.174081845327908047e+00 5.417837339897481064e-01 1.255412172084193617e-02
1.250957022180001044e+00 5.764732657111769631e-01 1.348411167393055894e-02
1.305696943569748303e+00 6.008311479020344015e-01 1.419755326587937745e-02
1.340343885929697443e+00 6.158430524148503782e-01 1.470667275009940322e-02
1.356940125692396748e+00 6.224946511021549611e-01 1.502369638000164431e-02
1.357527939290394503e+00 6.217716158164772189e-01 1.516085040899712091e-02
1.344149603156238326e+00 6.146596184103474414e-01 1.513036109049680292e-02
1.318847393722477834e+00 6.021443307362959185e-01 1.494445467791172960e-02
1.283663587421662422e+00 5.852114246468528291e-01 1.461535742465292116e-02
1.240640460686339708e+00 5.648465719945480190e-01 1.415529558413138739e-02
1.191820289949058198e+00 5.420354446319111119e-01 1.357649540975813460e-02
1.139289810200642350e+00 5.177629894016204659e-01 1.289801570703215210e-02
1.085313585577214690e+00 4.930112531899163986e-01 1.216624470789197734e-02
1.032200636229296808e+00 4.687615579146676148e-01 1.143440280541341454e-02
9.822599823074401604e-01 4.459952254937556426e-01 1.075571039267265647e-02
9.378006439621670021e-01 4.256935778450489094e-01 1.018338786274550906e-02
9.011316413440089157e-01 4.088379368864204499e-01 9.770655608707899675e-03
8.745619946034977055e-01 3.964096245357429660e-01 9.570734023635762630e-03
8.604007238911655087e-01 3.893899627108894923e-01 9.636843500605028756e-03
8.609568493575431303e-01 3.887602733297325086e-01 1.002220443269162369e-02
8.785393911531629296e-01 3.955018783101451052e-01 1.078003721297148519e-02
9.142547351746413975e-01 4.100814643165482942e-01 1.193434916694763662e-02
9.643990055561423302e-01 4.309072947868258785e-01 1.339230203597910167e-02
1.024065829800617111e+00 4.558730567973746650e-01 1.503184783683133262e-02
1.088348835411012461e+00 4.828724374245896844e-01 1.673093858626960306e-02
1.152341649890275654e+00 5.097991237448658008e-01 1.836752630105920048e-02
1.211137900741352746e+00 5.345468028345982114e-01 1.981956299796539672e-02
1.259831215467191123e+00 5.550091617701817803e-01 2.096500069375347927e-02
1.293515221570736839e+00 5.690798876280113161e-01 2.168179140518871825e-02
1.307283546554937503e+00 5.746526674844820715e-01 2.184788714903639767e-02
1.296229817922734728e+00 5.696211884159869676e-01 2.134123994206164540e-02
1.257433127811704132e+00 5.527193808139271303e-01 2.009989051103974397e-02
1.195914881347711178e+00 5.260423406516563372e-01 1.830224817639295593e-02
1.118682175522641042e+00 4.925255033812508954e-01 1.618681784555398365e-02
1.032742107328382009e+00 4.551043044547877781e-01 1.399210442595558851e-02
9.451017737568199184e-01 4.167141793243433479e-01 1.195661282503048504e-02
8.627682717998410578e-01 3.802905634419941894e-01 1.031884795021139820e-02
7.927486984493326005e-01 3.487688922598171093e-01 9.317314708931070250e-03
7.420501506971733940e-01 3.250846012298850840e-01 9.190518008622292068e-03
7.176797255352698190e-01 3.121731258042838020e-01 1.017696275671788053e-02
7.266445199554972811e-01 3.129699014350847408e-01 1.251515386065045130e-02
7.734375486027659230e-01 3.293596304013201581e-01 1.634024292065975117e-02
8.524952090160734519e-01 3.590239620412558064e-01 2.137395648019703789e-02
9.557396725263795911e-01 3.985937523949586447e-01 2.723466186142772458e-02
1.075093110464645729e+00 4.446998575024958544e-01 3.354072638651724864e-02
1.202477694161830257e+00 4.939731334039340060e-01 3.991051737763098850e-02
1.329815594948916990e+00 5.430444361393489405e-01 4.596240215693542241e-02
1.449028984156818689e+00 5.885446217487897425e-01 5.131474804659374306e-02
1.552040033116518947e+00 6.271045462723320307e-01 5.558592236877248072e-02
1.630770913158977820e+00 6.553550657500427645e-01 5.839429244563705546e-02
1.677143795615154920e+00 6.699270362219889030e-01 5.935822559935287346e-02
1.685763193163360096e+00 6.685710258190959987e-01 5.832750710505482661e-02
1.661962983871296595e+00 6.535164510357214240e-01 5.607759404975554834e-02
1.613759387154018121e+00 6.281124404570815889e-01 5.361536147343714392e-02
1.549168622426578157e+00 5.957081226683925701e-01 5.194768441608171167e-02
1.476206909104016196e+00 5.596526262548640052e-01 5.208143791767160663e-02
1.402890466601412811e+00 5.232950798017254046e-01 5.502349701818903815e-02
1.337235514333807718e+00 4.899846118941861284e-01 6.178073675761592415e-02
1.287258271716255731e+00 4.630703511174630860e-01 7.336003217593439762e-02
1.260974958163808335e+00 4.459014260567718546e-01 9.076825831312654302e-02
1.266401793091519457e+00 4.418269652973286776e-01 1.150122902091744448e-01
1.308911150966698189e+00 4.531384107627472457e-01 1.466450169838543205e-01
1.383300329025391129e+00 4.778965787711318414e-01 1.844034360299408870e-01
1.481722930833612173e+00 5.131046594985758658e-01 2.265705847965500397e-01
1.596332559957319486e+00 5.557658431211525141e-01 2.714295007327747200e-01
1.719282819962525188e+00 6.028833198149537997e-01 3.172632212877302682e-01
1.842727314415223194e+00 6.514602797560660186e-01 3.623547839105248913e-01
1.958819646881408971e+00 6.984999131205754663e-01 4.049872260502667132e-01
2.059713420927078431e+00 7.410054100845691050e-01 4.434435851560641906e-01
2.137562240118224377e+00 7.759799608241321200e-01 4.760068986770250032e-01
2.184519708020843609e+00 8.004267555153519176e-01 5.009602040622578301e-01
2.194943255283295702e+00 8.121412807056763716e-01 5.170581491713385214e-01
2.172005116481848130e+00 8.120880270909341947e-01 5.249417155657312151e-01
2.121081101081579767e+00 8.020236910723874679e-01 5.257234412489348863e-01
2.047547018547564601e+00 7.837049690512938316e-01 5.205158642244451794e-01
1.956778678344877065e+00 7.588885574289115921e-01 5.104315224957575170e-01
1.854151889938591147e+00 7.293311526064989447e-01 4.965829540663674879e-01
1.745042462793781057e+00 6.967894509853138629e-01 4.800826969397704036e-01
1.634826206375519897e+00 6.630201489666148751e-01 4.620432891194617975e-01
1.528878930148882542e+00 6.297799429516597325e-01 4.435772686089372030e-01
1.432576443578926995e+00 5.988255293417018565e-01 4.257971734116890450e-01
1.350282961887657285e+00 5.716193686994802681e-01 4.096507678583229950e-01
1.282316091782433221e+00 5.484469108864319375e-01 3.954266838730705613e-01
1.227981729953129486e+00 5.292993362509226252e-01 3.832487608493405640e-01
1.186585773089622320e+00 5.141678251413192013e-01 3.732408381805423780e-01
1.157434117881785740e+00 5.030435579059876483e-01 3.655267552600848791e-01
1.139832661019495541e+00 4.959177148932940038e-01 3.602303514813769425e-01
1.133087299192626629e+00 4.927814764516048052e-01 3.574754662378279435e-01
1.136503929091055243e+00 4.936260229292864787e-01 3.573859389228468131e-01
1.149388447404655622e+00 4.984425346747053398e-01 3.600856089298428708e-01
1.171046750823302229e+00 5.072221920362269820e-01 3.656983156522247702e-01
1.200653982197519065e+00 5.198600487439982709e-01 3.742674274154581537e-01
1.236862254056618315e+00 5.358666410543108105e-01 3.855144190639189783e-01
1.278192917608552470e+00 5.546563731046696422e-01 3.990802897693168649e-01
1.323167324061274019e+00 5.756436490325806954e-01 4.146060387033614347e-01
1.370306824622734565e+00 5.982428729755487895e-01 4.317326650377619757e-01
1.418132770500895701e+00 6.218684490710837398e-01 4.501011679442313285e-01
1.465166512903691931e+00 6.459347814566825940e-01 4.693525465944725639e-01
1.509929403039084406e+00 6.698562742698548345e-01 4.891278001601981895e-01
1.550942792115024949e+00 6.930473316481053914e-01 5.090679278131177155e-01
1.586728031339466272e+00 7.149223577289400833e-01 5.288139287249405962e-01
1.616175973522955278e+00 7.349882311616496855e-01 5.480198004957388402e-01
1.639655477886418300e+00 7.531217286426664659e-01 5.663915344390345608e-01
1.657904905253376082e+00 7.692921013802082042e-01 5.836481202967123139e-01
1.671662616447350036e+00 7.834686005824926802e-01 5.995085478106564336e-01
1.681666972291862683e+00 7.956204774577398942e-01 6.136918067227542517e-01
1.688656333610432103e+00 8.057169832141635180e-01 6.259168867748849951e-01
1.693369061226579930e+00 8.137273690599832188e-01 6.359027777089357736e-01
1.696543515963828685e+00 8.196208862034172205e-01 6.433684692667915872e-01
1.698918058645699336e+00 8.233667858526833028e-01 6.480329511903365480e-01
1.701231050095711961e+00 8.249343192159990235e-01 6.496152132214554342e-01
1.703900597730171773e+00 8.244140937520350043e-01 6.481194092098052639e-01
1.706063831986085688e+00 8.223821280333496464e-01 6.446903168021569375e-01
1.706537648217766101e+00 8.195357899390918188e-01 6.407578614362988700e-01
1.704138941779525407e+00 8.165724473484117230e-01 6.377519685500215862e-01
1.697684608025677333e+00 8.141894681404582279e-01 6.371025635811137233e-01
1.685991542310534053e+00 8.130842201943806469e-01 6.402395719673643626e-01
1.667876639988408627e+00 8.139540713893281820e-01 6.485929191465623633e-01
1.642156796413615005e+00 8.174963896044508127e-01 6.635925305564973620e-01
1.607648906940464473e+00 8.244085427188968529e-01 6.866683316349576627e-01
1.563169866923270757e+00 8.353878986118161709e-01 7.192502478197331239e-01
1.507932980404373069e+00 8.508851547458410325e-01 7.621553012385891002e-01
1.442737095450137286e+00 8.703643833742787939e-01 8.137490410575618505e-01
1.368777423452160802e+00 8.930430145614973725e-01 8.717841832698816074e-01
1.287249175802048562e+00 9.181384783718630205e-01 9.340134438687722751e-01
1.199347563891405732e+00 9.448682048697421010e-01 9.981895388474574249e-01
1.106267799111838812e+00 9.724496241195005330e-01 1.062065184199161294e+00
1.009205092854952968e+00 1.000100166185504680e+00 1.123393095917107232e+00
9.093546565123529213e-01 1.027037261132120571e+00 1.179925989994518476e+00
8.079117014756448389e-01 1.052478339023714238e+00 1.229416582424619264e+00
7.060714391364162346e-01 1.075640829924656039e+00 1.269617589200640051e+00
6.050179981637211490e-01 1.095860285160659586e+00 1.298879052952230717e+00
5.058911737995053226e-01 1.112944768139461305e+00 1.317940459575960510e+00
4.098196772947550470e-01 1.126820477048827263e+00 1.328138689967351516e+00
3.179322199004569471e-01 1.137413610076525305e+00 1.330810625021926485e+00
2.313575128675974257e-01 1.144650365410321724e+00 1.327293145635208171e+00
1.512242674471630244e-01 1.148456941237983697e+00 1.318923132702719103e+00
7.866119489014034016e-02 1.148759535747277960e+00 1.307037467119980922e+00
1.479700644750526171e-02 1.145484347125970359e+00 1.292973029782513938e+00
-3.923958662973266870e-02 1.138557573561829184e+00 1.278066701585846010e+00
-8.231987309059921043e-02 1.127905413242620725e+00 1.263655363425497224e+00
-1.137795169446854243e-01 1.113495017032998913e+00 1.250843997390607143e+00
-1.348117363881841946e-01 1.095457351191889916e+00 1.239809963805694970e+00
-1.470741514503918490e-01 1.073964336998506353e+00 1.230498710919160743e+00
-1.522243821606045211e-01 1.049187895732059506e+00 1.222855686979405609e+00
-1.519200485481184693e-01 1.021299948671760438e+00 1.216826340234829384e+00
-1.478187706422289804e-01 9.904724170968153274e-01 1.212356118933831661e+00
-1.415781684722340061e-01 9.568772222864468935e-01 1.209390471324815142e+00
-1.348558620674293052e-01 9.206862855198613138e-01 1.207874845656179197e+00
-1.293094714571111359e-01 8.820715280762703170e-01 1.207754690176324086e+00
-1.265966166705757567e-01 8.412048712348852986e-01 1.208975453133650513e+00
-1.281535732020165075e-01 7.982478337960211556e-01 1.211601583232928547e+00
-1.345312384052155252e-01 7.533203246444059031e-01 1.216173531004407726e+00
-1.460591650988520285e-01 7.065318501858700584e-01 1.223350747434706953e+00
-1.630669061016052357e-01 6.579919168262451379e-01 1.233792683510445576e+00
-1.858840142321590005e-01 6.078100309713529992e-01 1.248158790218245828e+00
-2.148400423091845757e-01 5.560956990270425893e-01 1.267108518544721729e+00
-2.502645431513645935e-01 5.029584273991358767e-01 1.291301319476493514e+00
-2.924870695773784668e-01 4.485077224934643225e-01 1.321396644000182086e+00
-3.418371744059052753e-01 3.928530907158587770e-01 1.358053943102405903e+00
-3.986444104556242651e-01 3.361040384721502017e-01 1.401932667769783425e+00
-4.630225047963029139e-01 2.785251568556060819e-01 1.453003191336659672e+00
-5.342219062010042929e-01 2.210013579614585888e-01 1.508479655385829954e+00
-6.112772500431888911e-01 1.645726296986033399e-01 1.564887163276035276e+00
-6.932231716962752310e-01 1.102789599759660122e-01 1.618750818365987110e+00
-7.790943065337230244e-01 5.916033670244187637e-02 1.666595724014427349e+00
-8.679252899289785494e-01 1.225674778693649700e-02 1.704946983580087450e+00
-9.587507572554878621e-01 -2.939181886164479035e-02 1.730329700421699091e+00
-1.050605343886697796e+00 -6.474537533439643500e-02 1.739268977897994839e+00
-1.142523685196053851e+00 -9.276393372241302504e-02 1.728289919367704819e+00
-1.233540416557002750e+00 -1.124075061167891243e-01 1.693917628189561597e+00
-1.322632672406126586e+00 -1.230323658742991377e-01 1.634063793052020763e+00
-1.408547596592983897e+00 -1.255797407200175686e-01 1.552186126607404848e+00
-1.489974838610384600e+00 -1.213870742987958329e-01 1.453128768164725582e+00
-1.565604047951122402e+00 -1.117918102554826265e-01 1.341735857033001134e+00
-1.634124874107992120e+00 -9.813139223492670093e-02 1.222851532521251450e+00
-1.694226966573787019e+00 -8.174326388197693249e-02 1.101319933938496698e+00
-1.744599974841301693e+00 -6.396486884148193386e-02 9.819852005937552697e-01
-1.783933548403329628e+00 -4.613365075829052586e-02 8.696914717960473329e-01
-1.810917336752665641e+00 -2.958705327725142525e-02 7.692828868543916121e-01
-1.824240989382104106e+00 -1.566252004321126018e-02 6.856035850777952856e-01
-1.823139628472795204e+00 -5.389918100211926917e-03 6.222199702260355902e-01
-1.809030391811703664e+00 1.431262311671368604e-03 5.775872114029304560e-01
-1.783875952302116819e+00 5.309142754535283414e-03 5.488825959294457713e-01
-1.749638982847324886e+00 6.751844790476479313e-03 5.332834111265482013e-01
-1.708282156350615866e+00 6.267489981591595552e-03 5.279669443152035235e-01
-1.661768145715278422e+00 4.364199889977284606e-03 5.301104828163779592e-01
-1.612059623844600997e+00 1.550096077730209144e-03 5.368913139510375077e-01
-1.561119263641862709e+00 -1.666699893053573368e-03 5.454867250401500556e-01
-1.510909738010371539e+00 -4.778066460276187907e-03 5.530740034046780496e-01
-1.463393719853406383e+00 -7.275882061841525833e-03 5.568304363655891542e-01
-1.420237210631779545e+00 -8.761662400643474916e-03 5.545984385273855510e-01
-1.381919492084555667e+00 -9.275484786706682944e-03 5.468810097475781395e-01
-1.348623157532162553e+00 -8.967070068720437923e-03 5.348463152271915044e-01
-1.320530800295027118e+00 -7.986139095374010510e-03 5.196625201672497862e-01
-1.297825013693576057e+00 -6.482412715356685243e-03 5.024977897687772366e-01
-1.280688391048233399e+00 -4.605611777357371088e-03 4.845202892327950539e-01
-1.269303525679433164e+00 -2.505457130066043436e-03 4.668981837603339846e-01
-1.263853010907597829e+00 -3.316696221716644881e-04 4.507996385524152827e-01
-1.264519440053154975e+00 1.766029897636478508e-03 4.373928188100631997e-01
-1.271485406436531074e+00 3.637920580669112402e-03 4.278458897343019318e-01
-1.284776166170787270e+00 5.168259773463334747e-03 4.230280980068307217e-01
-1.303787626539519406e+00 6.377217603461743378e-03 4.226130162320478889e-01
-1.327758357618957108e+00 7.318942393333307053e-03 4.259752984950264665e-01
-1.355926929485329779e+00 8.047582465746997565e-03 4.324895988808397096e-01
-1.387531912214873486e+00 8.617286143371876914e-03 4.415305714745626497e-01
-1.421811875883806531e+00 9.082201748876724337e-03 4.524728703612651004e-01
-1.458005390568363424e+00 9.496477604930615712e-03 4.646911496260213159e-01
-1.495351026344774903e+00 9.914262034202531507e-03 4.775600633539049400e-01
-1.533087353289269483e+00 1.038970335936143831e-02 4.904542656299887837e-01
-1.570452941478077458e+00 1.097694990307630618e-02 5.027484105393461578e-01
-1.606794669312601398e+00 1.172708945867191425e-02 5.138888396775640466e-01
-1.641892636100206193e+00 1.267896805234103655e-02 5.236086364784175995e-01
-1.675635243276162090e+00 1.386837135605237768e-02 5.317125677843224096e-01
-1.707910892275720460e+00 1.533108504177398655e-02 5.380054004376897403e-01
-1.738607984534149997e+00 1.710289478147451053e-02 5.422919012809351846e-01
-1.767614921486715618e+00 1.921958624712243047e-02 5.443768371564732256e-01
-1.794820104568680019e+00 2.171694511068620118e-02 5.440649749067182350e-01
-1.820111935215307009e+00 2.463075704413428269e-02 5.411610813740838077e-01
-1.843378814861859727e+00 2.799680771943515931e-02 5.354699234009845377e-01
-1.864509144943602204e+00 3.185088280855728066e-02 5.267962678298345747e-01
-1.883376651198003238e+00 3.610052310711479862e-02 5.150112218731801583e-01
-1.899796359930239653e+00 4.014031925738211631e-02 5.002512390404418863e-01
-1.913568623427101656e+00 4.323663170090237540e-02 4.827191056195490049e-01
-1.924493793975380784e+00 4.465582087921809995e-02 4.626176078984344242e-01
-1.932372223861865246e+00 4.366424723387175161e-02 4.401495321650296666e-01
-1.937004265373344136e+00 3.952827120640577813e-02 4.155176647072669760e-01
-1.938190270796606551e+00 3.151425323836268971e-02 3.889247918130781523e-01
-1.935730592418441587e+00 1.888855377128493412e-02 3.605736997703952174e-01
-1.929425582525638561e+00 9.175332467150076887e-04 3.306671748671503597e-01
-1.919075593404983904e+00 -2.313244789380954070e-02 2.994080033912696615e-01
-1.904480977343271375e+00 -5.399502920873769374e-02 2.669989716306965799e-01
-1.885442086627287628e+00 -9.240385025653077844e-02 2.336428658733573360e-01
-1.861759273543822868e+00 -1.390925505956462638e-01 1.995424724071841460e-01
-1.833232890379665081e+00 -1.947947697845416881e-01 1.649005775201090040e-01
-1.799663289421603363e+00 -2.602441473816746731e-01 1.299199675000637377e-01
-1.760850822956428363e+00 -3.361743229455025905e-01 9.480342863498056327e-02
-1.716595843270928068e+00 -4.233189360344831176e-01 5.975374721279140544e-02
-1.666698702651882247e+00 -5.224116262070923611e-01 2.497370952142208278e-02
-1.610959753386098203e+00 -6.341860330217526931e-01 -9.333898151182948300e-03
-1.549179347760355707e+00 -7.593757960369383886e-01 -4.296628951709794558e-02
-1.481157838061444965e+00 -8.987145548111066251e-01 -7.572067828839088022e-02
-1.406695576576154849e+00 -1.052935948902715690e+00 -1.073942781771297789e-01
-1.325592915591274012e+00 -1.222773617870221985e+00 -1.377843028953826265e-01
-1.237650207393592217e+00 -1.408961201272083796e+00 -1.666879661552173597e-01
