-3.581351268791129527e+00 1.101974169833237704e+00 1.976557064229839122e+00
-3.210338852591940739e+00 9.583003546463904065e-01 1.752581609531044249e+00
-2.897282547220863425e+00 8.372644814581954309e-01 1.549134385236497824e+00
-2.638601776007853505e+00 7.367046932341715371e-01 1.365655780295479405e+00
-2.430690789969062848e+00 6.545542469638278016e-01 1.201524065134822017e+00
-2.269921754399793823e+00 5.888375206234206516e-01 1.056056148277759954e+00
-2.152647536517123594e+00 5.376665677620524608e-01 9.285083000639302586e-01
-2.075204205009652192e+00 4.992382340259678419e-01 8.180768741804342881e-01
-2.033913251883885831e+00 4.718318488815290146e-01 7.238990567147236543e-01
-2.025083546671646140e+00 4.538075047962698005e-01 6.450536717344694804e-01
-2.045013032887723625e+00 4.436049351669346108e-01 5.805620719915808303e-01
-2.089986963339579340e+00 4.397537657721322102e-01 5.293928872490156756e-01
-2.156270510417168218e+00 4.409053247183714608e-01 4.904760191013444737e-01
-2.240119901005393821e+00 4.458036512298766407e-01 4.626963976331401884e-01
-2.337784412358288488e+00 4.532821888865019577e-01 4.448936860417990191e-01
-2.445505450847690110e+00 4.622699433801618629e-01 4.358651179685204546e-01
-2.559516327874998165e+00 4.717956860650319162e-01 4.343679232795171208e-01
-2.676042693290728192e+00 4.809901842340524314e-01 4.391212402594223407e-01
-2.791303585929125308e+00 4.890864424280733092e-01 4.488074108244467508e-01
-2.901513061802085236e+00 4.954179419873750434e-01 4.620725570011988692e-01
-3.002882363154113055e+00 4.994148682518370630e-01 4.775263415361460373e-01
-3.091623460278645208e+00 5.005946980038902261e-01 4.937390795784575293e-01
-3.163954878554791961e+00 4.985428847359361648e-01 5.092338654009614940e-01
-3.216102724726223716e+00 4.929133336908850804e-01 5.224880189433033228e-01
-3.244303537537295057e+00 4.834215840622758109e-01 5.319312154356359290e-01
-3.244808250048308196e+00 4.698332189459943353e-01 5.359412248395130085e-01
-3.215123467613386410e+00 4.521515705177301947e-01 5.332658247060584333e-01
-3.157721740221604456e+00 4.311678717297285357e-01 5.243307217839032752e-01
-3.076322386876226833e+00 4.077877900852907023e-01 5.100128747841849997e-01
-2.974650531730396175e+00 3.828265162719837189e-01 4.912222362404188303e-01
-2.856433925326945733e+00 3.570160916477327362e-01 4.689032913340693831e-01
-2.725402713076719774e+00 3.310049741432223303e-01 4.440245345262021082e-01
-2.585293641898590344e+00 3.053450284753526089e-01 4.175480247844441384e-01
-2.439833749164703303e+00 2.805368332170510848e-01 3.904809046321126575e-01
-2.292733051581119508e+00 2.570514960337521582e-01 3.638945060187090963e-01
-2.147681322944938298e+00 2.353420680669739140e-01 3.389281574772416983e-01
-2.008055398620578469e+00 2.157680146722544268e-01 3.165569095168420111e-01
-1.876054463803922934e+00 1.983476504160349985e-01 2.968788810187062421e-01
-1.753582400632185623e+00 1.830261842316609489e-01 2.798018865167178904e-01
-1.642540034011070960e+00 1.697646011685878531e-01 2.652748752283945466e-01
-1.544825542963966125e+00 1.585412787160645209e-01 2.532863453059229775e-01
-1.462334858932853976e+00 1.493534060701732502e-01 2.438617785982286346e-01
-1.396962095962161809e+00 1.422181124006851038e-01 2.370600487905074605e-01
-1.350599860884395431e+00 1.371741427886918885e-01 2.329693434218256531e-01
-1.325139672461510321e+00 1.342830507575371590e-01 2.317019650494988592e-01
-1.322472471817890627e+00 1.336300746368762338e-01 2.333881353858490715e-01
-1.343273232954772745e+00 1.352351727576446561e-01 2.380553241488159444e-01
-1.383357519588817697e+00 1.387748128715075302e-01 2.452469729146303790e-01
-1.437336944417887841e+00 1.438298081818353558e-01 2.543041136579712869e-01
-1.499836722806056288e+00 1.499642131026242553e-01 2.644772232997317229e-01
-1.565495736133247995e+00 1.567172704327350896e-01 2.749357633797155920e-01
-1.628965973349217888e+00 1.635961896460816356e-01 2.847801883712344773e-01
-1.684911313063581328e+00 1.700698777528846239e-01 2.930564358157287663e-01
-1.728005692826368289e+00 1.755633612951051914e-01 2.987727277126395187e-01
-1.752930614498219519e+00 1.794532663106234716e-01 3.009188062849138534e-01
-1.754372012158889271e+00 1.810644040431514945e-01 2.984875753998885717e-01
-1.728392563203303478e+00 1.798263472317356282e-01 2.907490144362646634e-01
-1.676552488411909181e+00 1.757734763114114918e-01 2.780274028481529158e-01
-1.601773990941685488e+00 1.691133286017065807e-01 2.609659463789578138e-01
-1.506965340931863295e+00 1.600780316056462094e-01 2.402716661957167987e-01
-1.395022548041653376e+00 1.489281337364208313e-01 2.167069110760810602e-01
-1.268829754842123680e+00 1.359573636594365031e-01 1.910903913400603393e-01
-1.131258490284017704e+00 1.214986378849498005e-01 1.643091605240298569e-01
-9.851797143530143241e-01 1.059188724476408106e-01 1.372555222427407629e-01
-8.334693882840437107e-01 8.961765149449475720e-02 1.107977718445163351e-01
-6.790112201515667856e-01 7.302733511982992254e-02 8.576544528958311708e-02
-5.250256405145213856e-01 5.659841031760221020e-02 6.289976869584849861e-02
-3.760510035444424304e-01 4.075756250534363911e-02 4.272462306623280720e-02
-2.369619919449330037e-01 2.595337469384892751e-02 2.562937196295731954e-02
-1.126419601033364359e-01 1.266977355169745210e-02 1.189063106755288042e-02
-7.981755054980676362e-03 1.424305446649751531e-03 1.662173621398890973e-03
7.212193905054364862e-02 -7.233746923990307977e-03 -5.032280840854005434e-03
1.227686476547579231e-01 -1.272533995447819657e-02 -8.303378449485469825e-03
1.390564448433140310e-01 -1.444366638924048790e-02 -8.397531218026978161e-03
1.160844762470345792e-01 -1.175610159989178352e-02 -5.695394355485753138e-03
4.895555096333352452e-02 -4.006024648964997582e-03 -7.074122014483355883e-04
-6.440594810309906160e-02 9.184644356667038406e-03 5.816578710959410467e-03
-2.148046449347567888e-01 2.697504797547402300e-02 1.267175759220620992e-02
-3.902188181555552582e-01 4.814588741345953576e-02 1.878141079678613892e-02
-5.786187894535468335e-01 7.139523971875383346e-02 2.335599258338067960e-02
-7.679709472158948724e-01 9.534268942743333308e-02 2.589707467919134809e-02
-9.462420349656249785e-01 1.185331726913079059e-01 2.619408628513386628e-02
-1.101403444237786244e+00 1.394403501577777815e-01 2.431382685038236541e-02
-1.221435258578054350e+00 1.564693596906511774e-01 2.058282818436391048e-02
-1.294329826096108693e+00 1.679587663585673796e-01 1.556254691358751469e-02
-1.308094665651430066e+00 1.721815434475043316e-01 1.001740073183699647e-02
-1.255240166047883354e+00 1.679074740699145751e-01 4.847291191948883970e-03
-1.146229723743015239e+00 1.561412616808069975e-01 8.042760290431216763e-04
-9.960074569182377768e-01 1.385230418383173456e-01 -1.705438932422656539e-03
-8.195067612522809464e-01 1.167762323171278871e-01 -2.606831847999511315e-03
-6.316471138389444517e-01 9.270617349245566241e-02 -2.119474394975682033e-03
-4.473320146152336974e-01 6.819987616639142103e-02 -7.152413534104902493e-04
-2.814481179947225242e-01 4.522770244954662372e-02 9.357678911404414962e-04
-1.488650874731674290e-01 2.584917745698114833e-02 2.047343818849663502e-03
-6.443630474000253128e-02 1.221684363782106139e-02 1.774372583101185147e-03
-4.299996082758602428e-02 6.579617260848538360e-03 -7.393039717582109739e-04
-9.432316836376375413e-02 1.060646950291456968e-02 -6.112485261018474163e-03
-2.079418135908638887e-01 2.328704562408046713e-02 -1.404151526995908728e-02
-3.683492071850907323e-01 4.285958816824029377e-02 -2.386075635114451657e-02
-5.600544791651076437e-01 6.747137547082472653e-02 -3.478788190636571132e-02
-7.675812053228106002e-01 9.517495425935323938e-02 -4.597400245368921112e-02
-9.754660511722105243e-01 1.239244163595177306e-01 -5.655002174872948706e-02
-1.168257562990008047e+00 1.515718535880104245e-01 -6.566925293208511483e-02
-1.330515202844780420e+00 1.758641233147048566e-01 -7.254635518214838652e-02
-1.446808696848934650e+00 1.944400633028146586e-01 -7.649261569730797516e-02
-1.501717738489773968e+00 2.048282926178827679e-01 -7.694760859053112467e-02
-1.484651867285311511e+00 2.051447172374812888e-01 -7.371313139512240820e-02
-1.404303431806520175e+00 1.962553571958623733e-01 -6.752979565664150863e-02
-1.274176764436808273e+00 1.797970982110615457e-01 -5.934209730823072904e-02
-1.107767380481034625e+00 1.574980105354163162e-01 -5.004728522301619964e-02
-9.185624316703666636e-01 1.311796377239788369e-01 -4.046678651382464020e-02
-7.200408192660416873e-01 1.027586154751015945e-01 -3.132076098061167824e-02
-5.256729887361609732e-01 7.424750991006232037e-02 -2.320576251140228294e-02
-3.489204431456136013e-01 4.775476492094923864e-02 -1.657550008285069154e-02
-2.032350238263331277e-01 2.548367912587908013e-02 -1.172464459094302303e-02
-1.020580187140357198e-01 9.730321202459316782e-03 -8.775674632601497896e-03
-5.532794302410912884e-02 2.295261743587035958e-03 -7.619235890364411783e-03
-5.901238991623618951e-02 2.677897897379695122e-03 -7.842605573484699721e-03
-1.055930935809677312e-01 9.748170872386901012e-03 -9.027982962967338182e-03
-1.875592119223846999e-01 2.232030805373227955e-02 -1.083343264613636017e-02
-2.974077533334432699e-01 3.915392798470548885e-02 -1.300250671027870092e-02
-4.276440452933293890e-01 5.895567078123391258e-02 -1.537197717295930854e-02
-5.707822879905013469e-01 8.038091090589477572e-02 -1.787688889822694471e-02
-7.193459183910128063e-01 1.020367398137339426e-01 -2.055473270817564924e-02
-8.658678341577032977e-01 1.224857927666923169e-01 -2.354825482755024124e-02
-1.002890462372217684e+00 1.402507818281355234e-01 -2.710669029427660581e-02
-1.124039675934304761e+00 1.541235339221294909e-01 -3.145835908272018311e-02
-1.227241030959138834e+00 1.640885877313628394e-01 -3.639625185945828678e-02
-1.311487780806987802e+00 1.704265271398511805e-01 -4.160189054094892702e-02
-1.375765756946585539e+00 1.734123869202473800e-01 -4.676137353759360349e-02
-1.419053773326905743e+00 1.733161678546016327e-01 -5.156209081076820744e-02
-1.440324074527916220e+00 1.704035962734073706e-01 -5.568946399406463077e-02
-1.438542829874799978e+00 1.649371225430175114e-01 -5.882370600642652936e-02
-1.412670677218878401e+00 1.571771591835935400e-01 -6.063656713101844842e-02
-1.361663320148579936e+00 1.473835534594447050e-01 -6.078808347631120546e-02
-1.284472183505841691e+00 1.358172955687987626e-01 -5.892331887155449754e-02
-1.181415428130352385e+00 1.227691214689146798e-01 -5.485899712393915717e-02
-1.058291824164651063e+00 1.086533525791598537e-01 -4.913184321483352046e-02
-9.222740091232725090e-01 9.394673297945038692e-02 -4.239871347816759339e-02
-7.805382645135636732e-01 7.915823169027105810e-02 -3.524958139882157504e-02
-6.402640200501490408e-01 6.482142473121563220e-02 -2.821661292512589458e-02
-5.086334566410095626e-01 5.148618134785241940e-02 -2.178443946565129102e-02
-3.928311959583402624e-01 3.970969018767814274e-02 -1.640164346779179882e-02
-3.000440577643545548e-01 3.004685879766506515e-02 -1.249346119113966397e-02
-2.374608610825441335e-01 2.304008937019155767e-02 -1.047571425235572368e-02
-2.122722370054689611e-01 1.920844161977669842e-02 -1.076996127816469417e-02
-2.290081532707703704e-01 1.883756538397135874e-02 -1.363678557371494557e-02
-2.815497600254496247e-01 2.138289699149511364e-02 -1.864841381581146262e-02
-3.611140403977893820e-01 2.608334348912301134e-02 -2.524853654475413961e-02
-4.589158232855388153e-01 3.217348177704613954e-02 -3.292197629714126161e-02
-5.661678450576653754e-01 3.889626885931535966e-02 -4.117705979577246378e-02
-6.740808487730485243e-01 4.551812677543403546e-02 -4.952501441263301718e-02
-7.738638120376555296e-01 5.135002045142238181e-02 -5.745318240930832876e-02
-8.567244211073897775e-01 5.575987331554346088e-02 -6.440546205418992698e-02
-9.138698098323865260e-01 5.818370274736817810e-02 -6.976347974303896693e-02
-9.365076187663765594e-01 5.813634031002376523e-02 -7.282783783151310086e-02
-9.185735493428990317e-01 5.539298002047432501e-02 -7.300728279420427846e-02
-8.649109057828078262e-01 5.047050289137193502e-02 -7.046691994600512432e-02
-7.830917481535910607e-01 4.403311047798945388e-02 -6.558462450583373016e-02
-6.806899726024009389e-01 3.669902496128108621e-02 -5.877088901112315078e-02
-5.652803234461200033e-01 2.903069561772502610e-02 -5.048514524347513105e-02
-4.444371082606868306e-01 2.152627925059849220e-02 -4.125112092666141650e-02
-3.257326120107335576e-01 1.461237144797298930e-02 -3.167121890253100924e-02
-2.167352132966332834e-01 8.637973273164980398e-03 -2.243991578601249592e-02
-1.250072135570823306e-01 3.869684321457231464e-03 -1.435617198350989422e-02
-5.810239539143322030e-02 4.881207448319314652e-04 -8.334858750419327916e-03
-2.139883739047779634e-02 -1.488528941370000644e-03 -5.176584220040901865e-03
-1.160818199419081861e-02 -2.381175035801870715e-03 -4.790778097720494767e-03
-2.327826350602340416e-02 -2.544159404606053786e-03 -6.805415442283999777e-03
-5.096049317974966214e-02 -2.276082197032547848e-03 -1.078351700728436523e-02
-8.921166201870246726e-02 -1.817059318380030881e-03 -1.621491827570802069e-02
-1.325958974123623846e-01 -1.346881866830151354e-03 -2.250872343804468170e-02
-1.756867513925684798e-01 -9.840876006976817265e-04 -2.898643197889554102e-02
-2.130693959412681138e-01 -7.859570916595632912e-04 -3.487572392734095139e-02
-2.393428990743237672e-01 -7.494498677176557712e-04 -3.930488754128634576e-02
-2.491225540995946619e-01 -8.130977635932975719e-04 -4.129787178981762785e-02
-2.387951763444704223e-01 -8.637299093026531765e-04 -4.006100029297361004e-02
-2.117688136419623723e-01 -7.884022506508140196e-04 -3.591967889901217376e-02
-1.731941181200681024e-01 -5.286383180924022476e-04 -2.956336862525714079e-02
-1.282065020501132746e-01 -8.434122441217724742e-05 -2.177563663645153830e-02
-8.192388209503814744e-02 4.887755444643796096e-04 -1.343831812985233840e-02
-3.944447443175592982e-02 1.082625423835456568e-03 -5.535045725722814031e-03
-5.844564365985359215e-03 1.541678374530393129e-03 8.452543704372794111e-04
1.382366486981833481e-02 1.669049304356054822e-03 4.505217808650294892e-03
1.453362662306641011e-02 1.230398789071791583e-03 4.139479277242663451e-03
-8.714712791929589072e-03 -4.304866594034973792e-05 -1.662550576722904511e-03
-5.920363229700534302e-02 -2.399529462732859046e-03 -1.403044386132363056e-02
-1.334419581786923936e-01 -5.881588816163766872e-03 -3.259335440351272817e-02
-2.262674499550039187e-01 -1.043946172010778994e-02 -5.649983895443125292e-02
-3.325435744256595716e-01 -1.598072398448895787e-02 -8.478135924032526027e-02
-4.471610053531198670e-01 -2.237365998024198194e-02 -1.163536920182116075e-01
-5.650385532994560700e-01 -2.945011153234357304e-02 -1.500203473116170083e-01
-6.811234629738333046e-01 -3.700782578973654813e-02 -1.844779753512228726e-01
-7.903910195648834458e-01 -4.481232495141267841e-02 -2.183237443922307341e-01
-8.878434133031798403e-01 -5.259830646320011460e-02 -2.500646704028134382e-01
-9.685078200711352281e-01 -6.007058015111915728e-02 -2.781288809112375526e-01
-1.028755663756721894e+00 -6.697181856176349923e-02 -3.012436726088593142e-01
-1.070254090996615171e+00 -7.330132683549335504e-02 -3.195813984282643849e-01
-1.095978690145036571e+00 -7.914216726656196632e-02 -3.337353492610356520e-01
-1.108888928557459463e+00 -8.459708882471737856e-02 -3.443605228268506457e-01
-1.111928969384503363e+00 -8.978771408045388425e-02 -3.521681141349295441e-01
-1.108028952821138891e+00 -9.485400193517390388e-02 -3.579188981638450895e-01
-1.100106744948487592e+00 -9.995399609696334342e-02 -3.624155138374547391e-01
-1.091070164075991666e+00 -1.052638260258384612e-01 -3.664936206301510069e-01
-1.083819656192423153e+00 -1.109780202140123739e-01 -3.710119624041892661e-01
-1.081251394852704939e+00 -1.173101456721861585e-01 -3.768413322385382180e-01
-1.085411190795470882e+00 -1.244036460968382107e-01 -3.845597270922354594e-01
-1.094950587039937195e+00 -1.320510225978879237e-01 -3.935618677271199850e-01
-1.107677877905578256e+00 -1.399445340879800770e-01 -4.029349810870080928e-01
-1.121404619642105693e+00 -1.477632265013861801e-01 -4.117595115312795984e-01
-1.133941669741755254e+00 -1.551723995436322390e-01 -4.191188610680497417e-01
-1.143091492997234671e+00 -1.618222153316400125e-01 -4.241195602841327239e-01
-1.146633282983891666e+00 -1.673447817457755782e-01 -4.259315905635220889e-01
-1.142329698909152702e+00 -1.713541165515814757e-01 -4.237704713049578742e-01
-1.127928093071400850e+00 -1.734447751480129585e-01 -4.168961378398073347e-01
-1.101159116003798122e+00 -1.731896906803447322e-01 -4.046199419522861218e-01
-1.060762677161093626e+00 -1.703242080617499987e-01 -3.867125453882861441e-01
-1.009578415789189831e+00 -1.653208144214300679e-01 -3.645791686122609176e-01
-9.514873242155752475e-01 -1.588612354476469368e-01 -3.399851916058005408e-01
-8.903923865019699457e-01 -1.516572325838056734e-01 -3.146311790541683195e-01
-8.302219849558879483e-01 -1.444540257313936260e-01 -2.901402940701460209e-01
-7.749318977854635637e-01 -1.380341342044521247e-01 -2.680480213105736476e-01
-7.285059475973745258e-01 -1.332215752182880075e-01 -2.497942255260992839e-01
-6.949553717372018991e-01 -1.308863739383490099e-01 -2.367175808368223444e-01
-6.783170140567126305e-01 -1.319492836250399370e-01 -2.300523912307344543e-01
-6.826504393941440485e-01 -1.373866467412552250e-01 -2.309278315904249035e-01
-7.104901429934913359e-01 -1.479032173496581115e-01 -2.398336916492946058e-01
-7.581926274398672616e-01 -1.629015458732032406e-01 -2.550890828438712732e-01
-8.205371349603590714e-01 -1.814096394059921680e-01 -2.745833582917217575e-01
-8.922669743706740375e-01 -2.023976526076258498e-01 -2.963358025410413044e-01
-9.680926409210904859e-01 -2.247715872426519212e-01 -3.184982416042149711e-01
-1.042696151394812087e+00 -2.473669370513222610e-01 -3.393544159092267698e-01
-1.110736447629870893e+00 -2.689423706447003903e-01 -3.573160933495311831e-01
-1.166855704368900071e+00 -2.881735335050917279e-01 -3.709159802820419793e-01
-1.205686421463341151e+00 -3.036470421850944734e-01 -3.787973931220222634e-01
-1.221859177500566496e+00 -3.138547309233764016e-01 -3.797007155284021218e-01
-1.211555221580121966e+00 -3.175735586360183826e-01 -3.728930529342183720e-01
-1.177150474991262019e+00 -3.150692931748681480e-01 -3.594331574303260002e-01
-1.122589723477491086e+00 -3.070320675179439851e-01 -3.407270166245036092e-01
-1.051838897214763202e+00 -2.942083109343950897e-01 -3.180717558325296679e-01
-9.688799669357917033e-01 -2.774051395251522778e-01 -2.926631527474036210e-01
-8.777078164678981942e-01 -2.574934169919932403e-01 -2.655988247479173503e-01
-7.823295488720751756e-01 -2.354092401748135166e-01 -2.378763692081160286e-01
-6.867480172876618827e-01 -2.121622913868621285e-01 -2.104385308994912718e-01
-5.949532716459674520e-01 -1.888402653775264617e-01 -1.841960817010597773e-01
-5.109174238132460077e-01 -1.666114612949873286e-01 -1.600410746852841404e-01
-4.379351367890401137e-01 -1.465528635825172898e-01 -1.387191522000879584e-01
-3.766606551579445017e-01 -1.291033743401820977e-01 -1.204268934609191710e-01
-3.270808984980481116e-01 -1.145403003764086103e-01 -1.052436551450997571e-01
-2.891719065838256331e-01 -1.031463300076071593e-01 -9.327059167670058437e-02
-2.628990889126844865e-01 -9.520892443079767564e-02 -8.462840055078675594e-02
-2.482175049865593675e-01 -9.101963907027953160e-02 -7.945515994745097621e-02
-2.450721910233189249e-01 -9.087336508567624149e-02 -7.790426668816607947e-02
-2.533985457361767057e-01 -9.506748820729811478e-02 -8.014248073579421927e-02
-2.731227889149082100e-01 -1.039009539252156028e-01 -8.634808496433095393e-02
-3.041625033720049553e-01 -1.176732366799321805e-01 -9.670916574640200936e-02
-3.459526703673507231e-01 -1.364651862682152439e-01 -1.112231162687194602e-01
-3.960333557781666736e-01 -1.594630061153155531e-01 -1.290957917488731732e-01
-4.514939319670516205e-01 -1.855752972352213981e-01 -1.493307353470891830e-01
-5.094527547699098102e-01 -2.136460113887042045e-01 -1.709235120871922531e-01
-5.670592240498314451e-01 -2.424551104308407257e-01 -1.928584306577028062e-01
-6.214953654998253141e-01 -2.707197336573942126e-01 -2.141060230424612909e-01
-6.699769123567428375e-01 -2.970958859878457536e-01 -2.336212413341638428e-01
-7.097538949797090879e-01 -3.201806058298149460e-01 -2.503423106443930513e-01
-7.381107003951495882e-01 -3.385146480805093505e-01 -2.631902139653794492e-01
-7.523655824127249980e-01 -3.505856811948989682e-01 -2.710687731433957248e-01
-7.506095113380328865e-01 -3.551843744119524970e-01 -2.731407491282147326e-01
-7.339077111981145984e-01 -3.524942644253518109e-01 -2.696630073583231035e-01
-7.040494218167369089e-01 -3.430867757368966098e-01 -2.611749824730941194e-01
-6.628028034093423893e-01 -3.275755832152087987e-01 -2.482263996024108577e-01
-6.119141983211437985e-01 -3.066156771079080468e-01 -2.313781547396580596e-01
-5.531065652667319643e-01 -2.809032262290037107e-01 -2.112043307499226197e-01
-4.880769460481064193e-01 -2.511763763785570536e-01 -1.882953405823107884e-01
-4.185021079899983176e-01 -2.182081448006440438e-01 -1.632503316250021874e-01
-3.460409147816061459e-01 -1.828025735713275923e-01 -1.366746308317910719e-01
-2.723353107137239659e-01 -1.457922992898878778e-01 -1.091792460676079962e-01
-1.991769174981904422e-01 -1.081332833472991584e-01 -8.144930945635027453e-02
-1.290014559962407714e-01 -7.119831354216446528e-02 -5.445203794260209534e-02
-6.438676635704755624e-02 -3.649127318707422185e-02 -2.923360996809964280e-02
-7.887549148130182375e-03 -5.548167156273708066e-03 -6.850928157272429507e-03
3.796342554737455743e-02 2.006578589049025363e-02 1.162822701594522223e-02
7.065420485628133573e-02 3.875881379055247378e-02 2.512498682764866334e-02
8.769264052209700677e-02 4.891499728439674399e-02 3.254915150436873961e-02
8.660547644700256065e-02 4.889642573461581987e-02 3.279893739827212384e-02
6.493754216082139874e-02 3.704509581030117349e-02 2.476073110952090386e-02
2.025106061889978687e-02 1.168454384851788826e-02 7.308864117198693444e-03
-4.853410075023165821e-02 -2.809796407275922531e-02 -2.016872511281579683e-02
-1.371404881258190267e-01 -8.007802380283801646e-02 -5.618111145483216384e-02
-2.399934511058376130e-01 -1.411864236923418559e-01 -9.869099444934267829e-02
-3.515654888453144111e-01 -2.082875569068672050e-01 -1.456372944981056961e-01
-4.663742562756555410e-01 -2.781843426370716466e-01 -1.949348092506283936e-01
-5.789807503456838589e-01 -3.476226897102371871e-01 -2.444738534380979378e-01
-6.839876983258632581e-01 -4.132954761143752265e-01 -2.921199068790319986e-01
-7.760381167620554743e-01 -4.718460869891697995e-01 -3.357133210222712494e-01
-8.498140734379514560e-01 -5.198714702301614476e-01 -3.730690971159054126e-01
-9.000356693493186677e-01 -5.539246899886273168e-01 -4.019767552665980959e-01
-9.227980475004989858e-01 -5.713559444206275373e-01 -4.206785369263988938e-01
-9.195627796276946153e-01 -5.728579655235592760e-01 -4.293170689167175036e-01
-8.931072854747023060e-01 -5.599952187662072811e-01 -4.285233326423695255e-01
-8.461832390079524480e-01 -5.343683357308511850e-01 -4.189416499500364099e-01
-7.815183809216071920e-01 -4.976106227524991765e-01 -4.012295495054661876e-01
-7.018199889008247538e-01 -4.513825101786200777e-01 -3.760570747807598924e-01
-6.097807781587202269e-01 -3.973627988438192538e-01 -3.441058461414817637e-01
-5.080740736134558011e-01 -3.372542249335845899e-01 -3.060713201034937492e-01
-3.993526074771658330e-01 -2.727844202288518538e-01 -2.626632362617018490e-01
-2.862491920032576020e-01 -2.057045324979512591e-01 -2.146052321062262014e-01
-1.712034408845271027e-01 -1.376360845406054412e-01 -1.626999449384550211e-01
-5.594271637846308376e-02 -6.961110417090674019e-02 -1.080237857494427967e-01
5.799120371919787992e-02 -2.520963018323682178e-03 -5.172644966427788343e-02
1.690681144753309051e-01 6.273171001342714437e-02 5.035350757252247955e-03
2.757698335042856885e-01 1.252321825400304622e-01 6.109815928410632091e-02
3.765902610617535839e-01 1.840532106627345010e-01 1.152922369886806714e-01
4.700350442962457631e-01 2.382550702967263234e-01 1.664422017990669356e-01
5.546208399328139693e-01 2.868860341211430520e-01 2.133678318815503128e-01
6.288741718818012805e-01 3.289832973854288078e-01 2.548850202936477349e-01
6.913298811453728598e-01 3.635743574010154022e-01 2.898068666363196044e-01
7.410123775664266832e-01 3.900125510592235556e-01 3.172998461362043776e-01
7.788773516399380981e-01 4.089866667789547883e-01 3.379516660935700800e-01
8.063513093597100001e-01 4.215321402299227471e-01 3.527097657871881564e-01
8.248476289024899710e-01 4.286988109189869833e-01 3.625261367535587698e-01
8.357676863727108163e-01 4.315503262015329966e-01 3.683565540488744072e-01
8.405023063905099345e-01 4.311631739483752779e-01 3.711598068468453526e-01
8.404335371432676283e-01 4.286253380232831756e-01 3.718969402604995755e-01
8.369367372533823568e-01 4.250345822017466690e-01 3.715305305233638222e-01
8.313829809682210525e-01 4.214963473236036373e-01 3.710239918312989715e-01
8.251417757859929036e-01 4.191212581142230165e-01 3.713409220837843305e-01
8.191569399243584515e-01 4.186671221649758134e-01 3.731353488522580752e-01
8.126667053341676272e-01 4.194707781553725923e-01 3.758256484668391351e-01
8.044826419343567014e-01 4.205135263951627067e-01 3.785255832628263706e-01
7.934136183113209562e-01 4.207788942631582874e-01 3.803550419955720185e-01
7.782624934147167606e-01 4.192558364506323576e-01 3.804412014534692688e-01
7.578203635058329279e-01 4.149448500141407203e-01 3.779212736777365911e-01
7.308564567071280660e-01 4.068693090033547732e-01 3.719475620070559763e-01
6.961219134335131509e-01 3.940709038603925629e-01 3.616817845833113498e-01
6.523495915820463065e-01 3.756096428780726915e-01 3.462936442711253560e-01
5.982520284314493120e-01 3.505660459593687994e-01 3.249612189061751311e-01
5.334684819456961824e-01 3.186158788166328915e-01 2.973692424240423349e-01
4.614268364379630061e-01 2.817304478038583637e-01 2.651934599000603243e-01
3.865297963399423886e-01 2.424197542895986102e-01 2.305882851405487155e-01
3.132163638524508298e-01 2.031465709120258423e-01 1.956827506042449760e-01
2.459672337156691979e-01 1.663187453242390701e-01 1.625770368434311941e-01
1.893092303188007031e-01 1.342823976517270312e-01 1.333395321682201429e-01
1.478187981528225059e-01 1.093160043961513006e-01 1.100044553811208303e-01
1.261245615451327962e-01 9.362536017065530014e-02 9.457008177666993698e-02
1.289089692802004583e-01 8.933941366978538634e-02 8.899761898429187079e-02
1.609090461919945592e-01 9.850696935836159018e-02 9.521078358667575681e-02
2.248307555127468937e-01 1.221139609778400387e-01 1.142320276074225843e-01
3.150494446737093224e-01 1.572035887762480155e-01 1.436218905896604892e-01
4.237905160847728059e-01 1.999302430646859030e-01 1.801274583038437460e-01
5.432013876976237166e-01 2.465631783278854905e-01 2.205571228416091101e-01
6.653495683847282516e-01 2.934934066418463106e-01 2.617823151087311784e-01
7.822220755956996729e-01 3.372392583191021198e-01 3.007377529109770964e-01
8.857261555969841993e-01 3.744506087722474508e-01 3.344201128591363092e-01
9.676912403692613518e-01 4.019118099461163607e-01 3.598850543398626201e-01
1.019872110932334541e+00 4.165433003874956519e-01 3.742425041529096053e-01
1.033953226685548010e+00 4.154018787162027659e-01 3.746501236560169090e-01
1.004270171822424507e+00 3.967759938265869035e-01 3.593095678516168845e-01
9.360105637170609283e-01 3.633848699762066148e-01 3.304390459348523490e-01
8.371506880245820348e-01 3.189331442502985614e-01 2.911997245579982518e-01
7.157491234798279978e-01 2.669902261519495057e-01 2.446859802127229477e-01
5.799430552034250397e-01 2.109891848593508645e-01 1.939305748813215380e-01
4.379438662728287746e-01 1.542267994085548821e-01 1.419107205256757154e-01
2.980312823007869039e-01 9.986542386170955965e-02 9.155640200282251506e-02
1.685435008712358462e-01 5.093786395413070489e-02 4.576814186042363342e-02
5.786972976530437018e-02 1.035145282494344225e-02 7.429541057105134433e-03
-2.555660985408686123e-02 -1.910738564908418327e-02 -2.058205585229207213e-02
-7.514770187231058218e-02 -3.553640879410088771e-02 -3.616723005800682317e-02
-9.183978508050959222e-02 -4.016854741640522863e-02 -4.033368686244930695e-02
-7.848601969859836380e-02 -3.497680484258633427e-02 -3.483470193218363153e-02
-3.797626706914407346e-02 -2.189425877407154275e-02 -2.138800461669123146e-02
2.676630204912010952e-02 -2.815449333381237363e-03 -1.679114885153632896e-03
1.127885787944518520e-01 2.040225449602448352e-02 2.263513032298865302e-02
2.171108711754423104e-01 4.593728463523244487e-02 4.992289453379891023e-02
3.367302480826059319e-01 7.200247284282751403e-02 7.857353102296801839e-02
4.686238774981807964e-01 9.684359459161964723e-02 1.069936698301016537e-01
6.097523604480294956e-01 1.187378426847212620e-01 1.336032286300739003e-01
7.569175022405804087e-01 1.362887585276252311e-01 1.571434881953745477e-01
9.063333159490859492e-01 1.493345739779562142e-01 1.775918510119649518e-01
1.054072648040140781e+00 1.580912871976276057e-01 1.951904784362024359e-01
1.196214986097610566e+00 1.628561096805490049e-01 2.101257923243633197e-01
1.328847373425636080e+00 1.640010645269743550e-01 2.225256499964791690e-01
1.448065134809906063e+00 1.619654677601692905e-01 2.324578243014599199e-01
1.549972365006813568e+00 1.572473657858937668e-01 2.399298457851012922e-01
1.630682158788640423e+00 1.503938948168984102e-01 2.448901816365480766e-01
1.686316528390204406e+00 1.419906897449464134e-01 2.472308302506835975e-01
1.713005983201328020e+00 1.326503926604964689e-01 2.467913500433692453e-01
1.708552214368041167e+00 1.229891247691553280e-01 2.434583587268905891e-01
1.677415153413569726e+00 1.135480856443170927e-01 2.374887498651649387e-01
1.625716991006494583e+00 1.047697638663502573e-01 2.292921264863698183e-01
1.559576269521947944e+00 9.701315033084020878e-02 2.193456588647207106e-01
1.485106338015483862e+00 9.056819868172780175e-02 2.081923924767544454e-01
1.408414274321178050e+00 8.566618712266804714e-02 1.964394898486652441e-01
1.335600389940747146e+00 8.248271524720901526e-02 1.847573594563063359e-01
1.272757799929029598e+00 8.117377089948868418e-02 1.738666334552732007e-01
1.225972654741583678e+00 8.189656604638233250e-02 1.645285673162157347e-01
1.201324705942419024e+00 8.482283023837794422e-02 1.575367272372627525e-01
1.203286286335135902e+00 9.008063893178867854e-02 1.535001579153829343e-01
1.229920017176961533e+00 9.755102923259804937e-02 1.521944348860898577e-01
1.277688642866626756e+00 1.070705702671223142e-01 1.531549221172048281e-01
1.343057559779634591e+00 1.184914410576755200e-01 1.558839873490760475e-01
1.422494797945742295e+00 1.316727602724601653e-01 1.598550272065993871e-01
1.512470876541234688e+00 1.464728627554098550e-01 1.645167847448216480e-01
1.609458552836347645e+00 1.627425031979007897e-01 1.692979355168889588e-01
1.709932478344885265e+00 1.803189769120220332e-01 1.736119311144254107e-01
1.810368774462765673e+00 1.990211361805335477e-01 1.768620847066569857e-01
1.907244535650571171e+00 2.186452879017108386e-01 1.784468929978684504e-01
1.997290122437734849e+00 2.389066767941506464e-01 1.778922910700471705e-01
2.078248162699018131e+00 2.592740601735936123e-01 1.752366078498055202e-01
2.148116872467097149e+00 2.791390508077751242e-01 1.706535246047125864e-01
2.204898158358623572e+00 2.978715710122815663e-01 1.643285476383142540e-01
2.246598251294071424e+00 3.148199865984573353e-01 1.564625241343368667e-01
2.271228209026779243e+00 3.293118789146765590e-01 1.472754353679404937e-01
2.276804286932800014e+00 3.406554529512274554e-01 1.370104741084079425e-01
2.261348176396976939e+00 3.481415888162570083e-01 1.259384147424728873e-01
2.222887113723080788e+00 3.510465321171081787e-01 1.143622830168347093e-01
2.159453863670680818e+00 3.486352270637791961e-01 1.026223326622792420e-01
2.070693796355661309e+00 3.405393880601632617e-01 9.103853609762596610e-02
1.962679908821193031e+00 3.279058134366371613e-01 7.970094029054036744e-02
1.843080408453019015e+00 3.123135602587110426e-01 6.860752300751490895e-02
1.719550105450574407e+00 2.954023611865785326e-01 5.770589652718913221e-02
1.599730736035199330e+00 2.788671964309367701e-01 4.687697849533317696e-02
1.491250736568782376e+00 2.644546005708551806e-01 3.592402474448333494e-02
1.401724149098946715e+00 2.539629308915647976e-01 2.457043830106414584e-02
1.338755015317536046e+00 2.492170716479054915e-01 1.241957961370163122e-02
1.309938781994167689e+00 2.520551119461395539e-01 -1.063764035373088168e-03
1.322862501324348905e+00 2.643198707886966758e-01 -1.656157593975454700e-02
1.382120121267426116e+00 2.871559475042939069e-01 -3.474547597455979187e-02
1.480366630024776198e+00 3.189043520305491208e-01 -5.569604325658900068e-02
1.607287094396163241e+00 3.571649148391883299e-01 -7.921284476294965238e-02
1.752583222339699542e+00 3.994989054371988479e-01 -1.049359788515834002e-01
1.905973134320659179e+00 4.434408477571720741e-01 -1.323323900096738115e-01
2.057191206651163728e+00 4.865099482887620397e-01 -1.606863370462126850e-01
2.195987887512943271e+00 5.262211237390400642e-01 -1.890940159295550205e-01
2.312129371594658700e+00 5.600956373459663462e-01 -2.164623420092176564e-01
2.395397024984314616e+00 5.856713085157617682e-01 -2.415118852595285748e-01
2.435586446642478364e+00 6.005122765275994201e-01 -2.627839534287254586e-01
2.425813642560444627e+00 6.030335837058596882e-01 -2.790163674710732788e-01
2.372427295308864093e+00 5.949433605267911984e-01 -2.903609694663730756e-01
2.285068751419321309e+00 5.787749939265157684e-01 -2.974897979011226212e-01
2.173362408210086638e+00 5.570597577010814039e-01 -3.012571195053157513e-01
2.046916830692974365e+00 5.323174621784501070e-01 -3.026942594481842885e-01
1.915326418985502377e+00 5.070475650864721961e-01 -3.030005433327943587e-01
1.788173715226571980e+00 4.837207625533107014e-01 -3.035303607257502923e-01
1.675032421863090093e+00 4.647710969645274526e-01 -3.057763538760388533e-01
1.585471196126116089e+00 4.525885745809177241e-01 -3.113487461242855914e-01
1.529058260429599692e+00 4.495123106729593809e-01 -3.219508141441018712e-01
1.512914168020662364e+00 4.572122060341052840e-01 -3.389837406193220160e-01
1.534360026965922552e+00 4.748721543989556926e-01 -3.623718289774295331e-01
1.588279128136118823e+00 5.010689552933623725e-01 -3.915731294175132104e-01
1.669568955842681390e+00 5.343945043568443243e-01 -4.259417597376281561e-01
1.773139576857230448e+00 5.734599114758931471e-01 -4.647381221201321022e-01
1.893907408543468840e+00 6.169013743315556741e-01 -5.071541656809487320e-01
2.026777358419633579e+00 6.633909349056604787e-01 -5.523740001468403493e-01
2.166646862970948550e+00 7.116356569624892048e-01 -5.995653377717089505e-01
2.308405566820570964e+00 7.603788344653602538e-01 -6.478872345032278268e-01
2.446932054700285963e+00 8.084020206148423426e-01 -6.965071990855260520e-01
2.577930608475921037e+00 8.546166908689775132e-01 -7.446124016506083798e-01
2.700448509881564707e+00 8.983253961765278461e-01 -7.914044767804251368e-01
2.814358232076573874e+00 9.389302333188828120e-01 -8.361051751622580186e-01
2.919517190206217805e+00 9.758385053079159377e-01 -8.779578412167030610e-01
3.015767060264158417e+00 1.008461697055615724e+00 -9.162260741397557640e-01
3.102933546999060876e+00 1.036214447242211456e+00 -9.501923441390940361e-01
3.180826589884663047e+00 1.058513512255585987e+00 -9.791565570873265179e-01
3.249241001697565689e+00 1.074776703082004348e+00 -1.002434561299016202e+00
3.307957527742416470e+00 1.084421802213725528e+00 -1.019356585509382462e+00
3.356744318495145318e+00 1.086865454754480487e+00 -1.029265599367051420e+00
3.395440778352009303e+00 1.081731865654661950e+00 -1.031720276963755678e+00
3.424211281977464605e+00 1.069480352594700756e+00 -1.027105746970697897e+00
3.443311116354620172e+00 1.050773631808728181e+00 -1.016014900470558757e+00
3.453007448933742563e+00 1.026267248321909298e+00 -9.990411091449657999e-01
3.453580491000236563e+00 9.966090986676451324e-01 -9.767760822984646873e-01
3.445324318392978924e+00 9.624390164150810056e-01 -9.498078539109344742e-01
3.428547354120200286e+00 9.243884276329128458e-01 -9.187189037817589110e-01
3.403572517974847500e+00 8.830800530780671398e-01 -8.840844490910870768e-01
3.370737049937679863e+00 8.391276880724937159e-01 -8.464708841938664019e-01
3.330392014512242316e+00 7.931360593232871237e-01 -8.064343795929966863e-01
3.282922237297316137e+00 7.457112336283487908e-01 -7.645381461001317103e-01
3.228807615484393434e+00 6.974921417253920897e-01 -7.214066037085697936e-01
3.168559661500252478e+00 6.491195033259755665e-01 -6.776686612613647132e-01
3.102698762812698519e+00 6.012257949838452076e-01 -6.339387061541026380e-01
3.031751787427889866e+00 5.544357811444248219e-01 -5.908164031644093095e-01
2.956254246416003983e+00 5.093554755449569704e-01 -5.488712376550647365e-01
2.876758869856054002e+00 4.665403895065218243e-01 -5.085996204931544362e-01
2.793812892147764515e+00 4.265360871579572111e-01 -4.704781753726960392e-01
2.707950354582871810e+00 3.898919667564466618e-01 -4.349816610194314204e-01
2.619690376783295527e+00 3.571626127445529097e-01 -4.025845143739080756e-01
2.529759390698538279e+00 3.287363524674140614e-01 -3.736421234720071483e-01
2.439765014067420967e+00 3.043228160035389429e-01 -3.480326557435389212e-01
2.351532088632244388e+00 2.834802999156190717e-01 -3.255213821966029819e-01
2.266881469138517957e+00 2.657919374331825235e-01 -3.058839982297493210e-01
2.187631465308018441e+00 2.508677548543636893e-01 -2.889092325609578515e-01
2.115599074314665540e+00 2.383462390884054649e-01 -2.744010364505066746e-01
2.052601013726043533e+00 2.278954168358355570e-01 -2.621803553273969190e-01
2.000454567855429744e+00 2.192134374303488231e-01 -2.520864892329365836e-01
1.960978262252102144e+00 2.120286659926034489e-01 -2.439780385858901224e-01
1.935992383223511748e+00 2.060992838918824510e-01 -2.377334365639578451e-01
1.926228872859322205e+00 2.012352938885269005e-01 -2.332077347246570009e-01
1.928060113582032997e+00 1.973372721474289382e-01 -2.300875670889375724e-01
1.936771133164790992e+00 1.942757235742670341e-01 -2.279931078490163854e-01
1.947651200750105005e+00 1.918594597826857595e-01 -2.265141214942408276e-01
1.955994842626670005e+00 1.898352662558720483e-01 -2.252072008918321600e-01
1.957102716140690202e+00 1.878888837876591111e-01 -2.235940655698090695e-01
1.946282299505983193e+00 1.856472997888945486e-01 -2.211609203119406508e-01
1.918848356380476350e+00 1.826823586682198852e-01 -2.173588548393001196e-01
1.870123134102479989e+00 1.785156739114400204e-01 -2.116053004528217762e-01
1.795436258140803210e+00 1.726248381352964711e-01 -2.032865403531440851e-01
1.692309481205091171e+00 1.645963794262882696e-01 -1.919889345248195212e-01
1.567004990446026591e+00 1.546173020579940383e-01 -1.782168183339725986e-01
1.427957971829692196e+00 1.431218349875803819e-01 -1.627647576718210254e-01
1.283589561479884233e+00 1.306497621770648654e-01 -1.464953053094399937e-01
1.142307089569143841e+00 1.178354909398315192e-01 -1.303346656553769911e-01
1.012504537249556913e+00 1.053975994446823966e-01 -1.152674842219863910e-01
9.025631891106009608e-01 9.412923437094335155e-02 -1.023308998759865085e-01
8.208554230623527070e-01 8.486974879129739746e-02 -9.260075768827849552e-02
7.757473549622988518e-01 7.848710348160133077e-02 -8.718064069017089635e-02
7.756012153927098751e-01 7.586430282182933527e-02 -8.719128888657924625e-02
8.255122392849185697e-01 7.761071596144673845e-02 -9.334681695452891337e-02
9.175196662079064813e-01 8.319657486252936274e-02 -1.046854063146197972e-01
1.040412218156332225e+00 9.173605966254537447e-02 -1.197691798421255532e-01
1.182992098660468949e+00 1.022739160179155227e-01 -1.371025157544089601e-01
1.334071800921538209e+00 1.138039558885586278e-01 -1.551455062847208188e-01
1.482470639394986911e+00 1.252868856541304587e-01 -1.723286149168244130e-01
1.617011053501143936e+00 1.356674585769879204e-01 -1.870685401541639648e-01
1.726514734212450941e+00 1.438909526038161246e-01 -1.977852901601711566e-01
1.799798626364254917e+00 1.489189710871499650e-01 -2.029204768881595899e-01
1.825670862209145540e+00 1.497445666276076004e-01 -2.009568361148443560e-01
1.796628970022404070e+00 1.457248204220747967e-01 -1.910066379121120317e-01
1.719967444127148415e+00 1.375346079430818935e-01 -1.745137304530917088e-01
1.606679083143855546e+00 1.261871192583358947e-01 -1.535152649311081752e-01
1.467758157222195603e+00 1.126978678581794652e-01 -1.300525923153913743e-01
1.314205186520613466e+00 9.806962588257230051e-02 -1.061523720192100728e-01
1.157031746155539498e+00 8.327804040469076463e-02 -8.380645993810040273e-02
1.007265232975915970e+00 6.925792678240849654e-02 -6.495056875880181324e-02
8.759535257064625657e-01 5.689022531993220833e-02 -5.144170053994484570e-02
7.741694652631582185e-01 4.698962849845472051e-02 -4.503433501611328604e-02
7.130150773343900683e-01 4.029286938591318534e-02 -4.735536991460467804e-02
7.001437090339428515e-01 3.719978048867880055e-02 -5.924761928269436928e-02
7.293000483947559287e-01 3.706601389143827224e-02 -7.893126538810929516e-02
7.907342865317869007e-01 3.902817733120723942e-02 -1.040276672480176523e-01
8.746751313842366926e-01 4.227328691839891961e-02 -1.322282870548235623e-01
9.713249941340146298e-01 4.604908943668133831e-02 -1.613169939294068489e-01
1.070854769917118476e+00 4.967377364854675542e-02 -1.891975524307986101e-01
1.163396839447074615e+00 5.254493896406721432e-02 -2.139331584874772652e-01
1.239042794959306359e+00 5.414810784658295739e-02 -2.337631450477367090e-01
1.287842376156709490e+00 5.406489158929846800e-02 -2.471203983659023828e-01
1.299803212440459044e+00 5.198063952308291935e-02 -2.526486955373104526e-01
1.267975918349645292e+00 4.784764194836192697e-02 -2.499200603414716282e-01
1.197739645044863632e+00 4.229634717598769467e-02 -2.414324377661238863e-01
1.097606804150525361e+00 3.605577365811266088e-02 -2.302795154348577511e-01
9.761493040674689148e-01 2.977487681343489803e-02 -2.193994098167769691e-01
8.419998564314711276e-01 2.401557770540067513e-02 -2.115590344770941766e-01
7.038518685478467596e-01 1.924615661709488598e-02 -2.093414198825452321e-01
5.704580216042776097e-01 1.583503347719177057e-02 -2.151360169570875058e-01
4.506276454209379168e-01 1.404495138453404346e-02 -2.311320158197013030e-01
3.532230085756077331e-01 1.402759913282519005e-02 -2.593147097727337980e-01
2.871546494643891223e-01 1.581869265313894102e-02 -3.014649324650366391e-01
2.587358603373034471e-01 1.923105577941532779e-02 -3.580372836855917340e-01
2.637048984464669954e-01 2.361399689697955134e-02 -4.249090228926722945e-01
2.950518903185905817e-01 2.828529294245738651e-02 -4.969627073733794975e-01
3.456485931347509366e-01 3.265690284289928663e-02 -5.692437024964805969e-01
4.082532961006820060e-01 3.624088041983235253e-02 -6.369617637024884704e-01
4.755173968505779780e-01 3.865513760893730943e-02 -6.954899957524969256e-01
5.399935513104805462e-01 3.962902954984452719e-02 -7.403611382310648636e-01
5.941452841186983802e-01 3.900873574332715255e-02 -7.672611435186635909e-01
6.303579734859461325e-01 3.676241821869942472e-02 -7.720200079066280585e-01
6.409511223756305665e-01 3.298514023985298083e-02 -7.505998295968893119e-01
6.204392692357622030e-01 2.796685512132515358e-02 -7.008095580128463897e-01
5.723490024914728025e-01 2.230827224436953207e-02 -6.273993221211126015e-01
5.025862173567144930e-01 1.659307598771223025e-02 -5.367306901080790560e-01
4.171934281149032309e-01 1.129929440715502290e-02 -4.350340593809222112e-01
3.223360250491630330e-01 6.793112514860972020e-03 -3.284180859556051768e-01
2.242878198473096385e-01 3.323273603449876726e-03 -2.228803956979641676e-01
1.294129831280738385e-01 1.014695284709338924e-03 -1.243223991145309820e-01
4.413793716487768998e-02 -1.417185868384182330e-04 -3.857518950319158840e-02
-2.506617209945860222e-02 -2.933856877631447861e-04 2.858416377418739746e-02
-7.169693805322807645e-02 2.724325443128438988e-04 7.142013150703763191e-02
-9.092865391989678192e-02 1.144136223807312551e-03 8.586768019333464175e-02
-8.473578171388633506e-02 1.905399565370049716e-03 7.441599321721868721e-02
-5.684676669445140607e-02 2.218243342545381334e-03 4.114271327853054327e-02
-1.104332314039227492e-02 1.829235484209773641e-03 -9.923839076687387614e-03
4.885007847706309553e-02 5.720302059595743296e-04 -7.479606960007706418e-02
1.189755483730281643e-01 -1.631218777752683688e-03 -1.495194978195750757e-01
1.954499492040439046e-01 -4.769558353981160487e-03 -2.301661333259683029e-01
2.743719107995506445e-01 -8.744039416720642693e-03 -3.128288389260714952e-01
3.518276909861768886e-01 -1.336961531887581947e-02 -3.936166747194932980e-01
4.238958816130928842e-01 -1.837812791937870616e-02 -4.686512146163230308e-01
4.875710658004265841e-01 -2.348033419370984531e-02 -5.349880627152646673e-01
5.435308303754776693e-01 -2.857978741379944149e-02 -5.933815595447639035e-01
5.933825184794121466e-01 -3.366268592110199104e-02 -6.455009316682995824e-01
6.387422508328507442e-01 -3.874776360604478137e-02 -6.930058128935393524e-01
6.812333906559705499e-01 -4.388464253595702330e-02 -7.375474371717335442e-01
7.224855005673100905e-01 -4.915173543473898288e-02 -7.807694385371388712e-01
7.641337913358365874e-01 -5.465370286115342480e-02 -8.243082623610366033e-01
8.078190741254993590e-01 -6.051845818208005656e-02 -8.697931808253268615e-01
8.551882078801998910e-01 -6.689373323841946162e-02 -9.188459208287925728e-01
9.078950426712520949e-01 -7.394320814874094649e-02 -9.730799018437281678e-01
9.669853640631758118e-01 -8.178595202931228381e-02 -1.033472001285656194e+00
1.031045526113497202e+00 -9.030948267268319729e-02 -1.098484670298804478e+00
1.098046087077161115e+00 -9.931449670694272869e-02 -1.165955221354408655e+00
1.165956138230764161e+00 -1.085724886112500176e-01 -1.233725122787284745e+00
1.232741261331513849e+00 -1.178315140794912314e-01 -1.299641573351915325e+00
1.296355275196378054e+00 -1.268278138015378198e-01 -1.361564377868217379e+00
1.354718354391657220e+00 -1.353103041579149513e-01 -1.417384626570677986e+00
1.405727375561896419e+00 -1.430341814379738619e-01 -1.465015669731499326e+00
1.447258878246054925e+00 -1.497616159093504706e-01 -1.502390442759357514e+00
1.477167424445908317e+00 -1.552668213088938542e-01 -1.527462783605886276e+00
1.493867758877403862e+00 -1.593844332282619847e-01 -1.538797607772078857e+00
1.498093385240717890e+00 -1.621441401593206322e-01 -1.537329953972954799e+00
1.491163531825094646e+00 -1.636380455292443803e-01 -1.524580737798640007e+00
1.474404289837337512e+00 -1.639724350806197883e-01 -1.502063456325014368e+00
1.449150647492156496e+00 -1.632633495379646194e-01 -1.471282462597314211e+00
1.416748227876967636e+00 -1.616324685468090716e-01 -1.433731477397745202e+00
1.378554727624861531e+00 -1.592032993840668542e-01 -1.390892336527977280e+00
1.335941055176282033e+00 -1.560976702436497887e-01 -1.344233972602223659e+00
1.290292166308280697e+00 -1.524325133813839162e-01 -1.295211635922533855e+00
1.243007595954558342e+00 -1.483169320081711706e-01 -1.245266359285240210e+00
1.195365571905397939e+00 -1.438729777238771379e-01 -1.195680514204973122e+00
1.148111952298598970e+00 -1.393060958908915459e-01 -1.147148272634073374e+00
1.101863762852190565e+00 -1.348376677512756194e-01 -1.100213368435591921e+00
1.057244592950592699e+00 -1.306813708407169872e-01 -1.055414195317733395e+00
1.014884473002370502e+00 -1.270424921544887620e-01 -1.013284092762150701e+00
9.754196472193900069e-01 -1.241173281995901212e-01 -9.743517091067231961e-01
9.394922419782567591e-01 -1.220926686852002174e-01 -9.391414464713561117e-01
9.077498253575637666e-01 -1.211453817516638387e-01 -9.081739940980120274e-01
8.808448623938851529e-01 -1.214420779324939803e-01 -8.819669526991380515e-01
8.594340648440633723e-01 -1.231388564864542567e-01 -8.610355547503502072e-01
8.437600178996335076e-01 -1.263563341878032320e-01 -8.456348525198817967e-01
8.323941336379642175e-01 -1.311137820870985349e-01 -8.349893253709315122e-01
8.234836165725005763e-01 -1.374197754753288536e-01 -8.280764046533570788e-01
8.151692912134694824e-01 -1.453015414779840198e-01 -8.238841127469413994e-01
8.055869701699782670e-01 -1.548073677622525957e-01 -8.214083639015878902e-01
7.928715325765653965e-01 -1.660081969871473884e-01 -8.196475868149589727e-01
7.751657586116031950e-01 -1.789972792230003495e-01 -8.175933864493603043e-01
7.506139676327877597e-01 -1.938931170099267853e-01 -8.142358702771383960e-01
7.173609274089842724e-01 -2.108408746482011986e-01 -8.085639993202081710e-01
6.735531011366968634e-01 -2.300127689182143997e-01 -7.995639308831115066e-01
6.181115789579283426e-01 -2.513800034110113546e-01 -7.863792329328977981e-01
5.530430769252486778e-01 -2.740084608598402638e-01 -7.687935501912206426e-01
4.811135801241684939e-01 -2.967064290741407984e-01 -7.467467913084462339e-01
4.050730785762532427e-01 -3.182445361419082852e-01 -7.201781012739661980e-01
3.276538791169724685e-01 -3.373532109121934464e-01 -6.890299839625433354e-01
2.515692558382315869e-01 -3.527210257772724900e-01 -6.532515614658797043e-01
1.795124576656451920e-01 -3.629939157855573417e-01 -6.128009674023459086e-01
1.141560963364536135e-01 -3.667752623408311319e-01 -5.676468721273252305e-01
5.815193627780543967e-02 -3.626268349147019343e-01 -5.177691350365818401e-01
1.413111100963293162e-02 -3.490705772029056297e-01 -4.631585794928597677e-01
-1.615073927903118434e-02 -3.253527570467237284e-01 -4.043120554495843177e-01
-3.435974322844281142e-02 -2.937565028039135218e-01 -3.437144602138726412e-01
-4.298264658802466304e-02 -2.573625953643134956e-01 -2.843398299416562414e-01
-4.446630379819491163e-02 -2.192944792201250714e-01 -2.291522303219274415e-01
-4.121791832360007651e-02 -1.827172597951977062e-01 -1.811051263679067380e-01
-3.560564623592481215e-02 -1.508353735309940213e-01 -1.431419415990572430e-01
-2.995958921085766294e-02 -1.268889482229550170e-01 -1.181978079716301255e-01
-2.657319836428396684e-02 -1.141488693625896667e-01 -1.092025081619056037e-01
-2.770510631359888662e-02 -1.159105682297981166e-01 -1.190846080909255950e-01
-3.558139590813616526e-02 -1.354865424347230785e-01 -1.507767787674729743e-01
-5.174052222944029722e-02 -1.750079118443582382e-01 -2.059750929562159938e-01
-7.508676635897292007e-02 -2.318346338430205267e-01 -2.814029680046866155e-01
-1.039060791728377287e-01 -3.021018223172765582e-01 -3.725523139118202542e-01
-1.365282857606492928e-01 -3.819110181283134065e-01 -4.749273558761425984e-01
-1.713250898728883032e-01 -4.673365592366101606e-01 -5.840401373896551007e-01
-2.067075297718469484e-01 -5.544364206356493519e-01 -6.954024716254328942e-01
-2.411223734552957465e-01 -6.392746603155604612e-01 -8.045089022259538369e-01
-2.730498965709432513e-01 -7.179287034413381896e-01 -9.068313891457148168e-01
-3.010017435811192521e-01 -7.864958744395594836e-01 -9.978145625693040088e-01
-3.235188505494130951e-01 -8.411008675917610589e-01 -1.072870309779630604e+00
-3.394961049345056603e-01 -8.787705457308881973e-01 -1.128353090915921397e+00
-3.491472372709902849e-01 -9.000355840882731107e-01 -1.164507673690887479e+00
-3.530027542763092274e-01 -9.063102641620955913e-01 -1.182551036953012780e+00
-3.515815011091948938e-01 -8.990181884063188633e-01 -1.183698777789766732e+00
-3.453918632626056251e-01 -8.795884931618440650e-01 -1.169168193699299696e+00
-3.349327930436545864e-01 -8.494523926078806353e-01 -1.140181049108580202e+00
-3.206946569748886366e-01 -8.100400491547172788e-01 -1.097966026197928491e+00
-3.031598961982999718e-01 -7.627777686568397719e-01 -1.043760861566542797e+00
-2.828035097240964024e-01 -7.090855172363370595e-01 -9.788141685075721909e-01
-2.600933638708628481e-01 -6.503747592912078046e-01 -9.043869465099749760e-01
-2.355623278268890175e-01 -5.881354952293558203e-01 -8.220554296042034137e-01
-2.100197821665338305e-01 -5.241970533301087976e-01 -7.346192540629066237e-01
-1.843279150859605808e-01 -4.604526219246719565e-01 -6.452010716064973117e-01
-1.593289698908064156e-01 -3.987684805020723644e-01 -5.569454662838957404e-01
-1.358457659839724663e-01 -3.409838872682366406e-01 -4.730184694562769576e-01
-1.146823846549244186e-01 -2.889116839654539692e-01 -3.966066228100151858e-01
-9.662503653566872908e-02 -2.443396173118893289e-01 -3.309156014009035363e-01
-8.244312484531715612e-02 -2.090323770715609430e-01 -2.791684081297511888e-01
-7.289051843398205999e-02 -1.847343497709839910e-01 -2.446031503623273540e-01
-6.870704322437765077e-02 -1.731730884107464119e-01 -2.304704080524060394e-01
-7.038750487928041588e-02 -1.755426243337903369e-01 -2.389560760703483278e-01
-7.749576738887634098e-02 -1.909575455487096673e-01 -2.679474088489718353e-01
-8.938098165297467257e-02 -2.180392849498374863e-01 -3.142396184857877972e-01
-1.054107413279878475e-01 -2.554397010835132154e-01 -3.746082551964629026e-01
-1.249683604430403272e-01 -3.018398504032437368e-01 -4.458098411325526200e-01
-1.474497249850692526e-01 -3.559459968822379916e-01 -5.245842225918821988e-01
-1.722598862075684911e-01 -4.164779981682067422e-01 -6.076620166608854845e-01
-1.988101317549871017e-01 -4.821672671279879085e-01 -6.917657236429384238e-01
-2.265154299241075586e-01 -5.517543198399560422e-01 -7.736113178937868984e-01
-2.547921124383513147e-01 -6.239855055138289197e-01 -8.499105257060000085e-01
-2.831604337127689996e-01 -6.975985988900730295e-01 -9.178806610063133808e-01
-3.115589864219709404e-01 -7.712838234718254471e-01 -9.767694209017171447e-01
-3.400352342217942136e-01 -8.437160081610886042e-01 -1.026331240681387147e+00
-3.686437194861878486e-01 -9.135666699248889966e-01 -1.066319539906689595e+00
-3.974481707839885303e-01 -9.795048225554656707e-01 -1.096486744419459258e+00
-4.265232489396847959e-01 -1.040197827170504352e+00 -1.116584094531576143e+00
-4.559559297944667522e-01 -1.094312282221833632e+00 -1.126361238750389182e+00
-4.858465174577354939e-01 -1.140514944068613978e+00 -1.125565620697260405e+00
-5.163092895460147380e-01 -1.177473678346619979e+00 -1.113941656297835481e+00
-5.474727723548826752e-01 -1.203858436205881510e+00 -1.091229704938978973e+00
-5.792373815409255222e-01 -1.218671242188186898e+00 -1.057476269315990258e+00
-6.105442792708899447e-01 -1.222226364798750575e+00 -1.013972023993553018e+00
-6.400949609763775250e-01 -1.215150257844511694e+00 -9.623256946281424362e-01
-6.665924528104493207e-01 -1.198050750809935172e+00 -9.041536350124916854e-01
-6.887411480309753031e-01 -1.171517254114575746e+00 -8.410794459416830460e-01
-7.052465107455833104e-01 -1.136121100680428153e+00 -7.747334310181288597e-01
-7.148146385294747995e-01 -1.092416022842643386e+00 -7.067518878910645785e-01
-7.161516784071964015e-01 -1.040938757730364372e+00 -6.387762410928390366e-01
-7.079630871357105448e-01 -9.822097873347005459e-01 -5.724520086199825775e-01
-6.889527292797436031e-01 -9.167342127941772167e-01 -5.094276028655451150e-01
-6.585717670213692143e-01 -8.452935346148112705e-01 -4.511162911459041247e-01
-6.192600800636295366e-01 -7.698345896445321079e-01 -3.979813780895765651e-01
-5.741842033905432130e-01 -6.926232547797346317e-01 -3.502411676337234270e-01
-5.264878728688500154e-01 -6.159532088879495770e-01 -3.081086558487354798e-01
-4.792951241785169403e-01 -5.421403466462714205e-01 -2.717965640411638129e-01
-4.357127538994842730e-01 -4.735188621557792632e-01 -2.415205847009391782e-01
-3.988322431492787312e-01 -4.124397297714105792e-01 -2.175007069675688187e-01
-3.717411272580092296e-01 -3.612525353870486011e-01 -1.999800484635596287e-01
-3.575287550723330599e-01 -3.222971675710032957e-01 -1.892325777479936244e-01
-3.592899212551803889e-01 -2.978992410676966629e-01 -1.855664876254902451e-01
-3.789483999270791270e-01 -2.894700948462169965e-01 -1.890318055616144743e-01
-4.137203924483945361e-01 -2.948215697218920517e-01 -1.985198255965247016e-01
-4.596526859863556691e-01 -3.108668779799166337e-01 -2.126143394841403245e-01
-5.127980250543905383e-01 -3.345265977112708011e-01 -2.298756591128040538e-01
-5.692108319106101710e-01 -3.627369290513390299e-01 -2.488348265149891159e-01
-6.249433886574629060e-01 -3.924569278469606237e-01 -2.679889659685883441e-01
-6.760424958213949731e-01 -4.206747005231030734e-01 -2.857977570978273985e-01
-7.185466143469300127e-01 -4.444125449083078938e-01 -3.006810054697647283e-01
-7.484834979930732324e-01 -4.607310121756499344e-01 -3.110172846090571985e-01
-7.618683167154126634e-01 -4.667318666204008926e-01 -3.151436220844983094e-01
-7.561404081641768249e-01 -4.605027169236075579e-01 -3.119163099219474100e-01
-7.344843347184846216e-01 -4.439205450222756810e-01 -3.024174092962383931e-01
-7.015286315670050676e-01 -4.197759288330508709e-01 -2.883193141423313066e-01
-6.619109309316905110e-01 -3.908195171164760562e-01 -2.713324335613521709e-01
-6.202792071238349969e-01 -3.597587987551632560e-01 -2.532060349911335884e-01
-5.812925731454879896e-01 -3.292561662647094378e-01 -2.357282032226506729e-01
-5.496216401633946536e-01 -3.019282949714344744e-01 -2.207249432147804780e-01
-5.299484532791047808e-01 -2.803468636791957014e-01 -2.100584448892630907e-01
-5.269660218984006939e-01 -2.670406256151642843e-01 -2.056245385892171984e-01
-5.453774633929761029e-01 -2.644988449135702857e-01 -2.093493545877591067e-01
-5.880722174073598207e-01 -2.742567422011484291e-01 -2.224896214092662583e-01
-6.506501590839327553e-01 -2.941730991011740626e-01 -2.435191408046389894e-01
-7.268772572727170145e-01 -3.212431869545687713e-01 -2.701751011526520863e-01
-8.105073467112228203e-01 -3.525232994099318229e-01 -3.001500235533300920e-01
-8.952834527365716166e-01 -3.851263229165804436e-01 -3.310947741017254975e-01
-9.749401063395024547e-01 -4.162123608205455239e-01 -3.606244824668899396e-01
-1.043207487504781650e+00 -4.429695005801518870e-01 -3.863305174635728312e-01
-1.093812274079526192e+00 -4.626119546867558663e-01 -4.057810088544233640e-01
-1.120479019861851944e+00 -4.723757692705954914e-01 -4.165228512654713944e-01
-1.116931906857677959e+00 -4.695126493783122745e-01 -4.160847145894185362e-01
-1.079015443022825593e+00 -4.522123749095839917e-01 -4.027805163107111008e-01
-1.011054288586223038e+00 -4.223657264129909716e-01 -3.781295772824664336e-01
-9.194981140008279263e-01 -3.827544784320600080e-01 -3.444784916149787879e-01
-8.108010872648768741e-01 -3.361264321462215099e-01 -3.042004613709636818e-01
-6.914200172179447712e-01 -2.852020765532967128e-01 -2.596923940723668278e-01
-5.678126190610293111e-01 -2.326804917298634368e-01 -2.133726528830107161e-01
-4.464358945895354203e-01 -1.812444886187830617e-01 -1.676794469758357276e-01
-3.337446189597230162e-01 -1.335649803682101566e-01 -1.250698567621058299e-01
-2.361899240447043469e-01 -9.230459085534903352e-02 -8.801948690555530530e-02
-1.602179683844412172e-01 -6.012050142715635176e-02 -5.902274952412354947e-02
-1.106545463534045898e-01 -3.899123908323860049e-02 -3.997824512075044689e-02
-8.586402155206213083e-02 -2.819666688291197140e-02 -3.033304413703791919e-02
-8.259526355833174405e-02 -2.635093513172812388e-02 -2.891183499424168635e-02
-9.759687318300175329e-02 -3.207664173782752426e-02 -3.453043230246585771e-02
-1.276178974424669321e-01 -4.400284578908780775e-02 -4.599612127289848251e-02
-1.694085035039593345e-01 -6.076346079329366517e-02 -6.210768057019996902e-02
-2.197206174196416895e-01 -8.099602604053814103e-02 -8.165507838773158888e-02
-2.753085340244367796e-01 -1.033408494131870109e-01 -1.034188397758443734e-01
-3.329295044795675951e-01 -1.264405191742115631e-01 -1.261690791258813782e-01
-3.893443081328226696e-01 -1.489397818708036725e-01 -1.486641918162785458e-01
-4.421747533815767461e-01 -1.698216893458854293e-01 -1.699712368323877953e-01
-4.924725747731981684e-01 -1.894132093504984071e-01 -1.904394414619980935e-01
-5.421444324423391192e-01 -2.083731244413590533e-01 -2.107497700265895946e-01
-5.930940422515682542e-01 -2.273551972232419338e-01 -2.315961612425287974e-01
-6.472218132829784532e-01 -2.470076737990784532e-01 -2.536867737088342456e-01
-7.064249221809404400e-01 -2.679726229346174882e-01 -2.777442303261860035e-01
-7.725985896626854643e-01 -2.908851402053699298e-01 -3.045029021407563707e-01
-8.476350526545015640e-01 -3.163721101705266325e-01 -3.347124230458193295e-01
-9.334231364584190116e-01 -3.450507930980497018e-01 -3.691397209886433939e-01
-1.031848316445889147e+00 -3.775272202227477614e-01 -4.085698971322493933e-01
-1.143649126420915207e+00 -4.140104815416653650e-01 -4.533775529251803382e-01
-1.264990817903667519e+00 -4.531679223320939642e-01 -5.022181933721274749e-01
-1.390905617941214478e+00 -4.932926864149482782e-01 -5.532788079705317497e-01
-1.516437947854024637e+00 -5.326929846665715562e-01 -6.046996011860681364e-01
-1.636644258666847929e+00 -5.696960419297923961e-01 -6.545717668337187600e-01
-1.746592565676900133e+00 -6.026526353041308237e-01 -7.009356747782383712e-01
-1.841361686904274375e+00 -6.299422253891175938e-01 -7.417794600475952072e-01
-1.916040198039280718e+00 -6.499786777187950282e-01 -7.750379923194483656e-01
-1.965725107910056391e+00 -6.612165787687094287e-01 -7.985922235235120015e-01
-1.985520266430409908e+00 -6.621581470488504539e-01 -8.102688999886756838e-01
-1.972433023509475358e+00 -6.519750477469813399e-01 -8.086090937891856623e-01
-1.931061864374559400e+00 -6.323283963273026442e-01 -7.952132597829930649e-01
-1.867889784326175695e+00 -6.054729829087077686e-01 -7.725055354350028880e-01
-1.789385369472884291e+00 -5.736285858597645060e-01 -7.429764933832164742e-01
-1.702004422259458138e+00 -5.389718484447922897e-01 -7.091841709388514436e-01
-1.612191918682732483e+00 -5.036273824577299774e-01 -6.737546404218992535e-01
-1.526384271255581515e+00 -4.696580979002688006e-01 -6.393821431589037374e-01
-1.451011898304533698e+00 -4.390547248810164893e-01 -6.088287612163758578e-01
-1.392502029838618149e+00 -4.137245590711043919e-01 -5.849237094436534612e-01
-1.357281717793824338e+00 -3.954794182555936843e-01 -5.705622625630433209e-01
-1.349961628799933422e+00 -3.854785407040287604e-01 -5.679177625282851860e-01
-1.367880510633579405e+00 -3.826362762390500549e-01 -5.760433912805522638e-01
-1.406564062366207457e+00 -3.853452996957139609e-01 -5.931670220105250690e-01
-1.461542714293657230e+00 -3.920408834549861665e-01 -6.174690314338621144e-01
-1.528349476527280482e+00 -4.012088988889382368e-01 -6.470829566556104417e-01
-1.602514704902342935e+00 -4.114021773556254535e-01 -6.800986649519430438e-01
-1.679554176386260256e+00 -4.212761564290965488e-01 -7.145708677222752936e-01
-1.754974707527385602e+00 -4.295804561083962914e-01 -7.485144479869683121e-01
-1.824275729501852794e+00 -4.351603846856668678e-01 -7.799030446696813001e-01
-1.882949095314468080e+00 -4.369635045894156300e-01 -8.066691978504700877e-01
-1.927615330621911927e+00 -4.343202924647622809e-01 -8.272056393969413612e-01
-1.959434088937662688e+00 -4.277254085950592533e-01 -8.418914095215315196e-01
-1.980703160704871291e+00 -4.179208213332062938e-01 -8.516242776258992064e-01
-1.993724219972750067e+00 -4.056031780828683320e-01 -8.573241071452086803e-01
-2.000803021873085008e+00 -3.914205052434157617e-01 -8.599327445041777818e-01
-2.004249166606902222e+00 -3.759699833430444338e-01 -8.604141473228694714e-01
-2.006375479320819721e+00 -3.597968029923720445e-01 -8.597547205479409982e-01
-2.009497024853576175e+00 -3.433941589184495435e-01 -8.589638829078365401e-01
-2.015929841731891603e+00 -3.272043381649278881e-01 -8.590747813971268965e-01
-2.027989439071548272e+00 -3.116209152336538724e-01 -8.611451366062123913e-01
-2.046970964290800499e+00 -2.968655980625355961e-01 -8.658676703095368188e-01
-2.070096960358357663e+00 -2.826565734137619357e-01 -8.723754770606981790e-01
-2.093578881055488949e+00 -2.686641840971821793e-01 -8.793714362068956181e-01
-2.113638568579692123e+00 -2.546426052657814187e-01 -8.855113948784461009e-01
-2.126510802172077774e+00 -2.404219074141845935e-01 -8.894026543435347154e-01
-2.128445772654337986e+00 -2.258982724250459539e-01 -8.896024248326581674e-01
-2.115711434414605296e+00 -2.110223765355366821e-01 -8.846162775916740495e-01
-2.084595707339477411e+00 -1.957860111222411437e-01 -8.728965901456133825e-01
-2.031408509464630807e+00 -1.802069138876983556e-01 -8.528410223673464907e-01
-1.952483622729215496e+00 -1.643118428494877437e-01 -8.227910307265605683e-01
-1.846092530949108301e+00 -1.482240848584209791e-01 -7.817778266697197331e-01
-1.718163206986039304e+00 -1.324234661486093367e-01 -7.318166378670952765e-01
-1.576509275841434077e+00 -1.173613043102666731e-01 -6.757589809897445177e-01
-1.428908699163008889e+00 -1.033705851557819716e-01 -6.165617837292026726e-01
-1.283099175735948672e+00 -9.069770720978141687e-02 -5.572906556937935463e-01
-1.146775529107415315e+00 -7.952872162914177701e-02 -5.011205225068431357e-01
-1.027589182871692541e+00 -7.000840959102777594e-02 -4.513332826124005215e-01
-9.331369262070083881e-01 -6.231747077127122725e-02 -4.113309632011229455e-01
-8.709568818111759203e-01 -5.671410542991990600e-02 -3.846377046336618699e-01
-8.485273517429553491e-01 -5.356042222558985572e-02 -3.748967218109631183e-01
-8.705432514562171376e-01 -5.320919199271791078e-02 -3.846687033867679517e-01
-9.307853582146511373e-01 -5.557518558834813327e-02 -4.117545391869342208e-01
-1.020356854361786247e+00 -6.046307290830996162e-02 -4.526401231939132797e-01
-1.130418635835954255e+00 -6.765797689783269175e-02 -5.036724094564110077e-01
-1.252191884255666743e+00 -7.689186125092639656e-02 -5.610611852605900118e-01
-1.376959870114575768e+00 -8.781438427817264691e-02 -6.208827936628196209e-01
-1.496068994559103249e+00 -9.996820164727968083e-02 -6.790857094264455274e-01
-1.600929039809410703e+00 -1.127686628010814013e-01 -7.314978928101313338e-01
-1.683012572083469438e+00 -1.254878797429060389e-01 -7.738358427953828667e-01
-1.733853415829867295e+00 -1.372431168629143772e-01 -8.017152859372418394e-01
-1.747451797997606304e+00 -1.471468592259656538e-01 -8.118324872023302552e-01
-1.727462467793041245e+00 -1.548535445139815614e-01 -8.055400190060050258e-01
-1.679913252937396351e+00 -1.602291173430240301e-01 -7.854407265741442101e-01
-1.610789311031826987e+00 -1.632249754831381905e-01 -7.542273139225753598e-01
-1.526034101001341181e+00 -1.638878044586498106e-01 -7.146753603207890437e-01
-1.431550990533658307e+00 -1.623665159386697421e-01 -6.696352456277029352e-01
-1.333205583388303861e+00 -1.589163415621864806e-01 -6.220230020313454178e-01
-1.236828850134628066e+00 -1.539000944579803631e-01 -5.748101183432454686e-01
-1.148221152248905863e+00 -1.477867133273450539e-01 -5.310122749190606672e-01
-1.073157241276323726e+00 -1.411471425798802026e-01 -4.936769991868916740e-01
-1.015775754016770671e+00 -1.345365462861008443e-01 -4.650528170385643256e-01
-9.737455119194937669e-01 -1.281022379260401689e-01 -4.441115479272234046e-01
-9.431339117214923018e-01 -1.218247946922872971e-01 -4.289769079931176621e-01
-9.200229526536836122e-01 -1.156184408842351186e-01 -4.177466650708803186e-01
-9.005052066567565960e-01 -1.093350582522045755e-01 -4.085019954294464850e-01
-8.806768774757703921e-01 -1.027750764622000768e-01 -3.993212965395260827e-01
-8.566262809850094806e-01 -9.570916872878254544e-02 -3.883015670942586706e-01
-8.244362069993864672e-01 -8.786803769467374514e-02 -3.735575053629442421e-01
-7.801814468326148111e-01 -7.894311579868962259e-02 -3.532275618101577419e-01
-7.199245079952009130e-01 -6.859150423150502107e-02 -3.254826761815579617e-01
-6.411130524675054954e-01 -5.656297802375009898e-02 -2.891907110854561314e-01
-5.467869213068747847e-01 -4.309895353803105261e-02 -2.458738855884808616e-01
-4.413876524600405804e-01 -2.860699101600066088e-02 -1.977027253311117727e-01
-3.293638804422094335e-01 -1.353820789065014046e-02 -1.468245877399188548e-01
-2.151758827266623819e-01 1.617792918026572570e-03 -9.535405022087675708e-02
-1.032993909956078787e-01 1.633666042453209982e-02 -4.536445303027209636e-02
1.771355582674842902e-03 3.006173010865561754e-02 1.119391840033171458e-03
9.552132818885797350e-02 4.220519316988885494e-02 4.212730924387480397e-02
1.734132027172546053e-01 5.214805110303057101e-02 7.574866732230636779e-02
2.308866322401095517e-01 5.923889567218207364e-02 1.001360551704460755e-01
2.649097636945753065e-01 6.303777231043151963e-02 1.141659371973957476e-01
2.786445623733231347e-01 6.407789365638515144e-02 1.193800708247257925e-01
2.768122222149417833e-01 6.317063040246549688e-02 1.179482018838641372e-01
2.641462067626201837e-01 6.116513504014732538e-02 1.119961353319138958e-01
2.453933460726210880e-01 5.894884403647665527e-02 1.036014631352489279e-01
2.253141100223975124e-01 5.744913729649765710e-02 9.479053974657872250e-02
2.086820658245782667e-01 5.763610522401445974e-02 8.753672980188713371e-02
2.002825214238865836e-01 6.052638572602467987e-02 8.375996153509475406e-02
2.049103758272199372e-01 6.718800157720944410e-02 8.532758968586255655e-02
2.273671837094966008e-01 7.874615284547660521e-02 9.405658704665992298e-02
2.707315609558113567e-01 9.595009959198474991e-02 1.110337728147449826e-01
3.311753280821336243e-01 1.178202053614256228e-01 1.346030437620425180e-01
4.031357049477544141e-01 1.428972167697207529e-01 1.624741161980253756e-01
4.810432214757760505e-01 1.696662483206473060e-01 1.924124471654850566e-01
5.593257821627403148e-01 1.965495825612670056e-01 2.222361515149474942e-01
6.324149771191952540e-01 2.218962137828721926e-01 2.498101838739422154e-01
6.947569614207766975e-01 2.439642229495674608e-01 2.730354046021676306e-01
7.408164196616975339e-01 2.609160863840562783e-01 2.898439938171863406e-01
7.650809204998331170e-01 2.708141094083678646e-01 2.981943796978215322e-01
7.620659094677090240e-01 2.716155083997349173e-01 2.960653350105006965e-01
7.284277128321470229e-01 2.618874481122306364e-01 2.822589607252934396e-01
6.692757281392861524e-01 2.430333753686207410e-01 2.588025981401258502e-01
5.918149584221906734e-01 2.172676399984770079e-01 2.284897410662311557e-01
5.032263836169761362e-01 1.869228988527126822e-01 1.940732805554962470e-01
4.106602891890665519e-01 1.544568693695055894e-01 1.582728506260078216e-01
3.212301167887259834e-01 1.224573458214558153e-01 1.237820386433842734e-01
2.420068709736460377e-01 9.364550499607167400e-02 9.327545469692094526e-02
1.800141189965224764e-01 7.087752638392480486e-02 6.941565794186986549e-02
1.422236180661507754e-01 5.714455686598773898e-02 5.485994714461611688e-02
1.355516098606140141e-01 5.557104271245275756e-02 5.226702103590456783e-02
1.646661636902785608e-01 6.852168826584685568e-02 6.346220955341221048e-02
2.254478955957255615e-01 9.484672314215894517e-02 8.692175377702757166e-02
3.116165174888393397e-01 1.324064183884453572e-01 1.203008468437355566e-01
4.169326996789067818e-01 1.789395378006715664e-01 1.612701194131262172e-01
5.352018394817668057e-01 2.320636869738205987e-01 2.075097807036020425e-01
6.602772018994086389e-01 2.892770671926789272e-01 2.567038506212904747e-01
7.860623939867700249e-01 3.479616228609379580e-01 3.065344733583568182e-01
9.065131513992187307e-01 4.053875355751966336e-01 3.546763028250091709e-01
1.015638398063029912e+00 4.587190622065616119e-01 3.987909518126628861e-01
1.107500546114194462e+00 5.050217041616058555e-01 4.365214984386329711e-01
1.177535691090145997e+00 5.418881300214228869e-01 4.660082289397222133e-01
1.226492163431419646e+00 5.693399810526825755e-01 4.874557480137488019e-01
1.256428132808646847e+00 5.880506289774485307e-01 5.015829829911948590e-01
1.269384315730600621e+00 5.987375190145913795e-01 5.091057347145258039e-01
1.267383185481697483e+00 6.021610411329849644e-01 5.107385253474496789e-01
1.252427915309211492e+00 5.991253215680713007e-01 5.071949290029764690e-01
1.226500579813418312e+00 5.904829752154362454e-01 4.991850993270233183e-01
1.191563815041676966e+00 5.771246637214931807e-01 4.874228380880176736e-01
1.149561774668004022e+00 5.599730926948836007e-01 4.726294919479274159e-01
1.102420779584936117e+00 5.399793656057695346e-01 4.555360111544573543e-01
1.052090166121056880e+00 5.181180023333500362e-01 4.369052089867585531e-01
1.000663472833880130e+00 4.953797987101236089e-01 4.175944940808122841e-01
9.502598773596997450e-01 4.727729680610527896e-01 3.984948974947341016e-01
9.029855966052287020e-01 4.513206736679373221e-01 3.805111840081818464e-01
8.609354310143010336e-01 4.320571296393960203e-01 3.645621919161714519e-01
8.261944801926068838e-01 4.160237704778790291e-01 3.515808053300881197e-01
8.008400223662558437e-01 4.042654988910655556e-01 3.425135570483899272e-01
7.869435499434105363e-01 3.978270237198889281e-01 3.383198573624117134e-01
7.865729527376558172e-01 3.977492906393137462e-01 3.399708560660079648e-01
8.017948397656499138e-01 4.050660127774128316e-01 3.484479401212192684e-01
8.335827657868727369e-01 4.202742451315533700e-01 3.642530553303672813e-01
8.785433269598210693e-01 4.417512754971731903e-01 3.859317629102185787e-01
9.322087141502252150e-01 4.673313729722395893e-01 4.115158869675183961e-01
9.901283527095539050e-01 4.948384893914817284e-01 4.390098145238556238e-01
1.047864329513445991e+00 5.220937475339295641e-01 4.663928133929693409e-01
1.100986544139092249e+00 5.469227032389349930e-01 4.916221113993617942e-01
1.145067607511411012e+00 5.671623748259870812e-01 5.126367204739719075e-01
1.175677487777759378e+00 5.806680866938609409e-01 5.273619865370542392e-01
1.188377942312390800e+00 5.853201025362065879e-01 5.337148426880546914e-01
1.178716755817720063e+00 5.790300687385750988e-01 5.296097400330377347e-01
1.144022322762898503e+00 5.605948593527085855e-01 5.137967683157527166e-01
1.088806533717675329e+00 5.322259273308618255e-01 4.883685230294823043e-01
1.019375261791763743e+00 4.969711611851344579e-01 4.562750650454850954e-01
9.420363606682360391e-01 4.578537548384581379e-01 4.204871003109137417e-01
8.631075621002544107e-01 4.178631276769507186e-01 3.839879859733730805e-01
7.889223465415797776e-01 3.799485066960189283e-01 3.497672733080182117e-01
7.258330549350640037e-01 3.470160449877538467e-01 3.208166023436535563e-01
6.802275632126778548e-01 3.219115598975771375e-01 3.001104789536826467e-01
6.585368446692497768e-01 3.074132282254056769e-01 2.905961988995257039e-01
6.672379897285447559e-01 3.062294812283598566e-01 2.951881036752965204e-01
7.105596948214356612e-01 3.199885047729557064e-01 3.156939786785499802e-01
7.835675795526354515e-01 3.462515406955088415e-01 3.496210113405485709e-01
8.790008484627925833e-01 3.816257659061334517e-01 3.934162059372725562e-01
9.895558255270284764e-01 4.227915859497998752e-01 4.435478359471463072e-01
1.107882009076454066e+00 4.665060198799487190e-01 4.965123344484919099e-01
1.226580108056257723e+00 5.096034199338073112e-01 5.488396045437586857e-01
1.338201986208473526e+00 5.489934665486442267e-01 5.970968010948078941e-01
1.435252440893734160e+00 5.816563702244696987e-01 6.378906403163582262e-01
1.510192743719619868e+00 6.046352097280277560e-01 6.678683004706730264e-01
1.555445876774690372e+00 6.150253349675053327e-01 6.837169778136372722e-01
1.565850691469375056e+00 6.109652087288941491e-01 6.833886038133465402e-01
1.546034952432587373e+00 5.946060845392815430e-01 6.697528933664637085e-01
1.503117351067915219e+00 5.690439014667441064e-01 6.468743862549134471e-01
1.444263260879386834e+00 5.373140026179368256e-01 6.187789960115703813e-01
1.376679932623035452e+00 5.024007677216481005e-01 5.894541614423509657e-01
1.307610107879189076e+00 4.672498612267381168e-01 5.628502109848624313e-01
1.244324063517942669e+00 4.347831437334711002e-01 5.428828998950409046e-01
1.194110086405570259e+00 4.079162435611075055e-01 5.334371024687952767e-01
1.164263335774150310e+00 3.895788444458777589e-01 5.383716304980630252e-01
1.162073034575516139e+00 3.827376752485494582e-01 5.615251819519840870e-01
1.192450201603281190e+00 3.895156944169558821e-01 6.053326539506350690e-01
1.250842847947795100e+00 4.084722815945113772e-01 6.666724326154339630e-01
1.330310664980263624e+00 4.372806000490407907e-01 7.410618575482552650e-01
1.423891126074104951e+00 4.736101724470208607e-01 8.240477861569786011e-01
1.524609625467223673e+00 5.151056745776564361e-01 9.112021169103210472e-01
1.625497233444768153e+00 5.593504971873561882e-01 9.981138242576838016e-01
1.719625943227635068e+00 6.037975251042848601e-01 1.080373247983471785e+00
1.800111866121544946e+00 6.457757041640578288e-01 1.153569077557827338e+00
1.860124575578297579e+00 6.824820412887963039e-01 1.213282582177754199e+00
1.892900311372745836e+00 7.109664651689256987e-01 1.255079905161646359e+00
1.893670724606626887e+00 7.288368658421728874e-01 1.275737627069746249e+00
1.865391669897833449e+00 7.364718184625164143e-01 1.276941726546342304e+00
1.812937844196966575e+00 7.350072600987539451e-01 1.261599332500626058e+00
1.741169898250841674e+00 7.256548914075223733e-01 1.232611617903029311e+00
1.654925819457403247e+00 7.097157736357516677e-01 1.192878464272386640e+00
1.559012949232547074e+00 6.885906402872024046e-01 1.145303167562435664e+00
1.458200751071319523e+00 6.637869399786515689e-01 1.092797144829533718e+00
1.357214444196325420e+00 6.369226833310871472e-01 1.038284591011252145e+00
1.260729668338641529e+00 6.097270974458501858e-01 9.847070238578330414e-01
1.173368325977284465e+00 5.840381594353659667e-01 9.350276541849524836e-01
1.098816148482958610e+00 5.614844352083262491e-01 8.917201535769354592e-01
1.037200218360708304e+00 5.425035403058298122e-01 8.552171954609169013e-01
9.877597354805150998e-01 5.272116902444183850e-01 8.254423467329430331e-01
9.497319191534759897e-01 5.157042223476255849e-01 8.023225719053721505e-01
9.223538697979012380e-01 5.080532145168936697e-01 7.857872722857983661e-01
9.048644331358834947e-01 5.043057778041900585e-01 7.757672468718654901e-01
8.965060266404736300e-01 5.044830181232182742e-01 7.721935953567706790e-01
8.965264402787351816e-01 5.085796404255871206e-01 7.749965367134717953e-01
9.041805313169102298e-01 5.165642004980505186e-01 7.841042039868713065e-01
9.187317932127045950e-01 5.283799853662883850e-01 7.994414212331076852e-01
9.393693857750609055e-01 5.438561490718929470e-01 8.207960822618085572e-01
9.649596229116711443e-01 5.624373184563367101e-01 8.474195234763292062e-01
9.943052180252837102e-01 5.834553694961023274e-01 8.784206678730372975e-01
1.026229069422448958e+00 6.062237595028563408e-01 9.128976919408160473e-01
1.059572102734538834e+00 6.300424935566428797e-01 9.499378075189572890e-01
1.093184580050166499e+00 6.542116811442513225e-01 9.886184978536134427e-01
1.125903288745125241e+00 6.780633158481568223e-01 1.028011862537824062e+00
1.156563146594705271e+00 7.009461689913001337e-01 1.067181517524354195e+00
1.183999710208593292e+00 7.222236233527542515e-01 1.105181445529753947e+00
1.207046515976237133e+00 7.412786346889025380e-01 1.141055953166195680e+00
1.224860653031810243e+00 7.576362398428311273e-01 1.173993989680396366e+00
1.237904923110875410e+00 7.713113214143350049e-01 1.203799003736417461e+00
1.246964816190141878e+00 7.824362167707115123e-01 1.230437505241322338e+00
1.252821627982891206e+00 7.911351084548358115e-01 1.253887019971410721e+00
1.256253209305509211e+00 7.975189906439305032e-01 1.274136851816905835e+00
1.258034495357983396e+00 8.016811625898609961e-01 1.291188809303378981e+00
1.258937814234529773e+00 8.036932434325795294e-01 1.305057892097440497e+00
1.259732952058025823e+00 8.036017147233027735e-01 1.315772951348148201e+00
1.261187011341315500e+00 8.014249803040488507e-01 1.323377294362769963e+00
1.264064077768599859e+00 7.971509419990727707e-01 1.327929224410657083e+00
1.268712541473046462e+00 7.908185345145941625e-01 1.329650008872215849e+00
1.273829392070090272e+00 7.828046266286713406e-01 1.329348473623550575e+00
1.277700507885118908e+00 7.736421582123117480e-01 1.327945599772384799e+00
1.278616832340561338e+00 7.639508582673515402e-01 1.326320379944230687e+00
1.274878412678793982e+00 7.544407946587107228e-01 1.325308007642033381e+00
1.264798502822931825e+00 7.459144236791588334e-01 1.325698517457483350e+00
1.246707635103425638e+00 7.392671508436471361e-01 1.328235914126585593e+00
1.218957406656020481e+00 7.354865085319055584e-01 1.333617926604202975e+00
1.179924004303922525e+00 7.356499096616322397e-01 1.342496333494929805e+00
1.128011326743256326e+00 7.409210272629690452e-01 1.355477912432082377e+00
1.062265867749363490e+00 7.522876636950018847e-01 1.372735451728104294e+00
9.842064309109727072e-01 7.697154516171790251e-01 1.392870350446061556e+00
8.959695933169863347e-01 7.927946580445617286e-01 1.414142935150601410e+00
7.996893897109096372e-01 8.209789231703665813e-01 1.434872923673548462e+00
6.974912703753438636e-01 8.535861049237803977e-01 1.453440589870034660e+00
5.914895440455796294e-01 8.898012091751826835e-01 1.468285768413302828e+00
4.837923933603179849e-01 9.286833899837408923e-01 1.477903715097121706e+00
3.764892339108728558e-01 9.691747578997634838e-01 1.480848714196744575e+00
2.716436978898407739e-01 1.010107969095597635e+00 1.475733274274968476e+00
1.712900362437990154e-01 1.050214531685821573e+00 1.461224847821972483e+00
7.715711260281810091e-02 1.088290977213961730e+00 1.436562865238412812e+00
-1.015639125920586583e-02 1.123712789852812532e+00 1.403105628697402629e+00
-9.036874225224944546e-02 1.156027265956539152e+00 1.362741129478197477e+00
-1.632396354477025913e-01 1.184805330343949636e+00 1.317359740965565962e+00
-2.285659870717781095e-01 1.209641102296620252e+00 1.268851388237799638e+00
-2.861771882861510186e-01 1.230151016013379728e+00 1.219102723164407376e+00
-3.359298425054609849e-01 1.245972488886772922e+00 1.169994313173708944e+00
-3.777019812322892633e-01 1.256762143309365420e+00 1.123397848125518905e+00
-4.113868014532243156e-01 1.262193578597719412e+00 1.081173370423616831e+00
-4.368859361167226618e-01 1.261954707602478631e+00 1.045166520237345908e+00
-4.543717388989666484e-01 1.255845866031024105e+00 1.016771911937143003e+00
-4.650777929427655222e-01 1.244091338805569436e+00 9.956250027599142793e-01
-4.704687632340292525e-01 1.227052035110252515e+00 9.808974088537708580e-01
-4.719696616921034149e-01 1.205123285345246043e+00 9.717335230471577656e-01
-4.709682722078388228e-01 1.178730866970367108e+00 9.672549087091478759e-01
-4.688181837833906851e-01 1.148326908905999311e+00 9.665651441762868057e-01
-4.668423946644066347e-01 1.114385656886500930e+00 9.687551262932664331e-01
-4.663376888234562756e-01 1.077399152147076933e+00 9.729086337281649399e-01
-4.685795104611018558e-01 1.037872726603906059e+00 9.781083566977845090e-01
-4.748273347396085864e-01 9.963202867121478956e-01 9.834423590080688671e-01
-4.862059447435898574e-01 9.532140623069487173e-01 9.882247060731181865e-01
-5.033350400402614166e-01 9.088376166102832832e-01 9.926410465252437643e-01
-5.267013054762161861e-01 8.634056373369010107e-01 9.971078309340507539e-01
-5.567823119481186689e-01 8.171014247305177225e-01 1.002061516656137075e+00
-5.940459886058450101e-01 7.700702008361492990e-01 1.007962060447222807e+00
-6.389486599893170471e-01 7.224262204752364136e-01 1.015286971201791788e+00
-6.919351450292940964e-01 6.742932486742934106e-01 1.024506217061597058e+00
-7.534490178109856107e-01 6.257668355367613788e-01 1.036111672978907494e+00
-8.239339526441937789e-01 5.769003801378616014e-01 1.050626246647072382e+00
-9.038326844492331480e-01 5.277050042429156651e-01 1.068603014520911554e+00
-9.930504344782076220e-01 4.782030217881325096e-01 1.090117920923760142e+00
-1.089372342171230024e+00 4.286404786819230650e-01 1.113229875697960169e+00
-1.190117305209877685e+00 3.794313452875529569e-01 1.135459605052355325e+00
-1.292689050952163132e+00 3.311361368957094209e-01 1.154286750829601527e+00
-1.394585103121903202e+00 2.844769772853324996e-01 1.167147990085342757e+00
-1.493404427302515991e+00 2.403482799644299506e-01 1.171437012568255165e+00
-1.586853506055398988e+00 1.998230788326895158e-01 1.164506098395764688e+00
-1.672750512574118886e+00 1.641551008824272961e-01 1.143669075933295698e+00
-1.749027347700518487e+00 1.347766434890863840e-01 1.106205296220896361e+00
-1.813729228810963878e+00 1.132923524735601623e-01 1.049364314825962152e+00
-1.865584170982407475e+00 1.010301494999530508e-01 9.716209337001013857e-01
-1.905623534445157752e+00 9.759863354509915045e-02 8.764313016309677185e-01
-1.935295730955571392e+00 1.019964524203894191e-01 7.684856640208650447e-01
-1.955862796310807727e+00 1.130199534265809852e-01 6.524536504487830069e-01
-1.968396289890384843e+00 1.292646291775312872e-01 5.329788424500176980e-01
-1.973777625261301294e+00 1.491303714065950747e-01 4.146740776660375882e-01
-1.972703053368610737e+00 1.708301937277464655e-01 3.021178892227885937e-01
-1.965693470617369876e+00 1.924023380548405826e-01 1.998524326827885167e-01
-1.953109205710071183e+00 2.117252646506261882e-01 1.123832601378994545e-01
-1.935169902938509434e+00 2.265353023235929797e-01 4.418123254896710872e-02
-1.912014946335810928e+00 2.349915840650189380e-01 -1.627230843566085383e-03
-1.883907424140718323e+00 2.373913181270477235e-01 -2.716934176255303424e-02
-1.851261857823371049e+00 2.346471346480539510e-01 -3.583239152829509333e-02
-1.814619943232989252e+00 2.277507020290668871e-01 -3.094242453708406781e-02
-1.774639786410705966e+00 2.177644773450903293e-01 -1.576585934530494448e-02
-1.732085511415726531e+00 2.057839587653776670e-01 6.502599869114833453e-03
-1.687817302320166135e+00 1.928453378017835340e-01 3.277722228483176403e-02
-1.642755604336961550e+00 1.800098883234993452e-01 6.001970445227389206e-02
-1.597856979030465974e+00 1.683850411227865163e-01 8.521427148933535811e-02
-1.554096365336227414e+00 1.591164547529002327e-01 1.053598296546455759e-01
-1.512390552183356274e+00 1.531197021302305727e-01 1.181486508354873122e-01
-1.473398189229918165e+00 1.502817906120140212e-01 1.240141743037478927e-01
-1.437694144243911731e+00 1.502298543493196525e-01 1.240642928432315051e-01
-1.405835650711116269e+00 1.525956116013472696e-01 1.193951855047623023e-01
-1.378368226239217398e+00 1.570201555951158401e-01 1.110923948652096094e-01
-1.355830759980467981e+00 1.631575124203940574e-01 1.002319995578381251e-01
-1.338759798873826679e+00 1.706769116542125597e-01 8.788187733463515006e-02
-1.327692983905534474e+00 1.792644855759704392e-01 7.510287613086652492e-02
-1.323171725672032117e+00 1.886236608664944026e-01 6.295005976148770888e-02
-1.325743146086060475e+00 1.984743507076108249e-01 5.247400620102821156e-02
-1.335716254370010070e+00 2.085950347261254501e-01 4.449133704693830627e-02
-1.352425946161717851e+00 2.189428298760718594e-01 3.889348152459581875e-02
-1.374965661750309209e+00 2.295022019988023076e-01 3.534043516864671108e-02
-1.402431787548607867e+00 2.402355809798822350e-01 3.349330875924566575e-02
-1.433923444750307086e+00 2.510813054436298319e-01 3.301580279093252468e-02
-1.468542305401512760e+00 2.619530467058572842e-01 3.357519580473466991e-02
-1.505392317955676074e+00 2.727411274596189816e-01 3.484268913491034292e-02
-1.543579788698564048e+00 2.833129361533135437e-01 3.649403817233587421e-02
-1.582213358188732766e+00 2.935150467133723073e-01 3.820957927043844293e-02
-1.620403884359762348e+00 3.031767564622416256e-01 3.967373210306768261e-02
-1.657388232667660999e+00 3.121271718606495327e-01 4.061093824028261245e-02
-1.692900767466620104e+00 3.202385910742155950e-01 4.089529561544430480e-02
-1.726801041378061230e+00 3.273940487161756119e-01 4.043952687535568025e-02
-1.758949685267089835e+00 3.334773869076543273e-01 3.915745322123775907e-02
-1.789208301971390691e+00 3.383756985613953772e-01 3.696319616101595429e-02
-1.817434668973654244e+00 3.420081543560925530e-01 3.375930030448709429e-02
-1.843468134627667565e+00 3.444100932222666778e-01 2.940161029827081940e-02
-1.867143458331143924e+00 3.456611781981473452e-01 2.372978713827456065e-02
-1.888296304613364285e+00 3.458605875227698800e-01 1.657815348489033447e-02
-1.906764205950693070e+00 3.451274196148088613e-01 7.775940373755174662e-03
-1.922413072175965132e+00 3.434639582047329109e-01 -2.811768665197333927e-03
-1.935206862337968792e+00 3.403427869802869710e-01 -1.516390142069146130e-02
-1.945116077677432997e+00 3.351135723437519420e-01 -2.922936549836319120e-02
-1.952086996735278301e+00 3.271386256452409325e-01 -4.496924853504330466e-02
-1.956038701105474065e+00 3.157921717447449428e-01 -6.235778016247461863e-02
-1.956859599157231511e+00 3.004661212684117122e-01 -8.138523907313904848e-02
-1.954402755706165173e+00 2.805883718700449281e-01 -1.020646937687292866e-01
-1.948488803453847895e+00 2.556027379724787330e-01 -1.244255601164642178e-01
-1.938907274887708310e+00 2.249615837134170959e-01 -1.485111650582298659e-01
-1.925417546766131860e+00 1.881247634833494720e-01 -1.743781517634033773e-01
-1.907750491062927489e+00 1.445584495506864742e-01 -2.020955853207700437e-01
-1.885610812719182183e+00 9.373377847862233991e-02 -2.317437465603580660e-01
-1.858680054942327686e+00 3.512524928804727775e-02 -2.634126017753045113e-01
-1.826620253647634140e+00 -3.179119043855411358e-02 -2.971999366527701136e-01
-1.789078224189765143e+00 -1.075404291274067725e-01 -3.332091435217640063e-01
-1.745689333826226042e+00 -1.926705378417900294e-01 -3.715417874321131353e-01
-1.696071388882653741e+00 -2.878084717166818907e-01 -4.122849117638653915e-01
-1.639816495246908090e+00 -3.935911125923425846e-01 -4.555327175840790388e-01
-1.576489548019735176e+00 -5.106425836841308463e-01 -5.013932886240985987e-01
-1.505627097056595698e+00 -6.395724223938989983e-01 -5.499895583471847704e-01
-1.426736005680823816e+00 -7.809736053564195757e-01 -6.014603987222719716e-01
-1.339291912309962918e+00 -9.354204061052586727e-01 -6.559618328064253934e-01
-1.242737506215995991e+00 -1.103466065079942826e+00 -7.136683728529703563e-01
-1.136480630262560965e+00 -1.285640250858695044e+00 -7.747744852680952254e-01
