3.767916202545166016e+00 6.343472003936767578e-01 -2.343181520700454712e-01 -0.000000000000000000e+00 -0.000000000000000000e+00 -9.368910789489746094e-01 3.496214151382446289e-01
3.748612880706787109e+00 6.309835910797119141e-01 -2.333463281393051147e-01 1.302520092576742172e-02 4.268749151378870010e-03 -9.365467429161071777e-01 3.502745926380157471e-01
3.669937133789062500e+00 6.225926280021667480e-01 -2.253651320934295654e-01 2.604802697896957397e-02 8.536726236343383789e-03 -9.360259175300598145e-01 3.508619070053100586e-01
3.591771364212036133e+00 6.201987266540527344e-01 -2.129368484020233154e-01 3.312661498785018921e-02 3.470862749963998795e-03 -9.393848180770874023e-01 3.412427902221679688e-01
3.506718635559082031e+00 6.202549338340759277e-01 -1.972505152225494385e-01 2.997091785073280334e-02 -1.604572311043739319e-02 -9.483637213706970215e-01 3.153577744960784912e-01
3.490244388580322266e+00 6.203014254570007324e-01 -1.940103918313980103e-01 1.893439888954162598e-02 -3.826050460338592529e-02 -9.577744007110595703e-01 2.843337059020996094e-01
3.386713743209838867e+00 6.197547912597656250e-01 -1.723097264766693115e-01 4.113097675144672394e-03 -4.724842682480812073e-02 -9.632329940795898438e-01 2.644481360912322998e-01
3.333205461502075195e+00 6.186761260032653809e-01 -1.602724492549896240e-01 -1.096683181822299957e-02 -3.254413604736328125e-02 -9.631247520446777344e-01 2.668541967868804932e-01
3.302197217941284180e+00 6.177677512168884277e-01 -1.530654132366180420e-01 -2.509698644280433655e-02 -5.159610882401466370e-03 -9.596121311187744141e-01 2.801569402217864990e-01
3.208893060684204102e+00 6.137447953224182129e-01 -1.304418146610260010e-01 -3.764403611421585083e-02 1.848156191408634186e-02 -9.568263888359069824e-01 2.876187562942504883e-01
3.032676935195922852e+00 6.009352207183837891e-01 -8.433776348829269409e-02 -4.740424826741218567e-02 2.583544887602329254e-02 -9.591189622879028320e-01 2.778054475784301758e-01
2.859367370605468750e+00 5.821159482002258301e-01 -3.535323962569236755e-02 -5.077707767486572266e-02 1.990172825753688812e-02 -9.645206928253173828e-01 2.583125233650207520e-01
2.654964208602905273e+00 5.550761222839355469e-01 2.521240152418613434e-02 -4.356339946389198303e-02 7.562933489680290222e-03 -9.694017171859741211e-01 2.414649277925491333e-01
2.430101156234741211e+00 5.222843289375305176e-01 9.369430691003799438e-02 -2.370739355683326721e-02 -4.637391306459903717e-03 -9.712713360786437988e-01 2.367451786994934082e-01
2.193112850189208984e+00 4.866574704647064209e-01 1.667511761188507080e-01 2.374004106968641281e-03 -1.154185645282268524e-02 -9.702669978141784668e-01 2.417499721050262451e-01
2.021069765090942383e+00 4.622521996498107910e-01 2.193770557641983032e-01 2.613511122763156891e-02 -8.347006514668464661e-03 -9.675481915473937988e-01 2.511923015117645264e-01
1.924429893493652344e+00 4.506413042545318604e-01 2.478455305099487305e-01 4.035342857241630554e-02 7.504473440349102020e-03 -9.644975066184997559e-01 2.608829438686370850e-01
1.740867257118225098e+00 4.381004869937896729e-01 2.915281653404235840e-01 4.306690022349357605e-02 2.963020280003547668e-02 -9.613049626350402832e-01 2.704811990261077881e-01
1.577257037162780762e+00 4.374943375587463379e-01 3.070415556430816650e-01 3.364048153162002563e-02 4.941825941205024719e-02 -9.579517841339111328e-01 2.806322574615478516e-01
1.349894404411315918e+00 4.370173513889312744e-01 3.064687252044677734e-01 1.360481325536966324e-02 5.963777005672454834e-02 -9.546699523925781250e-01 2.913131713867187500e-01
1.208363890647888184e+00 4.362070262432098389e-01 2.973239719867706299e-01 -6.889292970299720764e-03 5.853904038667678833e-02 -9.522112607955932617e-01 2.996987104415893555e-01
1.001070261001586914e+00 4.344199895858764648e-01 2.746579051017761230e-01 -1.554072368890047073e-02 4.577426239848136902e-02 -9.519488811492919922e-01 3.024179637432098389e-01
8.311071395874023438e-01 4.343339502811431885e-01 2.525541484355926514e-01 -3.900916548445820808e-03 2.224026992917060852e-02 -9.545232653617858887e-01 2.972797751426696777e-01
5.790144205093383789e-01 4.407833814620971680e-01 2.224394977092742920e-01 2.111392468214035034e-02 -6.130514666438102722e-03 -9.577316045761108398e-01 2.868219017982482910e-01
3.985111117362976074e-01 4.531109631061553955e-01 2.075724750757217407e-01 4.871727526187896729e-02 -3.209374845027923584e-02 -9.596483707427978516e-01 2.750849127769470215e-01
2.307668179273605347e-01 4.714495837688446045e-01 2.016822695732116699e-01 7.015678286552429199e-02 -4.961701482534408569e-02 -9.601139426231384277e-01 2.660775780677795410e-01
9.544707834720611572e-02 4.881841838359832764e-01 2.021635323762893677e-01 8.470718562602996826e-02 -5.755871534347534180e-02 -9.596816897392272949e-01 2.617682218551635742e-01
-5.015350133180618286e-02 5.048829317092895508e-01 2.074202746152877808e-01 9.363125264644622803e-02 -5.599175393581390381e-02 -9.584879279136657715e-01 2.634368240833282471e-01
-2.003668099641799927e-01 5.168849229812622070e-01 2.174500972032546997e-01 9.848448634147644043e-02 -4.624215513467788696e-02 -9.563922286033630371e-01 2.710652947425842285e-01
-4.383620321750640869e-01 5.150266885757446289e-01 2.413961738348007202e-01 1.020965352654457092e-01 -3.472994267940521240e-02 -9.539405703544616699e-01 2.799418866634368896e-01
-5.932410359382629395e-01 5.039923191070556641e-01 2.610834538936614990e-01 1.076523214578628540e-01 -2.916673198342323303e-02 -9.522292613983154297e-01 2.842881083488464355e-01
-6.925745010375976562e-01 4.974053800106048584e-01 2.748691439628601074e-01 1.163413897156715393e-01 -3.397500514984130859e-02 -9.520443081855773926e-01 2.809307277202606201e-01
-8.288943767547607422e-01 4.944782853126525879e-01 2.946000695228576660e-01 1.213106065988540649e-01 -4.040782526135444641e-02 -9.523431658744812012e-01 2.769356369972229004e-01
-9.586561918258666992e-01 5.047592520713806152e-01 3.134744167327880859e-01 1.137343123555183411e-01 -3.643837571144104004e-02 -9.519453644752502441e-01 2.820223867893218994e-01
-1.136967182159423828e+00 5.455142259597778320e-01 3.384246826171875000e-01 8.850159496068954468e-02 -1.352697238326072693e-02 -9.490512013435363770e-01 3.021359145641326904e-01
-1.257521390914916992e+00 5.891129374504089355e-01 3.539143204689025879e-01 5.576262250542640686e-02 2.276390045881271362e-02 -9.424121975898742676e-01 3.289856612682342529e-01
-1.324152469635009766e+00 6.120420694351196289e-01 3.517304062843322754e-01 2.977873012423515320e-02 6.321867555379867554e-02 -9.335706233978271484e-01 3.515143096446990967e-01
-1.300400018692016602e+00 6.018930077552795410e-01 3.443573713302612305e-01 2.118595875799655914e-02 1.004181429743766785e-01 -9.263690114021301270e-01 3.623640239238739014e-01
-1.282301902770996094e+00 5.944875478744506836e-01 3.384339213371276855e-01 2.543510496616363525e-02 1.339571177959442139e-01 -9.211573004722595215e-01 3.645238280296325684e-01
-1.179413199424743652e+00 5.593814253807067871e-01 2.949055433273315430e-01 3.414506092667579651e-02 1.651214361190795898e-01 -9.163390398025512695e-01 3.631689548492431641e-01
-1.074594140052795410e+00 5.459755063056945801e-01 2.199978530406951904e-01 4.040936753153800964e-02 1.948443055152893066e-01 -9.102973341941833496e-01 3.629896044731140137e-01
-9.719879627227783203e-01 5.463023185729980469e-01 1.350180059671401978e-01 4.320307821035385132e-02 2.227040529251098633e-01 -9.021120667457580566e-01 3.670561313629150391e-01
-8.576935529708862305e-01 5.489632487297058105e-01 4.230079427361488342e-02 4.297117143869400024e-02 2.479327917098999023e-01 -8.909566402435302734e-01 3.779936134815216064e-01
-7.992880940437316895e-01 5.501579046249389648e-01 -3.740692045539617538e-03 3.993582725524902344e-02 2.690668404102325439e-01 -8.768954873085021973e-01 3.963110744953155518e-01
-6.849579215049743652e-01 5.521780252456665039e-01 -9.112296998500823975e-02 3.346189856529235840e-02 2.820808291435241699e-01 -8.645628690719604492e-01 4.145378172397613525e-01
-5.958064794540405273e-01 5.535578131675720215e-01 -1.566068977117538452e-01 2.272965013980865479e-02 2.825264930725097656e-01 -8.603990674018859863e-01 4.235275387763977051e-01
-5.406029224395751953e-01 5.543439388275146484e-01 -1.959424614906311035e-01 8.056797087192535400e-03 2.680475711822509766e-01 -8.684973716735839844e-01 4.168906807899475098e-01
-5.001556873321533203e-01 5.548911094665527344e-01 -2.241532802581787109e-01 -5.634300410747528076e-03 2.446386963129043579e-01 -8.836125731468200684e-01 3.991853296756744385e-01
-4.510391950607299805e-01 5.555245876312255859e-01 -2.576868236064910889e-01 -1.225294172763824463e-02 2.206607013940811157e-01 -8.989891409873962402e-01 3.781231343746185303e-01
-3.210564255714416504e-01 5.570515394210815430e-01 -3.424299061298370361e-01 -7.874201983213424683e-03 2.033573687076568604e-01 -9.102181792259216309e-01 3.606754541397094727e-01
-2.461124360561370850e-01 5.578392148017883301e-01 -3.884536921977996826e-01 2.800006419420242310e-03 1.940067410469055176e-01 -9.170258045196533203e-01 3.484496772289276123e-01
-1.243946030735969543e-01 5.589782595634460449e-01 -4.583036303520202637e-01 1.292110979557037354e-02 1.923112571239471436e-01 -9.198771715164184570e-01 3.415778577327728271e-01
-5.056320130825042725e-02 5.595872402191162109e-01 -4.974587261676788330e-01 1.704316213726997375e-02 1.976040452718734741e-01 -9.189753532409667969e-01 3.408026695251464844e-01
1.023540496826171875e-01 5.606263875961303711e-01 -5.694758892059326172e-01 1.529265940189361572e-02 2.077659219503402710e-01 -9.135344028472900391e-01 3.493627011775970459e-01
1.866496950387954712e-01 5.610880851745605469e-01 -6.035110354423522949e-01 9.183965623378753662e-03 2.202221155166625977e-01 -9.021125435829162598e-01 3.709591627120971680e-01
1.969305425882339478e-01 5.611420869827270508e-01 -6.073955297470092773e-01 6.588175892829895020e-04 2.323890477418899536e-01 -8.838773369789123535e-01 4.059011042118072510e-01
2.465544790029525757e-01 5.614002346992492676e-01 -6.253880262374877930e-01 -6.618402898311614990e-03 2.423846125602722168e-01 -8.634992837905883789e-01 4.422383308410644531e-01
3.441441953182220459e-01 5.619175434112548828e-01 -6.570923328399658203e-01 -8.558101952075958252e-03 2.490311563014984131e-01 -8.490301966667175293e-01 4.658947288990020752e-01
5.237185955047607422e-01 5.630653500556945801e-01 -7.034738659858703613e-01 -2.333149313926696777e-03 2.516428828239440918e-01 -8.473240137100219727e-01 4.676670134067535400e-01
7.025877833366394043e-01 5.647344589233398438e-01 -7.361951470375061035e-01 9.913258254528045654e-03 2.498685717582702637e-01 -8.548216223716735840e-01 4.546946883201599121e-01
9.029102325439453125e-01 5.675523281097412109e-01 -7.598264813423156738e-01 2.479206025600433350e-02 2.433486431837081909e-01 -8.650422692298889160e-01 4.380280375480651855e-01
1.167424798011779785e+00 5.732284188270568848e-01 -7.754282951354980469e-01 3.896174579858779907e-02 2.333838492631912231e-01 -8.729104995727539062e-01 4.266628921031951904e-01
1.433251738548278809e+00 5.812329053878784180e-01 -7.794723510742187500e-01 4.929392784833908081e-02 2.273303866386413574e-01 -8.770496249198913574e-01 4.203271567821502686e-01
1.610540986061096191e+00 5.875172019004821777e-01 -7.783604264259338379e-01 5.272153019905090332e-02 2.340360134840011597e-01 -8.769603371620178223e-01 4.163989722728729248e-01
1.705945491790771484e+00 5.911444425582885742e-01 -7.770188450813293457e-01 4.784609377384185791e-02 2.574411034584045410e-01 -8.724556565284729004e-01 4.126208126544952393e-01
1.766776442527770996e+00 5.935339331626892090e-01 -7.759926319122314453e-01 4.003131389617919922e-02 2.824178934097290039e-01 -8.667038083076477051e-01 4.092211127281188965e-01
1.768819808959960938e+00 5.936153531074523926e-01 -7.759561538696289062e-01 3.641001135110855103e-02 2.895149588584899902e-01 -8.652083873748779297e-01 4.077620208263397217e-01
1.835900545120239258e+00 5.963151454925537109e-01 -7.747220993041992188e-01 4.197107255458831787e-02 2.667951583862304688e-01 -8.715069293975830078e-01 4.093097746372222900e-01
1.970867395401000977e+00 6.019218564033508301e-01 -7.721226215362548828e-01 5.306426435708999634e-02 2.318029403686523438e-01 -8.795435428619384766e-01 4.121343195438385010e-01
2.163991928100585938e+00 6.102737188339233398e-01 -7.687814831733703613e-01 6.397767364978790283e-02 2.101188898086547852e-01 -8.830009102821350098e-01 4.148085117340087891e-01
2.342036485671997070e+00 6.182273626327514648e-01 -7.668691277503967285e-01 7.130499929189682007e-02 2.192749381065368652e-01 -8.791593313217163086e-01 4.170286059379577637e-01
2.461230754852294922e+00 6.236420273780822754e-01 -7.666891217231750488e-01 8.031905442476272583e-02 2.424509078264236450e-01 -8.713012933731079102e-01 4.190470278263092041e-01
2.589426755905151367e+00 6.295199394226074219e-01 -7.676686048507690430e-01 9.849776327610015869e-02 2.543920874595642090e-01 -8.648069500923156738e-01 4.215349555015563965e-01
2.811753749847412109e+00 6.398350596427917480e-01 -7.716019153594970703e-01 1.298948228359222412e-01 2.371062785387039185e-01 -8.638933300971984863e-01 4.249660074710845947e-01
3.061588048934936523e+00 6.515781283378601074e-01 -7.788745760917663574e-01 1.646609008312225342e-01 2.009488493204116821e-01 -8.657034635543823242e-01 4.278596043586730957e-01
3.321421146392822266e+00 6.639298796653747559e-01 -7.890484929084777832e-01 1.897434294223785400e-01 1.639624983072280884e-01 -8.676715493202209473e-01 4.292549192905426025e-01
3.588942527770996094e+00 6.767609119415283203e-01 -8.016113638877868652e-01 1.963124573230743408e-01 1.415214240550994873e-01 -8.699081540107727051e-01 4.297590851783752441e-01
3.884955644607543945e+00 6.649199724197387695e-01 -8.600327968597412109e-01 1.902901530265808105e-01 1.357652246952056885e-01 -8.717468976974487305e-01 4.305982589721679688e-01
4.081173419952392578e+00 6.074934005737304688e-01 -9.868403673171997070e-01 1.810337752103805542e-01 1.453179419040679932e-01 -8.711903691291809082e-01 4.325929284095764160e-01
4.279875755310058594e+00 5.689054727554321289e-01 -1.106455087661743164e+00 1.761981248855590820e-01 1.662050783634185791e-01 -8.667511343955993652e-01 4.359729588031768799e-01
4.419217109680175781e+00 5.630775094032287598e-01 -1.189935207366943359e+00 1.770719885826110840e-01 1.844061315059661865e-01 -8.610292673110961914e-01 4.396231174468994141e-01
4.553910732269287109e+00 5.627509951591491699e-01 -1.275973081588745117e+00 1.835086047649383545e-01 1.835393607616424561e-01 -8.584026098251342773e-01 4.424735009670257568e-01
4.757052898406982422e+00 5.617823600769042969e-01 -1.411145329475402832e+00 1.946325004100799561e-01 1.537016779184341431e-01 -8.612611293792724609e-01 4.435349404811859131e-01
4.912638664245605469e+00 5.538006424903869629e-01 -1.514780879020690918e+00 2.068854123353958130e-01 1.111755371093750000e-01 -8.653242588043212891e-01 4.427779018878936768e-01
4.993571281433105469e+00 5.459004044532775879e-01 -1.568081498146057129e+00 2.165651768445968628e-01 7.924692332744598389e-02 -8.670454025268554688e-01 4.416465759277343750e-01
5.104747772216796875e+00 5.299704670906066895e-01 -1.640265583992004395e+00 2.214292287826538086e-01 7.475528120994567871e-02 -8.660399913787841797e-01 4.419901669025421143e-01
5.207629203796386719e+00 5.091685652732849121e-01 -1.705713272094726562e+00 2.226690948009490967e-01 8.757180720567703247e-02 -8.644456863403320312e-01 4.421350359916687012e-01
5.336337089538574219e+00 4.733509719371795654e-01 -1.785263538360595703e+00 2.222183197736740112e-01 1.007897257804870605e-01 -8.645702600479125977e-01 4.392933249473571777e-01
5.427493095397949219e+00 4.402456581592559814e-01 -1.839709639549255371e+00 2.223466336727142334e-01 1.011154800653457642e-01 -8.681012988090515137e-01 4.321316778659820557e-01
5.494195461273193359e+00 4.111377596855163574e-01 -1.878318905830383301e+00 2.261788398027420044e-01 8.951289951801300049e-02 -8.723129034042358398e-01 4.241468906402587891e-01
5.556346416473388672e+00 3.795227110385894775e-01 -1.913124918937683105e+00 2.370080351829528809e-01 7.049518078565597534e-02 -8.732078075408935547e-01 4.199591279029846191e-01
5.570951938629150391e+00 3.714337050914764404e-01 -1.921135306358337402e+00 2.560703158378601074e-01 4.795251041650772095e-02 -8.682448267936706543e-01 4.222315847873687744e-01
5.636457920074462891e+00 3.321751356124877930e-01 -1.956331491470336914e+00 2.765100598335266113e-01 2.329923957586288452e-02 -8.611126542091369629e-01 4.260096251964569092e-01
5.709205627441406250e+00 2.830601334571838379e-01 -1.994158864021301270e+00 2.896476387977600098e-01 -2.622991800308227539e-03 -8.577144742012023926e-01 4.247623085975646973e-01
5.765951633453369141e+00 2.406977862119674683e-01 -2.022808074951171875e+00 2.897355556488037109e-01 -2.780518680810928345e-02 -8.622218370437622070e-01 4.145522713661193848e-01
5.770752906799316406e+00 2.369301617145538330e-01 -2.025195598602294922e+00 2.821705043315887451e-01 -4.561714828014373779e-02 -8.703541159629821777e-01 4.009768962860107422e-01
5.794268131256103516e+00 2.181659340858459473e-01 -2.036828756332397461e+00 2.753308415412902832e-01 -4.830165952444076538e-02 -8.763337731361389160e-01 3.922996520996093750e-01
5.818472385406494141e+00 1.981812268495559692e-01 -2.048677682876586914e+00 2.755858302116394043e-01 -3.232106566429138184e-02 -8.759987354278564453e-01 3.945047557353973389e-01
5.877500057220458984e+00 1.465055793523788452e-01 -2.077065467834472656e+00 2.809493839740753174e-01 -1.095377653837203979e-02 -8.704861402511596680e-01 4.039819538593292236e-01
5.992006301879882812e+00 3.346370533108711243e-02 -2.130263566970825195e+00 2.876161932945251465e-01 -1.715816557407379150e-03 -8.631107211112976074e-01 4.151070713996887207e-01
6.116616249084472656e+00 -1.127378791570663452e-01 -2.185881853103637695e+00 2.926946878433227539e-01 -1.679906249046325684e-02 -8.573208451271057129e-01 4.231410920619964600e-01
6.201144695281982422e+00 -2.317239493131637573e-01 -2.222908020019531250e+00 2.959123849868774414e-01 -4.705809801816940308e-02 -8.539653420448303223e-01 4.253995120525360107e-01
6.244891166687011719e+00 -3.036197125911712646e-01 -2.242241144180297852e+00 2.978154420852661133e-01 -7.800736278295516968e-02 -8.537328839302062988e-01 4.199535548686981201e-01
6.277817726135253906e+00 -3.659492135047912598e-01 -2.257274627685546875e+00 2.990724742412567139e-01 -9.760484099388122559e-02 -8.575835227966308594e-01 4.069144427776336670e-01
6.331035137176513672e+00 -5.039206743240356445e-01 -2.284616947174072266e+00 2.994458079338073730e-01 -1.033907756209373474e-01 -8.634725809097290039e-01 3.925018012523651123e-01
6.348123550415039062e+00 -5.851455330848693848e-01 -2.296506404876708984e+00 2.984054386615753174e-01 -9.529075771570205688e-02 -8.684137463569641113e-01 3.843584954738616943e-01
6.343679904937744141e+00 -7.629095911979675293e-01 -2.311264991760253906e+00 2.954450249671936035e-01 -7.515913248062133789e-02 -8.699909448623657227e-01 3.875293731689453125e-01
6.268291950225830078e+00 -9.813949465751647949e-01 -2.315762519836425781e+00 2.904783785343170166e-01 -5.267983675003051758e-02 -8.689858913421630859e-01 3.971278965473175049e-01
6.202429294586181641e+00 -1.121154546737670898e+00 -2.323137044906616211e+00 2.837833762168884277e-01 -3.956132382154464722e-02 -8.677356839179992676e-01 4.061239659786224365e-01
6.200091361999511719e+00 -1.183573246002197266e+00 -2.356076240539550781e+00 2.755585610866546631e-01 -4.464250802993774414e-02 -8.686304092407226562e-01 4.093356430530548096e-01
6.214604377746582031e+00 -1.169634699821472168e+00 -2.362386226654052734e+00 2.647569477558135986e-01 -6.513349711894989014e-02 -8.714771866798400879e-01 4.076624512672424316e-01
6.215453147888183594e+00 -1.168769001960754395e+00 -2.362732887268066406e+00 2.499155402183532715e-01 -9.530008584260940552e-02 -8.750786185264587402e-01 4.033578932285308838e-01
6.242469310760498047e+00 -1.138668775558471680e+00 -2.372773408889770508e+00 2.305559664964675903e-01 -1.292638927698135376e-01 -8.782845139503479004e-01 3.984358608722686768e-01
6.280721187591552734e+00 -1.089383959770202637e+00 -2.384869337081909180e+00 2.100789844989776611e-01 -1.607227623462677002e-01 -8.802387118339538574e-01 3.939730226993560791e-01
6.299523830413818359e+00 -1.062501907348632812e+00 -2.390139818191528320e+00 1.930502057075500488e-01 -1.834102123975753784e-01 -8.809542655944824219e-01 3.911672830581665039e-01
6.366724014282226562e+00 -9.499910473823547363e-01 -2.405700206756591797e+00 1.827637106180191040e-01 -1.930887997150421143e-01 -8.808155059814453125e-01 3.917627334594726562e-01
6.437821388244628906e+00 -7.853692173957824707e-01 -2.414768934249877930e+00 1.768773049116134644e-01 -1.930209547281265259e-01 -8.790044188499450684e-01 3.985076546669006348e-01
6.462615966796875000e+00 -7.072299718856811523e-01 -2.414781808853149414e+00 1.715241074562072754e-01 -1.882263273000717163e-01 -8.738565444946289062e-01 4.141558706760406494e-01
6.466297626495361328e+00 -6.941913962364196777e-01 -2.414563655853271484e+00 1.639471650123596191e-01 -1.827673166990280151e-01 -8.640246391296386719e-01 4.395211637020111084e-01
6.487296581268310547e+00 -6.092867255210876465e-01 -2.411688804626464844e+00 1.562080979347229004e-01 -1.772647649049758911e-01 -8.512732982635498047e-01 4.685189127922058105e-01
6.514498710632324219e+00 -4.393101334571838379e-01 -2.398615360260009766e+00 1.517165750265121460e-01 -1.716417968273162842e-01 -8.389067053794860840e-01 4.937171936035156250e-01
6.521254062652587891e+00 -3.048473596572875977e-01 -2.380885601043701172e+00 1.525538861751556396e-01 -1.660952568054199219e-01 -8.303645849227905273e-01 5.095432996749877930e-01
6.520148754119873047e+00 -2.594169676303863525e-01 -2.373183012008666992e+00 1.549756824970245361e-01 -1.613009423017501831e-01 -8.267230391502380371e-01 5.162301063537597656e-01
6.514781951904296875e+00 -1.931604146957397461e-01 -2.360032081604003906e+00 1.537308841943740845e-01 -1.579938083887100220e-01 -8.281775116920471191e-01 5.152928233146667480e-01
6.484368324279785156e+00 -4.567550495266914368e-02 -2.321427345275878906e+00 1.450629085302352905e-01 -1.572558730840682983e-01 -8.340175151824951172e-01 5.085685849189758301e-01
6.436849117279052734e+00 7.880245149135589600e-02 -2.278246164321899414e+00 1.313529461622238159e-01 -1.617320030927658081e-01 -8.407627344131469727e-01 4.997071623802185059e-01
6.373339176177978516e+00 1.904675960540771484e-01 -2.230107784271240234e+00 1.165483519434928894e-01 -1.744843125343322754e-01 -8.443999886512756348e-01 4.929100573062896729e-01
6.264132499694824219e+00 3.174864053726196289e-01 -2.161147832870483398e+00 1.043085083365440369e-01 -1.956032365560531616e-01 -8.419634699821472168e-01 4.918908774852752686e-01
6.059145927429199219e+00 4.412826299667358398e-01 -2.058924198150634766e+00 9.712876379489898682e-02 -2.133255898952484131e-01 -8.346545696258544922e-01 4.984076023101806641e-01
5.853432655334472656e+00 5.301233530044555664e-01 -1.946046710014343262e+00 9.726987779140472412e-02 -2.130481153726577759e-01 -8.251927495002746582e-01 5.140097141265869141e-01
5.726478576660156250e+00 5.567565560340881348e-01 -1.847170472145080566e+00 1.055228337645530701e-01 -1.866398155689239502e-01 -8.156919479370117188e-01 5.372868180274963379e-01
5.624945163726806641e+00 5.621333122253417969e-01 -1.764666080474853516e+00 1.171129047870635986e-01 -1.524203568696975708e-01 -8.083468079566955566e-01 5.564423799514770508e-01
5.589376926422119141e+00 5.624716281890869141e-01 -1.738817214965820312e+00 1.262407451868057251e-01 -1.359497457742691040e-01 -8.081926107406616211e-01 5.589326024055480957e-01
5.581476688385009766e+00 5.624967217445373535e-01 -1.733375787734985352e+00 1.286693513393402100e-01 -1.540397852659225464e-01 -8.185780048370361328e-01 5.381875634193420410e-01
5.501924514770507812e+00 5.625000000000000000e-01 -1.685533404350280762e+00 1.256078183650970459e-01 -1.877292245626449585e-01 -8.311181068420410156e-01 5.081564784049987793e-01
5.408933639526367188e+00 5.625000596046447754e-01 -1.642113208770751953e+00 1.201041266322135925e-01 -2.096920758485794067e-01 -8.375748395919799805e-01 4.899719357490539551e-01
5.297041416168212891e+00 5.625000000000000000e-01 -1.599588036537170410e+00 1.143657416105270386e-01 -2.006069868803024292e-01 -8.346365690231323242e-01 5.000591278076171875e-01
5.183096885681152344e+00 5.625000000000000000e-01 -1.561037302017211914e+00 1.053223237395286560e-01 -1.700584292411804199e-01 -8.254196047782897949e-01 5.278916954994201660e-01
5.025182723999023438e+00 5.625000000000000000e-01 -1.506263732910156250e+00 8.867184817790985107e-02 -1.350003182888031006e-01 -8.150607347488403320e-01 5.564064383506774902e-01
4.905833244323730469e+00 5.624997019767761230e-01 -1.455942034721374512e+00 6.254553049802780151e-02 -1.090239360928535461e-01 -8.092873096466064453e-01 5.738082528114318848e-01
4.825558185577392578e+00 5.624955892562866211e-01 -1.412455677986145020e+00 3.334223479032516479e-02 -9.011284261941909790e-02 -8.065193295478820801e-01 5.833476185798645020e-01
4.737427234649658203e+00 5.630720257759094238e-01 -1.350781202316284180e+00 9.440602734684944153e-03 -7.225020229816436768e-02 -8.028534650802612305e-01 5.917069911956787109e-01
4.587691307067871094e+00 5.766877532005310059e-01 -1.230437397956848145e+00 -2.846892923116683960e-03 -5.234105139970779419e-02 -7.960711121559143066e-01 6.029288768768310547e-01
4.430687427520751953e+00 6.222258806228637695e-01 -1.124628067016601562e+00 -5.310036242008209229e-03 -3.897604346275329590e-02 -7.908837199211120605e-01 6.107010841369628906e-01
4.282451152801513672e+00 6.519178748130798340e-01 -9.813808202743530273e-01 -1.762654632329940796e-03 -4.367172718048095703e-02 -7.940031886100769043e-01 6.063402891159057617e-01
4.157589912414550781e+00 6.570749282836914062e-01 -8.191703557968139648e-01 4.707157611846923828e-03 -7.326465845108032227e-02 -8.085531592369079590e-01 5.838251709938049316e-01
4.046907424926757812e+00 6.540367603302001953e-01 -6.599718332290649414e-01 1.389738544821739197e-02 -1.160331219434738159e-01 -8.266772627830505371e-01 5.504071116447448730e-01
3.965578794479370117e+00 6.494143605232238770e-01 -5.381528735160827637e-01 2.630839124321937561e-02 -1.557604968547821045e-01 -8.403099775314331055e-01 5.185803771018981934e-01
3.896046161651611328e+00 6.445121765136718750e-01 -4.320775866508483887e-01 4.176555946469306946e-02 -1.809737831354141235e-01 -8.461855649948120117e-01 4.994735717773437500e-01
3.872674703598022461e+00 6.427345871925354004e-01 -3.961607217788696289e-01 5.729331821203231812e-02 -1.973542869091033936e-01 -8.471355438232421875e-01 4.900305867195129395e-01
3.803266763687133789e+00 6.372227072715759277e-01 -2.890233695507049561e-01 6.918278336524963379e-02 -2.146224379539489746e-01 -8.461844325065612793e-01 4.828279614448547363e-01
3.767942667007446289e+00 6.343493461608886719e-01 -2.343588918447494507e-01 7.615309953689575195e-02 -2.380985021591186523e-01 -8.450413346290588379e-01 4.726680219173431396e-01
