6.119676589965820312e+00 -1.284569501876831055e+00 -1.807067513465881348e+00 -0.000000000000000000e+00 -0.000000000000000000e+00 -6.345853209495544434e-01 7.728527784347534180e-01
6.110777378082275391e+00 -1.293837547302246094e+00 -1.922613143920898438e+00 -1.918275281786918640e-02 1.524985861033201218e-02 -6.375105977058410645e-01 7.700518369674682617e-01
6.102218627929687500e+00 -1.302750825881958008e+00 -2.033738136291503906e+00 -3.835365176200866699e-02 3.049013391137123108e-02 -6.400423049926757812e-01 7.667759656906127930e-01
6.089406490325927734e+00 -1.316094040870666504e+00 -2.200091123580932617e+00 -5.276287719607353210e-02 3.639128804206848145e-02 -6.491504311561584473e-01 7.579547762870788574e-01
6.152935028076171875e+00 -1.270673155784606934e+00 -2.317237854003906250e+00 -5.941351130604743958e-02 2.570286765694618225e-02 -6.693492531776428223e-01 7.401222586631774902e-01
6.221050739288330078e+00 -1.207056164741516113e+00 -2.365964412689208984e+00 -6.225313246250152588e-02 -5.631502717733383179e-04 -6.952206492424011230e-01 7.160953283309936523e-01
6.281350135803222656e+00 -1.145267724990844727e+00 -2.380897998809814453e+00 -6.697297841310501099e-02 -3.925304859876632690e-02 -7.190778851509094238e-01 6.905800700187683105e-01
6.307908058166503906e+00 -1.046973228454589844e+00 -2.373618602752685547e+00 -7.713243365287780762e-02 -8.623480796813964844e-02 -7.356734275817871094e-01 6.673820614814758301e-01
6.317669391632080078e+00 -9.242110252380371094e-01 -2.359102010726928711e+00 -8.773159980773925781e-02 -1.338208019733428955e-01 -7.476202845573425293e-01 6.445612311363220215e-01
6.309033870697021484e+00 -8.140960335731506348e-01 -2.343798875808715820e+00 -9.173604100942611694e-02 -1.735621690750122070e-01 -7.601690292358398438e-01 6.193575263023376465e-01
6.273912906646728516e+00 -6.278284788131713867e-01 -2.315220594406127930e+00 -8.486811071634292603e-02 -1.987385600805282593e-01 -7.767791748046875000e-01 5.915357470512390137e-01
6.248254299163818359e+00 -5.270507335662841797e-01 -2.298890113830566406e+00 -7.340609282255172729e-02 -2.088705003261566162e-01 -7.918550968170166016e-01 5.691661834716796875e-01
6.217615127563476562e+00 -4.187411665916442871e-01 -2.280903339385986328e+00 -6.628940999507904053e-02 -2.051732838153839111e-01 -7.980417013168334961e-01 5.627068877220153809e-01
6.182640075683593750e+00 -3.035283982753753662e-01 -2.261369466781616211e+00 -6.967048346996307373e-02 -1.903130710124969482e-01 -7.905191183090209961e-01 5.779330730438232422e-01
6.172207355499267578e+00 -2.704178690910339355e-01 -2.255683660507202148e+00 -7.871237397193908691e-02 -1.729627847671508789e-01 -7.751869559288024902e-01 6.024727821350097656e-01
6.157981395721435547e+00 -2.260295301675796509e-01 -2.248011350631713867e+00 -8.596128225326538086e-02 -1.636640280485153198e-01 -7.621116638183593750e-01 6.204921603202819824e-01
6.123250484466552734e+00 -1.209351345896720886e-01 -2.229609251022338867e+00 -8.619721233844757080e-02 -1.697249263525009155e-01 -7.600487470626831055e-01 6.213609576225280762e-01
6.087465763092041016e+00 -1.694320701062679291e-02 -2.211040973663330078e+00 -8.244545757770538330e-02 -1.840742677450180054e-01 -7.661171555519104004e-01 6.102327108383178711e-01
6.018920898437500000e+00 1.708701252937316895e-01 -2.176332235336303711e+00 -7.978431135416030884e-02 -1.960309743881225586e-01 -7.744680643081665039e-01 5.961589217185974121e-01
5.944310188293457031e+00 3.552499413490295410e-01 -2.139639616012573242e+00 -8.207669109106063843e-02 -1.981244087219238281e-01 -7.808985710144042969e-01 5.866920351982116699e-01
5.861042499542236328e+00 5.060212612152099609e-01 -2.097628116607666016e+00 -8.803307265043258667e-02 -1.950874626636505127e-01 -7.850838899612426758e-01 5.812351107597351074e-01
5.759201526641845703e+00 5.632897615432739258e-01 -2.012332201004028320e+00 -9.505803883075714111e-02 -1.946574598550796509e-01 -7.874840497970581055e-01 5.770106315612792969e-01
5.667333126068115234e+00 5.951315164566040039e-01 -1.930102348327636719e+00 -1.005217134952545166e-01 -2.016546726226806641e-01 -7.886991500854492188e-01 5.720003843307495117e-01
5.515892982482910156e+00 5.950838923454284668e-01 -1.780838727951049805e+00 -1.016707420349121094e-01 -2.092619687318801880e-01 -7.899754047393798828e-01 5.672842264175415039e-01
5.406475543975830078e+00 5.934084653854370117e-01 -1.694881439208984375e+00 -9.573834389448165894e-02 -2.077903449535369873e-01 -7.928644418716430664e-01 5.648214221000671387e-01
5.338334083557128906e+00 5.923649668693542480e-01 -1.648825049400329590e+00 -8.172550797462463379e-02 -1.916717439889907837e-01 -7.980334162712097168e-01 5.654428005218505859e-01
5.184285640716552734e+00 5.904453992843627930e-01 -1.560986399650573730e+00 -6.581671535968780518e-02 -1.720498204231262207e-01 -8.034884333610534668e-01 5.661036372184753418e-01
4.942487239837646484e+00 5.883287191390991211e-01 -1.450662016868591309e+00 -5.610035732388496399e-02 -1.644937396049499512e-01 -8.076076507568359375e-01 5.635286569595336914e-01
4.663666248321533203e+00 5.866310000419616699e-01 -1.346513152122497559e+00 -5.763635039329528809e-02 -1.797010749578475952e-01 -8.097112774848937988e-01 5.556556582450866699e-01
4.386630535125732422e+00 5.854334831237792969e-01 -1.258211970329284668e+00 -6.320267915725708008e-02 -2.084073573350906372e-01 -8.105648159980773926e-01 5.436511039733886719e-01
4.169256210327148438e+00 5.847369432449340820e-01 -1.196481823921203613e+00 -6.256137788295745850e-02 -2.364890575408935547e-01 -8.119702339172363281e-01 5.299654603004455566e-01
4.031509876251220703e+00 5.843884348869323730e-01 -1.160158634185791016e+00 -4.889699071645736694e-02 -2.523676156997680664e-01 -8.158977627754211426e-01 5.179097056388854980e-01
3.838973045349121094e+00 5.839468240737915039e-01 -1.112133741378784180e+00 -2.868470549583435059e-02 -2.535510063171386719e-01 -8.206655383110046387e-01 5.112700462341308594e-01
3.688543081283569336e+00 5.835906267166137695e-01 -1.076394319534301758e+00 -1.170156896114349365e-02 -2.397972643375396729e-01 -8.235820531845092773e-01 5.138801336288452148e-01
3.522470235824584961e+00 5.831410288810729980e-01 -1.038440108299255371e+00 -5.487926304340362549e-03 -2.127299010753631592e-01 -8.229753375053405762e-01 5.267137289047241211e-01
3.393758773803710938e+00 5.827215313911437988e-01 -1.009953022003173828e+00 -8.710630238056182861e-03 -1.816499531269073486e-01 -8.219370841979980469e-01 5.397655963897705078e-01
3.346440076828002930e+00 5.825457572937011719e-01 -9.996668696403503418e-01 -1.782620698213577271e-02 -1.580626964569091797e-01 -8.258436918258666992e-01 5.409995913505554199e-01
3.277360677719116211e+00 5.822643637657165527e-01 -9.848135709762573242e-01 -2.921962738037109375e-02 -1.509657204151153564e-01 -8.386794328689575195e-01 5.224675536155700684e-01
3.159164667129516602e+00 5.816990733146667480e-01 -9.598329663276672363e-01 -3.889678418636322021e-02 -1.587712466716766357e-01 -8.559249043464660645e-01 4.905825853347778320e-01
3.083275794982910156e+00 5.812680125236511230e-01 -9.440618157386779785e-01 -4.278060793876647949e-02 -1.772969067096710205e-01 -8.712943196296691895e-01 4.556115567684173584e-01
3.000659704208374023e+00 5.807239413261413574e-01 -9.271153211593627930e-01 -3.899065405130386353e-02 -2.008943855762481689e-01 -8.805947899818420410e-01 4.274037778377532959e-01
2.987622261047363281e+00 5.806301236152648926e-01 -9.244608283042907715e-01 -3.423991799354553223e-02 -2.174395620822906494e-01 -8.842638134956359863e-01 4.118557870388031006e-01
2.930702686309814453e+00 5.801891684532165527e-01 -9.129385948181152344e-01 -3.738805651664733887e-02 -2.132903337478637695e-01 -8.841642737388610840e-01 4.139599502086639404e-01
2.805876970291137695e+00 5.790159702301025391e-01 -8.880224227905273438e-01 -5.406028404831886292e-02 -1.808727234601974487e-01 -8.805384039878845215e-01 4.347580373287200928e-01
2.665595293045043945e+00 5.772303938865661621e-01 -8.605184555053710938e-01 -7.714027911424636841e-02 -1.381813883781433105e-01 -8.725894093513488770e-01 4.621070921421051025e-01
2.522641658782958984e+00 5.745102763175964355e-01 -8.331324458122253418e-01 -9.654870629310607910e-02 -1.105001866817474365e-01 -8.634564280509948730e-01 4.826084971427917480e-01
2.461407184600830078e+00 5.728657245635986328e-01 -8.217646479606628418e-01 -1.048944517970085144e-01 -1.159055829048156738e-01 -8.589617013931274414e-01 4.875938892364501953e-01
2.354126930236816406e+00 5.688883662223815918e-01 -8.026670813560485840e-01 -1.040540710091590881e-01 -1.413904279470443726e-01 -8.601162433624267578e-01 4.789379239082336426e-01
2.265668153762817383e+00 5.640964508056640625e-01 -7.880521416664123535e-01 -9.816042333841323853e-02 -1.661135405302047729e-01 -8.662359714508056641e-01 4.608750343322753906e-01
2.119346618652343750e+00 5.516584515571594238e-01 -7.672544717788696289e-01 -9.118814766407012939e-02 -1.737816035747528076e-01 -8.769248723983764648e-01 4.387340247631072998e-01
1.982087254524230957e+00 5.334966182708740234e-01 -7.526063323020935059e-01 -8.594299852848052979e-02 -1.655761599540710449e-01 -8.883248567581176758e-01 4.196156859397888184e-01
1.912077784538269043e+00 5.218852162361145020e-01 -7.468929290771484375e-01 -8.492796123027801514e-02 -1.470438838005065918e-01 -8.956713676452636719e-01 4.110208153724670410e-01
1.908295869827270508e+00 5.212203860282897949e-01 -7.466123700141906738e-01 -8.922928571701049805e-02 -1.247401237487792969e-01 -8.959959745407104492e-01 4.167364835739135742e-01
1.861253023147583008e+00 5.126458406448364258e-01 -7.433512806892395020e-01 -9.426310658454895020e-02 -1.092567741870880127e-01 -8.933041095733642578e-01 4.256585240364074707e-01
1.816989541053771973e+00 5.040783286094665527e-01 -7.406551241874694824e-01 -9.410323202610015869e-02 -1.122918277978897095e-01 -8.940637707710266113e-01 4.233024716377258301e-01
1.738268136978149414e+00 4.877330660820007324e-01 -7.366834878921508789e-01 -8.497877418994903564e-02 -1.394784152507781982e-01 -9.016590714454650879e-01 4.004189074039459229e-01
1.617418050765991211e+00 4.601782262325286865e-01 -7.324082851409912109e-01 -7.203797996044158936e-02 -1.725537776947021484e-01 -9.099929332733154297e-01 3.700655698776245117e-01
1.473289251327514648e+00 4.239430129528045654e-01 -7.297900915145874023e-01 -6.303542852401733398e-02 -1.878848969936370850e-01 -9.145342707633972168e-01 3.526369631290435791e-01
1.372588276863098145e+00 3.967491686344146729e-01 -7.293326258659362793e-01 -6.299201399087905884e-02 -1.709434837102890015e-01 -9.140169024467468262e-01 3.624684810638427734e-01
1.305197238922119141e+00 3.777849376201629639e-01 -7.295832037925720215e-01 -6.521850824356079102e-02 -1.414986103773117065e-01 -9.094939827919006348e-01 3.854162096977233887e-01
1.283151865005493164e+00 3.714570403099060059e-01 -7.297551631927490234e-01 -6.027454882860183716e-02 -1.283361613750457764e-01 -9.049664735794067383e-01 4.011638164520263672e-01
1.248904228210449219e+00 3.615117669105529785e-01 -7.301054000854492188e-01 -4.248616844415664673e-02 -1.503584831953048706e-01 -9.047503471374511719e-01 3.962500989437103271e-01
1.223929405212402344e+00 3.541740477085113525e-01 -7.304224371910095215e-01 -2.062560245394706726e-02 -1.855334639549255371e-01 -9.055960178375244141e-01 3.808515369892120361e-01
1.142601013183593750e+00 3.297882080078125000e-01 -7.318088412284851074e-01 -7.253155112266540527e-03 -2.021554857492446899e-01 -9.057157039642333984e-01 3.725043833255767822e-01
1.031052827835083008e+00 2.952172756195068359e-01 -7.345179319381713867e-01 -9.960912168025970459e-03 -1.798047572374343872e-01 -9.059482216835021973e-01 3.831823766231536865e-01
9.358227252960205078e-01 2.648487687110900879e-01 -7.374426126480102539e-01 -1.619325950741767883e-02 -1.408714056015014648e-01 -9.063747525215148926e-01 3.979671597480773926e-01
7.961710095405578613e-01 2.191248983144760132e-01 -7.425773739814758301e-01 -8.416522294282913208e-03 -1.191045939922332764e-01 -9.101844429969787598e-01 3.966201245784759521e-01
6.031556725502014160e-01 1.539226472377777100e-01 -7.510873079299926758e-01 2.404030971229076385e-02 -1.384410411119461060e-01 -9.196720719337463379e-01 3.666871786117553711e-01
4.888777732849121094e-01 1.143237277865409851e-01 -7.568166851997375488e-01 6.444776803255081177e-02 -1.824742704629898071e-01 -9.261587262153625488e-01 3.236968815326690674e-01
3.386157155036926270e-01 6.115497276186943054e-02 -7.650998234748840332e-01 8.931422233581542969e-02 -2.256386429071426392e-01 -9.248356223106384277e-01 2.928979098796844482e-01
1.154508218169212341e-01 -2.041656523942947388e-02 -7.791223526000976562e-01 8.289965987205505371e-02 -2.489853054285049438e-01 -9.189102053642272949e-01 2.945131361484527588e-01
-8.212883025407791138e-02 -9.667704999446868896e-02 -7.945197820663452148e-01 5.819991976022720337e-02 -2.532824873924255371e-01 -9.118776917457580566e-01 3.177103400230407715e-01
-1.992539912462234497e-01 -1.449763774871826172e-01 -8.065622448921203613e-01 3.528440743684768677e-02 -2.439406365156173706e-01 -9.062114357948303223e-01 3.435530662536621094e-01
-2.675440013408660889e-01 -1.746141016483306885e-01 -8.152374029159545898e-01 2.969913184642791748e-02 -2.273898124694824219e-01 -9.053632020950317383e-01 3.573924303054809570e-01
-2.681757211685180664e-01 -1.748939454555511475e-01 -8.153246045112609863e-01 3.835269063711166382e-02 -2.119483202695846558e-01 -9.082306027412414551e-01 3.587816953659057617e-01
-3.006087541580200195e-01 -1.894003599882125854e-01 -8.199821114540100098e-01 5.346970260143280029e-02 -2.062419652938842773e-01 -9.119673967361450195e-01 3.506003618240356445e-01
-3.761673569679260254e-01 -2.242416739463806152e-01 -8.322994112968444824e-01 6.802739202976226807e-02 -2.151920199394226074e-01 -9.141691923141479492e-01 3.366886377334594727e-01
-4.000635445117950439e-01 -2.355567067861557007e-01 -8.366237282752990723e-01 7.800150662660598755e-02 -2.289508283138275146e-01 -9.143330454826354980e-01 3.247957825660705566e-01
-4.372200667858123779e-01 -2.533509433269500732e-01 -8.437595367431640625e-01 8.017055690288543701e-02 -2.341525256633758545e-01 -9.131429195404052734e-01 3.239060640335083008e-01
-4.669217467308044434e-01 -2.676660418510437012e-01 -8.498628735542297363e-01 7.284594327211380005e-02 -2.223512679338455200e-01 -9.112021923065185547e-01 3.390633165836334229e-01
-5.605201125144958496e-01 -3.122295439243316650e-01 -8.729203343391418457e-01 6.044249981641769409e-02 -2.046709507703781128e-01 -9.084453582763671875e-01 3.594208955764770508e-01
-5.960025787353515625e-01 -3.252741992473602295e-01 -8.898549675941467285e-01 4.902608692646026611e-02 -1.975015252828598022e-01 -9.061741232872009277e-01 3.707261085510253906e-01
-5.957227349281311035e-01 -3.244326710700988770e-01 -8.910698294639587402e-01 4.310199618339538574e-02 -2.117589861154556274e-01 -9.058886170387268066e-01 3.642333745956420898e-01
-5.837879180908203125e-01 -3.143768310546875000e-01 -8.954746127128601074e-01 4.064807295799255371e-02 -2.354356348514556885e-01 -9.052398800849914551e-01 3.513665497303009033e-01
-5.529970526695251465e-01 -2.934908270835876465e-01 -8.973637819290161133e-01 3.807204961776733398e-02 -2.510551810264587402e-01 -9.020485281944274902e-01 3.490418791770935059e-01
-4.402512311935424805e-01 -2.226428538560867310e-01 -8.931553959846496582e-01 3.275577723979949951e-02 -2.456775307655334473e-01 -8.956714868545532227e-01 3.692453801631927490e-01
-2.581807672977447510e-01 -1.141777783632278442e-01 -8.800702691078186035e-01 2.577259019017219543e-02 -2.233809530735015869e-01 -8.873376250267028809e-01 4.025775790214538574e-01
-1.127548962831497192e-01 -3.124343790113925934e-02 -8.680088520050048828e-01 1.915792003273963928e-02 -1.927562803030014038e-01 -8.795553445816040039e-01 4.345807433128356934e-01
8.789878338575363159e-02 7.789268344640731812e-02 -8.504812717437744141e-01 1.457557827234268188e-02 -1.623157858848571777e-01 -8.757022619247436523e-01 4.545179903507232666e-01
2.678185105323791504e-01 1.698588877916336060e-01 -8.344820737838745117e-01 1.194863021373748779e-02 -1.382681131362915039e-01 -8.752478957176208496e-01 4.633361399173736572e-01
4.974755644798278809e-01 2.767842710018157959e-01 -8.143129348754882812e-01 1.075244694948196411e-02 -1.261287033557891846e-01 -8.763435482978820801e-01 4.647557437419891357e-01
8.070695400238037109e-01 3.976493775844573975e-01 -7.888855338096618652e-01 1.047179475426673889e-02 -1.288523674011230469e-01 -8.772648572921752930e-01 4.622702598571777344e-01
1.060290455818176270e+00 4.754682779312133789e-01 -7.708751559257507324e-01 1.064819470047950745e-02 -1.393758356571197510e-01 -8.774662613868713379e-01 4.588180482387542725e-01
1.281774520874023438e+00 5.280998349189758301e-01 -7.580687403678894043e-01 1.083934679627418518e-02 -1.481519639492034912e-01 -8.768341541290283203e-01 4.572694003582000732e-01
1.495681166648864746e+00 5.661267042160034180e-01 -7.488594055175781250e-01 1.065901294350624084e-02 -1.482547074556350708e-01 -8.757120370864868164e-01 4.593857228755950928e-01
1.663040995597839355e+00 5.879417061805725098e-01 -7.440346479415893555e-01 9.936086833477020264e-03 -1.430732011795043945e-01 -8.752367496490478516e-01 4.619437456130981445e-01
1.808484196662902832e+00 6.023026704788208008e-01 -7.416569590568542480e-01 8.552722632884979248e-03 -1.385764181613922119e-01 -8.767465949058532715e-01 4.604766964912414551e-01
1.928767323493957520e+00 6.115092039108276367e-01 -7.410816550254821777e-01 6.335694342851638794e-03 -1.381119340658187866e-01 -8.807139396667480469e-01 4.530208110809326172e-01
2.113481283187866211e+00 6.217461228370666504e-01 -7.429907321929931641e-01 2.889245748519897461e-03 -1.345282196998596191e-01 -8.840625286102294922e-01 4.475793540477752686e-01
2.245937585830688477e+00 6.266837120056152344e-01 -7.468128800392150879e-01 -2.236843109130859375e-03 -1.180476993322372437e-01 -8.828151226043701172e-01 4.546397924423217773e-01
2.324000120162963867e+00 6.288239955902099609e-01 -7.502112984657287598e-01 -8.715834468603134155e-03 -8.305992931127548218e-02 -8.732357025146484375e-01 4.800879061222076416e-01
2.420404195785522461e+00 6.308215260505676270e-01 -7.557983994483947754e-01 -1.309075392782688141e-02 -4.127445071935653687e-02 -8.569046258926391602e-01 5.136529803276062012e-01
2.483787059783935547e+00 6.318131089210510254e-01 -7.604466676712036133e-01 -1.116160582751035690e-02 -9.067496284842491150e-03 -8.398218154907226562e-01 5.426716208457946777e-01
2.584371328353881836e+00 6.330147385597229004e-01 -7.697585821151733398e-01 -1.059261150658130646e-03 1.904561882838606834e-03 -8.290021419525146484e-01 5.592412352561950684e-01
2.707425832748413086e+00 6.342720389366149902e-01 -7.853718996047973633e-01 9.990392252802848816e-03 -7.124864496290683746e-04 -8.235507011413574219e-01 5.671543478965759277e-01
2.843204021453857422e+00 6.354261636734008789e-01 -8.095322251319885254e-01 1.250582560896873474e-02 -4.447655752301216125e-03 -8.197478652000427246e-01 5.725708603858947754e-01
3.033412933349609375e+00 6.366776227951049805e-01 -8.572773337364196777e-01 3.159223706461489201e-04 6.934272823855280876e-04 -8.143718242645263672e-01 5.803428888320922852e-01
3.194224119186401367e+00 6.375778913497924805e-01 -9.085084199905395508e-01 -1.951934024691581726e-02 1.480928156524896622e-02 -8.067122697830200195e-01 5.904363393783569336e-01
3.339245319366455078e+00 6.384115219116210938e-01 -9.599148631095886230e-01 -3.662323579192161560e-02 3.551129996776580811e-02 -7.970078587532043457e-01 6.018108129501342773e-01
3.557858467102050781e+00 6.398628354072570801e-01 -1.041161775588989258e+00 -4.358663782477378845e-02 5.997335165739059448e-02 -7.861527204513549805e-01 6.135693192481994629e-01
3.806541919708251953e+00 6.411733627319335938e-01 -1.136001348495483398e+00 -4.482265561819076538e-02 8.363946527242660522e-02 -7.756567597389221191e-01 6.239808201789855957e-01
4.086809635162353516e+00 6.408427953720092773e-01 -1.246118545532226562e+00 -4.770963639020919800e-02 1.015525013208389282e-01 -7.673941850662231445e-01 6.312819719314575195e-01
4.281319141387939453e+00 6.385575532913208008e-01 -1.325148105621337891e+00 -5.681290477514266968e-02 1.108575165271759033e-01 -7.626727819442749023e-01 6.346755623817443848e-01
4.479760169982910156e+00 6.331097483634948730e-01 -1.409185886383056641e+00 -6.543041765689849854e-02 1.169485449790954590e-01 -7.595981955528259277e-01 6.364372968673706055e-01
4.758002281188964844e+00 6.126561760902404785e-01 -1.540054798126220703e+00 -6.404374539852142334e-02 1.272725611925125122e-01 -7.554194927215576172e-01 6.395634412765502930e-01
5.073718547821044922e+00 5.584352016448974609e-01 -1.727151393890380859e+00 -4.645543918013572693e-02 1.465336531400680542e-01 -7.480214834213256836e-01 6.456264853477478027e-01
5.335909843444824219e+00 5.402263998985290527e-01 -1.872563242912292480e+00 -1.984966546297073364e-02 1.686731129884719849e-01 -7.392370104789733887e-01 6.516777873039245605e-01
5.566045284271240234e+00 5.285900235176086426e-01 -1.979979872703552246e+00 5.161650478839874268e-03 1.851408481597900391e-01 -7.329667806625366211e-01 6.545654535293579102e-01
5.738402366638183594e+00 4.604739248752593994e-01 -2.048845052719116211e+00 2.005380392074584961e-02 1.901431977748870850e-01 -7.327414751052856445e-01 6.530950665473937988e-01
5.859574317932128906e+00 3.599914610385894775e-01 -2.087003946304321289e+00 2.473425120115280151e-02 1.878535300493240356e-01 -7.360537052154541016e-01 6.498647332191467285e-01
5.922053813934326172e+00 2.623843252658843994e-01 -2.100526571273803711e+00 2.121350914239883423e-02 1.848369240760803223e-01 -7.385019063949584961e-01 6.480741500854492188e-01
5.962481975555419922e+00 1.934680193662643433e-01 -2.108302831649780273e+00 1.176092028617858887e-02 1.868741363286972046e-01 -7.358038425445556641e-01 6.507934927940368652e-01
5.984603881835937500e+00 1.542603224515914917e-01 -2.112207889556884766e+00 -3.101527690887451172e-04 1.966622769832611084e-01 -7.243703007698059082e-01 6.607658267021179199e-01
6.005572319030761719e+00 1.162069663405418396e-01 -2.115656137466430664e+00 -1.142705976963043213e-02 2.159983813762664795e-01 -7.003507018089294434e-01 6.802375316619873047e-01
6.067023754119873047e+00 -3.433227448113029823e-06 -2.124083757400512695e+00 -1.904410123825073242e-02 2.431547939777374268e-01 -6.625543832778930664e-01 7.081912159919738770e-01
6.151133060455322266e+00 -1.711032837629318237e-01 -2.129559278488159180e+00 -2.473839372396469116e-02 2.636902332305908203e-01 -6.245374679565429688e-01 7.347164750099182129e-01
6.231983661651611328e+00 -3.601774573326110840e-01 -2.116860628128051758e+00 -3.118710219860076904e-02 2.610342502593994141e-01 -6.061910986900329590e-01 7.506135702133178711e-01
6.264568805694580078e+00 -4.789393842220306396e-01 -2.087377786636352539e+00 -4.031378775835037231e-02 2.258624732494354248e-01 -6.201389431953430176e-01 7.501924037933349609e-01
6.263559341430664062e+00 -6.507031917572021484e-01 -2.019192934036254883e+00 -5.086700618267059326e-02 1.768469810485839844e-01 -6.481886506080627441e-01 7.389108538627624512e-01
6.244995117187500000e+00 -7.601894736289978027e-01 -1.977690219879150391e+00 -6.096217036247253418e-02 1.408321559429168701e-01 -6.674718260765075684e-01 7.286503314971923828e-01
6.238584518432617188e+00 -7.921650409698486328e-01 -1.966342687606811523e+00 -6.927624344825744629e-02 1.372490078210830688e-01 -6.645882129669189453e-01 7.312223911285400391e-01
6.222355842590332031e+00 -8.675553202629089355e-01 -1.940444469451904297e+00 -7.562194764614105225e-02 1.519198268651962280e-01 -6.490475535392761230e-01 7.415786981582641602e-01
6.192784786224365234e+00 -9.939718246459960938e-01 -1.898824095726013184e+00 -8.007840812206268311e-02 1.622388958930969238e-01 -6.358978748321533203e-01 7.502665519714355469e-01
6.158120632171630859e+00 -1.133714556694030762e+00 -1.854324579238891602e+00 -8.301337808370590210e-02 1.529120206832885742e-01 -6.362271308898925781e-01 7.516261339187622070e-01
6.119686603546142578e+00 -1.284530401229858398e+00 -1.807079911231994629e+00 -8.550558239221572876e-02 1.368773579597473145e-01 -6.410428881645202637e-01 7.503448128700256348e-01
