3.767916202545166016e+00 6.343472003936767578e-01 -2.343181520700454712e-01 -0.000000000000000000e+00 -0.000000000000000000e+00 7.350237667560577393e-02 9.972950220108032227e-01
3.590272188186645508e+00 5.989466905593872070e-01 -2.606040239334106445e-01 -2.314111450687050819e-03 3.131416626274585724e-03 7.355894148349761963e-02 9.972832798957824707e-01
3.405692100524902344e+00 5.687704086303710938e-01 -2.883754670619964600e-01 -4.628379829227924347e-03 6.262708920985460281e-03 7.361438870429992676e-02 9.972563385963439941e-01
3.178870439529418945e+00 5.429090261459350586e-01 -3.232821524143218994e-01 -8.660471066832542419e-03 4.705204162746667862e-03 7.362896203994750977e-02 9.972370266914367676e-01
2.871223926544189453e+00 5.211418867111206055e-01 -3.715524077415466309e-01 -1.429418381303548813e-02 -3.887364640831947327e-03 7.424430549144744873e-02 9.971300959587097168e-01
2.582000017166137695e+00 5.069674849510192871e-01 -4.173692166805267334e-01 -1.408187206834554672e-02 -1.249133609235286713e-02 7.885234057903289795e-02 9.967085719108581543e-01
2.315967082977294922e+00 4.963085055351257324e-01 -4.596776068210601807e-01 1.256537390872836113e-03 -1.174139045178890228e-02 9.153317660093307495e-02 9.957320690155029297e-01
1.953427791595458984e+00 4.835795462131500244e-01 -5.174586772918701172e-01 3.645371273159980774e-02 4.279055166989564896e-03 1.137522757053375244e-01 9.928308725357055664e-01
1.682795047760009766e+00 4.750076234340667725e-01 -5.606564283370971680e-01 7.802581042051315308e-02 2.766930684447288513e-02 1.369242668151855469e-01 9.871159791946411133e-01
1.486649870872497559e+00 4.692405462265014648e-01 -5.919956564903259277e-01 1.080492138862609863e-01 4.708193987607955933e-02 1.503711193799972534e-01 9.815789461135864258e-01
1.253663539886474609e+00 4.629987180233001709e-01 -6.292640566825866699e-01 1.150505691766738892e-01 5.498588085174560547e-02 1.480067372322082520e-01 9.807313680648803711e-01
1.067380428314208984e+00 4.588453471660614014e-01 -6.591380834579467773e-01 1.121048331260681152e-01 5.857021361589431763e-02 1.401871144771575928e-01 9.820130467414855957e-01
8.275774121284484863e-01 4.555487036705017090e-01 -6.978896856307983398e-01 1.183430328965187073e-01 6.866499781608581543e-02 1.412783414125442505e-01 9.804695248603820801e-01
6.799821257591247559e-01 4.542306363582611084e-01 -7.219530940055847168e-01 1.456949263811111450e-01 9.147644042968750000e-02 1.601663380861282349e-01 9.719834327697753906e-01
6.142174601554870605e-01 4.533798098564147949e-01 -7.326275706291198730e-01 1.777534931898117065e-01 1.149669513106346130e-01 1.844067424535751343e-01 9.597814679145812988e-01
5.395855307579040527e-01 4.520555138587951660e-01 -7.446500062942504883e-01 1.917271018028259277e-01 1.229705810546875000e-01 1.969954520463943481e-01 9.535782933235168457e-01
4.460480511188507080e-01 4.497970342636108398e-01 -7.595556974411010742e-01 1.729359775781631470e-01 1.050949841737747192e-01 1.867958456277847290e-01 9.613301157951354980e-01
3.998547196388244629e-01 4.484351873397827148e-01 -7.668477296829223633e-01 1.372120231389999390e-01 7.284130156040191650e-02 1.641180962324142456e-01 9.741315245628356934e-01
3.016347289085388184e-01 4.450343847274780273e-01 -7.822080254554748535e-01 1.087000966072082520e-01 4.362852126359939575e-02 1.453492045402526855e-01 9.824227690696716309e-01
2.661923170089721680e-01 4.436492025852203369e-01 -7.877048254013061523e-01 1.057412922382354736e-01 3.141820058226585388e-02 1.431565284729003906e-01 9.835333824157714844e-01
2.219328284263610840e-01 4.418112039566040039e-01 -7.945372462272644043e-01 1.204273104667663574e-01 3.467961400747299194e-02 1.517113894224166870e-01 9.804479479789733887e-01
2.087381631135940552e-01 4.412406682968139648e-01 -7.965674996376037598e-01 1.381373852491378784e-01 4.795289412140846252e-02 1.603593528270721436e-01 9.761677980422973633e-01
1.850016713142395020e-01 4.401914775371551514e-01 -8.002131581306457520e-01 1.470776647329330444e-01 6.570068001747131348e-02 1.611058413982391357e-01 9.737023711204528809e-01
1.539607942104339600e-01 4.387729465961456299e-01 -8.049670457839965820e-01 1.464515477418899536e-01 8.197867870330810547e-02 1.561836749315261841e-01 9.733642935752868652e-01
6.221954151988029480e-02 4.342883229255676270e-01 -8.189314007759094238e-01 1.382042616605758667e-01 9.074483811855316162e-02 1.503680497407913208e-01 9.747073650360107422e-01
-5.594978109002113342e-02 4.278805553913116455e-01 -8.367335200309753418e-01 1.245206594467163086e-01 8.760077506303787231e-02 1.473724991083145142e-01 9.772932529449462891e-01
-2.115078717470169067e-01 4.183155596256256104e-01 -8.598369359970092773e-01 1.085093170404434204e-01 7.467429339885711670e-02 1.466245651245117188e-01 9.803829789161682129e-01
-4.598222970962524414e-01 3.998011648654937744e-01 -8.957645893096923828e-01 9.351926296949386597e-02 5.573546141386032104e-02 1.464867591857910156e-01 9.832035899162292480e-01
-7.713135480880737305e-01 3.670295774936676025e-01 -9.380905628204345703e-01 8.260858058929443359e-02 3.450365364551544189e-02 1.454407721757888794e-01 9.853082895278930664e-01
-1.035589694976806641e+00 3.234741091728210449e-01 -9.703446030616760254e-01 7.755532115697860718e-02 1.439744420349597931e-02 1.423078477382659912e-01 9.866744279861450195e-01
-1.235373258590698242e+00 2.750067114830017090e-01 -9.923005700111389160e-01 7.981950044631958008e-02 -1.244669780135154724e-03 1.360095739364624023e-01 9.874860048294067383e-01
-1.346944808959960938e+00 2.437155842781066895e-01 -1.004611492156982422e+00 9.017231315374374390e-02 -9.865171276032924652e-03 1.265626847743988037e-01 9.878024458885192871e-01
-1.519764661788940430e+00 2.020190358161926270e-01 -1.027149915695190430e+00 1.066390648484230042e-01 -1.198773272335529327e-02 1.183607652783393860e-01 9.871550202369689941e-01
-1.740572214126586914e+00 1.756864190101623535e-01 -1.065060138702392578e+00 1.265620440244674683e-01 -8.908325806260108948e-03 1.168976202607154846e-01 9.850064516067504883e-01
-1.954586386680603027e+00 1.686736643314361572e-01 -1.110836267471313477e+00 1.468763351440429688e-01 -2.220420166850090027e-03 1.252040266990661621e-01 9.811963438987731934e-01
-2.156780958175659180e+00 1.583940088748931885e-01 -1.164259552955627441e+00 1.629052460193634033e-01 5.300277844071388245e-03 1.364901065826416016e-01 9.771408438682556152e-01
-2.265242576599121094e+00 1.395354419946670532e-01 -1.201609134674072266e+00 1.696592122316360474e-01 1.058293785899877548e-02 1.415898203849792480e-01 9.752210378646850586e-01
-2.298905611038208008e+00 1.286740452051162720e-01 -1.215852022171020508e+00 1.640420854091644287e-01 1.206624321639537811e-02 1.342157125473022461e-01 9.772056341171264648e-01
-2.394285440444946289e+00 6.976192444562911987e-02 -1.269412755966186523e+00 1.503265649080276489e-01 1.420767791569232941e-02 1.194099038839340210e-01 9.812957644462585449e-01
-2.422885894775390625e+00 2.475921623408794403e-02 -1.295620441436767578e+00 1.346725076436996460e-01 2.296578139066696167e-02 1.050842702388763428e-01 9.850345849990844727e-01
-2.426861524581909180e+00 9.338608011603355408e-03 -1.301617264747619629e+00 1.222293972969055176e-01 4.198719188570976257e-02 9.754638373851776123e-02 9.868037700653076172e-01
-2.372312545776367188e+00 -4.665420576930046082e-02 -1.292567253112792969e+00 1.138269901275634766e-01 6.567557156085968018e-02 9.646938741207122803e-02 9.866224527359008789e-01
-2.264269590377807617e+00 -6.829177588224411011e-02 -1.263214111328125000e+00 1.092505753040313721e-01 8.614122867584228516e-02 9.989559650421142578e-02 9.852232933044433594e-01
-2.244718313217163086e+00 -7.105930149555206299e-02 -1.258271098136901855e+00 1.075467169284820557e-01 9.719119966030120850e-02 1.056340485811233521e-01 9.837830066680908203e-01
-2.206363439559936523e+00 -7.600784301757812500e-02 -1.248850703239440918e+00 1.045858785510063171e-01 9.926258027553558350e-02 1.103656664490699768e-01 9.833759665489196777e-01
-2.094502449035644531e+00 -8.755355328321456909e-02 -1.223052144050598145e+00 9.541356563568115234e-02 9.442505240440368652e-02 1.104611009359359741e-01 9.847733378410339355e-01
-1.922696471214294434e+00 -9.941715002059936523e-02 -1.187172651290893555e+00 7.794899493455886841e-02 8.509021997451782227e-02 1.043074131011962891e-01 9.878277182579040527e-01
-1.778997182846069336e+00 -1.053384765982627869e-01 -1.159899711608886719e+00 6.177642568945884705e-02 7.518885284662246704e-02 9.853195399045944214e-02 9.903644919395446777e-01
-1.648148775100708008e+00 -1.081877872347831726e-01 -1.136882662773132324e+00 5.946506932377815247e-02 6.910835206508636475e-02 1.019148230552673340e-01 9.906065464019775391e-01
-1.562639713287353516e+00 -1.089162006974220276e-01 -1.122669696807861328e+00 7.928188145160675049e-02 7.031994313001632690e-02 1.199081242084503174e-01 9.871127009391784668e-01
-1.406354069709777832e+00 -1.081066876649856567e-01 -1.098288178443908691e+00 1.122989356517791748e-01 7.866504043340682983e-02 1.446511745452880859e-01 9.799370765686035156e-01
-1.272191762924194336e+00 -1.057695150375366211e-01 -1.078585863113403320e+00 1.453691124916076660e-01 9.316825866699218750e-02 1.651120632886886597e-01 9.710434675216674805e-01
-1.085909485816955566e+00 -1.008195057511329651e-01 -1.052502870559692383e+00 1.681469678878784180e-01 1.118995994329452515e-01 1.726808100938796997e-01 9.640468955039978027e-01
-9.280312061309814453e-01 -9.545718878507614136e-02 -1.031268715858459473e+00 1.805808097124099731e-01 1.284967362880706787e-01 1.672028154134750366e-01 9.606884717941284180e-01
-8.012647032737731934e-01 -9.054569154977798462e-02 -1.014671683311462402e+00 1.851141750812530518e-01 1.354497075080871582e-01 1.505362689495086670e-01 9.616262316703796387e-01
-7.627111077308654785e-01 -8.896039426326751709e-02 -1.009692430496215820e+00 1.844075024127960205e-01 1.285043507814407349e-01 1.260830163955688477e-01 9.662213325500488281e-01
-7.463219165802001953e-01 -8.827499300241470337e-02 -1.007584333419799805e+00 1.823377311229705811e-01 1.166348010301589966e-01 1.038055270910263062e-01 9.707593917846679688e-01
-6.510334014892578125e-01 -8.416013419628143311e-02 -9.954243898391723633e-01 1.833086460828781128e-01 1.122722327709197998e-01 9.545911848545074463e-02 9.719466567039489746e-01
-6.146368980407714844e-01 -8.253482729196548462e-02 -9.908195137977600098e-01 1.894730031490325928e-01 1.226360350847244263e-01 1.074765697121620178e-01 9.682505726814270020e-01
-5.173230767250061035e-01 -7.806632667779922485e-02 -9.786005020141601562e-01 1.937276422977447510e-01 1.339716911315917969e-01 1.248820647597312927e-01 9.638079404830932617e-01
-5.005295276641845703e-01 -7.727966457605361938e-02 -9.765040278434753418e-01 1.869481205940246582e-01 1.274729520082473755e-01 1.275184005498886108e-01 9.656811952590942383e-01
-4.591196477413177490e-01 -7.532600313425064087e-02 -9.713444113731384277e-01 1.635934859514236450e-01 9.093217551708221436e-02 1.020453348755836487e-01 9.770134687423706055e-01
-4.301798045635223389e-01 -7.395312935113906860e-02 -9.677422046661376953e-01 1.331353038549423218e-01 3.905013203620910645e-02 6.280978769063949585e-02 9.883344769477844238e-01
-3.830280303955078125e-01 -7.171741127967834473e-02 -9.618666768074035645e-01 1.099451333284378052e-01 -6.009047850966453552e-03 3.182364627718925476e-02 9.934098124504089355e-01
-2.727304697036743164e-01 -6.672328710556030273e-02 -9.481904506683349609e-01 1.052187383174896240e-01 -2.690956555306911469e-02 2.490327693521976471e-02 9.937729239463806152e-01
-2.470754235982894897e-01 -6.576183438301086426e-02 -9.450780749320983887e-01 1.136018410325050354e-01 -2.662466838955879211e-02 3.153124079108238220e-02 9.926688671112060547e-01
-1.355187892913818359e-01 -7.906108349561691284e-02 -9.374572634696960449e-01 1.253556311130523682e-01 -1.316529139876365662e-02 3.455272316932678223e-02 9.914225935935974121e-01
-4.263984411954879761e-02 -9.736444056034088135e-02 -9.303224682807922363e-01 1.331898719072341919e-01 6.343207322061061859e-03 2.254057116806507111e-02 9.908138513565063477e-01
2.296501025557518005e-02 -1.014752760529518127e-01 -9.197713136672973633e-01 1.396557986736297607e-01 2.830747514963150024e-02 6.996903568506240845e-03 9.897706508636474609e-01
1.723080426454544067e-01 -9.340144693851470947e-02 -8.848823308944702148e-01 1.498502939939498901e-01 5.001699551939964294e-02 5.162106361240148544e-03 9.874293208122253418e-01
2.829177081584930420e-01 -7.785712927579879761e-02 -8.531690835952758789e-01 1.666762530803680420e-01 6.903151422739028931e-02 2.828317880630493164e-02 9.831855297088623047e-01
3.937612175941467285e-01 -5.459434539079666138e-02 -8.167779445648193359e-01 1.842419952154159546e-01 8.394889533519744873e-02 6.372807919979095459e-02 9.772134423255920410e-01
5.614377856254577637e-01 4.471130203455686569e-03 -7.535360455513000488e-01 1.947962790727615356e-01 9.375132620334625244e-02 9.294772893190383911e-02 9.719185829162597656e-01
7.153160572052001953e-01 9.089889377355575562e-02 -7.147917151451110840e-01 1.938637346029281616e-01 9.830194711685180664e-02 1.024780496954917908e-01 9.706965684890747070e-01
8.271401524543762207e-01 1.643872410058975220e-01 -7.084903717041015625e-01 1.883653849363327026e-01 1.002766788005828857e-01 9.846831858158111572e-02 9.719912409782409668e-01
9.352088570594787598e-01 2.401026934385299683e-01 -7.134784460067749023e-01 1.879535764455795288e-01 1.029988601803779602e-01 9.190829098224639893e-02 9.724286198616027832e-01
1.038112640380859375e+00 3.165721893310546875e-01 -7.261179089546203613e-01 1.985836774110794067e-01 1.081898137927055359e-01 9.080935269594192505e-02 9.698520898818969727e-01
1.179827690124511719e+00 4.314935207366943359e-01 -7.587906718254089355e-01 2.113805860280990601e-01 1.111454740166664124e-01 9.124936908483505249e-02 9.667670130729675293e-01
1.277312278747558594e+00 5.012187361717224121e-01 -7.936183214187622070e-01 2.138543426990509033e-01 1.056053936481475830e-01 8.636597543954849243e-02 9.672924876213073730e-01
1.361909747123718262e+00 5.369634628295898438e-01 -8.258804678916931152e-01 1.972036063671112061e-01 8.720774203538894653e-02 7.159123569726943970e-02 9.738482236862182617e-01
1.482195854187011719e+00 5.572871565818786621e-01 -8.673175573348999023e-01 1.675343960523605347e-01 5.928671360015869141e-02 5.161860585212707520e-02 9.827272891998291016e-01
1.524407744407653809e+00 5.601607561111450195e-01 -8.804199695587158203e-01 1.349817067384719849e-01 2.726911380887031555e-02 3.357853367924690247e-02 9.899034500122070312e-01
1.565179705619812012e+00 5.616986751556396484e-01 -8.922291994094848633e-01 1.095214188098907471e-01 -2.883742796257138252e-03 2.356140688061714172e-02 9.937009215354919434e-01
1.604893565177917480e+00 5.623714327812194824e-01 -9.027956128120422363e-01 9.908628463745117188e-02 -2.375345490872859955e-02 2.305190637707710266e-02 9.945281744003295898e-01
1.730657577514648438e+00 5.624980330467224121e-01 -9.277825951576232910e-01 1.110028624534606934e-01 -2.762757427990436554e-02 3.236012160778045654e-02 9.929087758064270020e-01
1.947690248489379883e+00 5.621176958084106445e-01 -9.685459136962890625e-01 1.475205123424530029e-01 -1.011637970805168152e-02 5.023649707436561584e-02 9.877305030822753906e-01
2.209218263626098633e+00 5.593845248222351074e-01 -1.095145702362060547e+00 1.913601160049438477e-01 1.987442001700401306e-02 6.933808326721191406e-02 9.788659811019897461e-01
2.455409526824951172e+00 5.509390830993652344e-01 -1.295821309089660645e+00 2.209445387125015259e-01 5.003796890377998352e-02 8.099044859409332275e-02 9.706287980079650879e-01
2.635404109954833984e+00 5.346652269363403320e-01 -1.471795439720153809e+00 2.221265584230422974e-01 7.090708613395690918e-02 7.971637696027755737e-02 9.691632390022277832e-01
2.797412633895874023e+00 5.028969645500183105e-01 -1.619610428810119629e+00 2.071621268987655640e-01 8.386222273111343384e-02 7.164311408996582031e-02 9.720690250396728516e-01
2.925578594207763672e+00 4.649517834186553955e-01 -1.721357703208923340e+00 1.947598755359649658e-01 9.295491874217987061e-02 6.574446707963943481e-02 9.742205739021301270e-01
3.111728429794311523e+00 3.908187747001647949e-01 -1.841781258583068848e+00 1.984427869319915771e-01 1.011495515704154968e-01 6.854413449764251709e-02 9.724664688110351562e-01
3.235883474349975586e+00 3.303254544734954834e-01 -1.904689311981201172e+00 2.104299962520599365e-01 1.068663373589515686e-01 7.657221704721450806e-02 9.687288403511047363e-01
3.357536315917968750e+00 2.655967772006988525e-01 -1.957267999649047852e+00 2.176702320575714111e-01 1.074177622795104980e-01 8.387943357229232788e-02 9.664602279663085938e-01
3.499187469482421875e+00 1.854619532823562622e-01 -2.009995698928833008e+00 2.100953608751296997e-01 1.007916480302810669e-01 8.576668798923492432e-02 9.686820507049560547e-01
3.632710218429565430e+00 1.066835746169090271e-01 -2.053144454956054688e+00 1.891091465950012207e-01 8.745719492435455322e-02 8.236414939165115356e-02 9.745794534683227539e-01
3.740574598312377930e+00 4.153270646929740906e-02 -2.084122419357299805e+00 1.589377522468566895e-01 6.848607957363128662e-02 7.498723268508911133e-02 9.820516109466552734e-01
3.779908895492553711e+00 1.756980828940868378e-02 -2.094646692276000977e+00 1.248349696397781372e-01 4.632714390754699707e-02 6.557768583297729492e-02 9.889234304428100586e-01
3.780305385589599609e+00 1.732799410820007324e-02 -2.094751119613647461e+00 9.605750441551208496e-02 2.884661406278610229e-02 5.856399610638618469e-02 9.932326078414916992e-01
3.833021402359008789e+00 -1.486289966851472855e-02 -2.108241081237792969e+00 8.299208432435989380e-02 2.529579028487205505e-02 5.907287448644638062e-02 9.944761395454406738e-01
3.845039844512939453e+00 -2.220443636178970337e-02 -2.111222267150878906e+00 9.252700954675674438e-02 4.055707156658172607e-02 7.026018202304840088e-02 9.923997521400451660e-01
3.870898962020874023e+00 -3.799415379762649536e-02 -2.117518186569213867e+00 1.176870241761207581e-01 6.210264191031455994e-02 8.738882839679718018e-02 9.872467517852783203e-01
3.959226846694946289e+00 -9.165494889020919800e-02 -2.137815713882446289e+00 1.481367200613021851e-01 7.309992611408233643e-02 1.038276180624961853e-01 9.807811975479125977e-01
4.013018131256103516e+00 -1.237049847841262817e-01 -2.149301052093505859e+00 1.747710853815078735e-01 6.133353710174560547e-02 1.142892986536026001e-01 9.760282635688781738e-01
4.014547824859619141e+00 -1.246028840541839600e-01 -2.149618864059448242e+00 1.925466507673263550e-01 3.253914788365364075e-02 1.182314828038215637e-01 9.735954999923706055e-01
4.047045707702636719e+00 -1.434315294027328491e-01 -2.156236886978149414e+00 1.974399685859680176e-01 -3.062106668949127197e-03 1.162964478135108948e-01 9.733874797821044922e-01
4.125332832336425781e+00 -1.869486123323440552e-01 -2.170715093612670898e+00 1.885200440883636475e-01 -3.519301861524581909e-02 1.101613193750381470e-01 9.752364158630371094e-01
4.220396518707275391e+00 -2.358597517013549805e-01 -2.181767940521240234e+00 1.768647283315658569e-01 -5.342181026935577393e-02 1.054385155439376831e-01 9.771119356155395508e-01
4.241665840148925781e+00 -2.561766505241394043e-01 -2.167323350906372070e+00 1.766457408666610718e-01 -4.732819274067878723e-02 1.087811365723609924e-01 9.770992398262023926e-01
4.213041305541992188e+00 -2.640312910079956055e-01 -2.151057958602905273e+00 1.965779960155487061e-01 -1.236741989850997925e-02 1.236231476068496704e-01 9.725849032402038574e-01
4.198403358459472656e+00 -2.663916349411010742e-01 -2.144614219665527344e+00 2.245671898126602173e-01 3.224007040262222290e-02 1.411062180995941162e-01 9.636489152908325195e-01
4.189238071441650391e+00 -2.674141526222229004e-01 -2.140834331512451172e+00 2.443114370107650757e-01 6.123412400484085083e-02 1.499260812997817993e-01 9.560775160789489746e-01
4.128858089447021484e+00 -2.649647593498229980e-01 -2.118555307388305664e+00 2.447476238012313843e-01 5.714564770460128784e-02 1.430477499961853027e-01 9.572722911834716797e-01
4.044627189636230469e+00 -2.210920453071594238e-01 -2.091496229171752930e+00 2.315425127744674683e-01 3.287615254521369934e-02 1.279043555259704590e-01 9.638193249702453613e-01
3.989871740341186523e+00 -1.314534544944763184e-01 -2.072482347488403320e+00 2.145967483520507812e-01 8.933341130614280701e-03 1.155793815851211548e-01 9.697988629341125488e-01
3.986088752746582031e+00 -1.220022588968276978e-01 -2.070627450942993164e+00 2.014859169721603394e-01 1.967679709196090698e-04 1.128943711519241333e-01 9.729635715484619141e-01
3.964506864547729492e+00 -5.429782718420028687e-02 -2.055959224700927734e+00 1.881714016199111938e-01 -1.309670507907867432e-03 1.083062440156936646e-01 9.761452078819274902e-01
3.959223031997680664e+00 -3.284061327576637268e-02 -2.050593852996826172e+00 1.674352139234542847e-01 -9.281315840780735016e-03 8.553736656904220581e-02 9.821214675903320312e-01
3.941964626312255859e+00 6.350749731063842773e-02 -2.020526170730590820e+00 1.348457634449005127e-01 -3.288800641894340515e-02 3.513241559267044067e-02 9.896972179412841797e-01
3.930995464324951172e+00 1.944727301597595215e-01 -1.958219408988952637e+00 9.916630387306213379e-02 -6.326324492692947388e-02 -2.409633994102478027e-02 9.927653670310974121e-01
3.928689241409301758e+00 2.590707242488861084e-01 -1.914109587669372559e+00 7.349693775177001953e-02 -8.724658191204071045e-02 -6.597242504358291626e-02 9.912788867950439453e-01
3.927371740341186523e+00 3.122212886810302734e-01 -1.868409276008605957e+00 6.761346757411956787e-02 -9.558434039354324341e-02 -7.273447513580322266e-02 9.904553294181823730e-01
3.926836490631103516e+00 3.342420756816864014e-01 -1.846378087997436523e+00 7.574842125177383423e-02 -9.261389821767807007e-02 -5.896245315670967102e-02 9.910641908645629883e-01
3.923951625823974609e+00 4.151087999343872070e-01 -1.744847536087036133e+00 8.815281093120574951e-02 -8.592118322849273682e-02 -4.719348996877670288e-02 9.912715554237365723e-01
3.921594142913818359e+00 4.510504007339477539e-01 -1.685663104057312012e+00 9.685110300779342651e-02 -8.152977377176284790e-02 -5.438973009586334229e-02 9.904617667198181152e-01
3.920937776565551758e+00 4.588451981544494629e-01 -1.671319961547851562e+00 1.006593331694602966e-01 -7.887201011180877686e-02 -7.497360557317733765e-02 9.889518618583679199e-01
3.920095682144165039e+00 4.678716957569122314e-01 -1.653917789459228516e+00 1.000910848379135132e-01 -7.573017477989196777e-02 -9.772492945194244385e-02 9.872671961784362793e-01
3.917227983474731445e+00 4.927281141281127930e-01 -1.601006269454956055e+00 9.618169814348220825e-02 -7.014080137014389038e-02 -1.135085448622703552e-01 9.863798618316650391e-01
3.912011623382568359e+00 5.236552357673645020e-01 -1.521494746208190918e+00 9.180209785699844360e-02 -6.093603000044822693e-02 -1.213523894548416138e-01 9.864749312400817871e-01
3.899666547775268555e+00 5.693446993827819824e-01 -1.366664648056030273e+00 9.025264531373977661e-02 -4.712449014186859131e-02 -1.223002821207046509e-01 9.872570633888244629e-01
3.876854658126831055e+00 6.197785735130310059e-01 -1.121348857879638672e+00 9.314904361963272095e-02 -2.969828434288501740e-02 -1.181536465883255005e-01 9.881705641746520996e-01
3.849339485168457031e+00 6.553532481193542480e-01 -8.561576008796691895e-01 9.548251330852508545e-02 -1.764767244458198547e-02 -1.138686239719390869e-01 9.887394309043884277e-01
3.809870719909667969e+00 6.756805181503295898e-01 -5.145505666732788086e-01 9.063144773244857788e-02 -2.197362668812274933e-02 -1.152415126562118530e-01 9.889502525329589844e-01
3.767918348312377930e+00 6.343511939048767090e-01 -2.343302071094512939e-01 7.647433131933212280e-02 -4.498014226555824280e-02 -1.241673380136489868e-01 9.882868528366088867e-01
