1.561090797185897827e-01 4.587774574756622314e-01 -8.409901261329650879e-01 -0.000000000000000000e+00 -0.000000000000000000e+00 -9.915279746055603027e-01 1.298935413360595703e-01
4.998996257781982422e-01 4.884109497070312500e-01 -8.710090517997741699e-01 5.961411166936159134e-03 9.929438121616840363e-03 -9.907727837562561035e-01 1.350378096103668213e-01
7.488675713539123535e-01 5.103784799575805664e-01 -8.929691910743713379e-01 1.192193478345870972e-02 1.985714212059974670e-02 -9.898579120635986328e-01 1.401601582765579224e-01
1.016026973724365234e+00 5.358791947364807129e-01 -9.173743128776550293e-01 1.394203305244445801e-02 2.891591936349868774e-02 -9.895685315132141113e-01 1.404406130313873291e-01
1.185005784034729004e+00 5.535679459571838379e-01 -9.330671429634094238e-01 9.964801371097564697e-03 3.555731475353240967e-02 -9.904983043670654297e-01 1.324747502803802490e-01
1.264426350593566895e+00 5.590733289718627930e-01 -9.387193918228149414e-01 5.455358885228633881e-03 3.550207614898681641e-02 -9.923056960105895996e-01 1.184880062937736511e-01
1.390750050544738770e+00 5.647239089012145996e-01 -9.460671544075012207e-01 7.758677005767822266e-03 2.379099279642105103e-02 -9.944568872451782227e-01 1.021223887801170349e-01
1.523063302040100098e+00 5.690534710884094238e-01 -9.539863467216491699e-01 2.091956883668899536e-02 -1.022655051201581955e-03 -9.960039258003234863e-01 8.681870251893997192e-02
1.703354477882385254e+00 5.736733675003051758e-01 -9.691996574401855469e-01 3.582188114523887634e-02 -2.631931006908416748e-02 -9.961600899696350098e-01 7.542645186185836792e-02
1.855238914489746094e+00 5.766348242759704590e-01 -9.882019758224487305e-01 4.010901227593421936e-02 -3.597629815340042114e-02 -9.960335493087768555e-01 7.081075012683868408e-02
2.087500333786010742e+00 5.792771577835083008e-01 -1.035344004631042480e+00 2.634347975254058838e-02 -2.029945887625217438e-02 -9.966712594032287598e-01 7.443355768918991089e-02
2.225106477737426758e+00 5.791911482810974121e-01 -1.082454442977905273e+00 6.643181666731834412e-03 4.818683490157127380e-03 -9.965997934341430664e-01 8.198500424623489380e-02
2.331723928451538086e+00 5.771154165267944336e-01 -1.136127471923828125e+00 -1.921977614983916283e-03 1.704267971217632294e-02 -9.959833025932312012e-01 8.788166940212249756e-02
2.473267555236816406e+00 5.671203732490539551e-01 -1.243556261062622070e+00 1.179257594048976898e-02 1.782052684575319290e-03 -9.959974288940429688e-01 8.858302980661392212e-02
2.534598588943481445e+00 5.566946268081665039e-01 -1.311562061309814453e+00 3.518115729093551636e-02 -2.461694739758968353e-02 -9.951817393302917480e-01 8.814441412687301636e-02
2.599285840988159180e+00 5.351718068122863770e-01 -1.411016941070556641e+00 4.972322285175323486e-02 -3.806930780410766602e-02 -9.937211871147155762e-01 9.271791577339172363e-02
2.645543575286865234e+00 5.009316205978393555e-01 -1.522055745124816895e+00 4.229262098670005798e-02 -2.199089154601097107e-02 -9.931157231330871582e-01 1.069991737604141235e-01
2.681197404861450195e+00 4.206036925315856934e-01 -1.712329626083374023e+00 2.101435512304306030e-02 1.042367331683635712e-02 -9.913584589958190918e-01 1.290662586688995361e-01
2.674490928649902344e+00 2.817490398883819580e-01 -1.949977993965148926e+00 -5.854652263224124908e-04 3.846799582242965698e-02 -9.870926141738891602e-01 1.554603427648544312e-01
2.594825267791748047e+00 1.225197538733482361e-01 -2.098941326141357422e+00 -1.132858451455831528e-02 4.647555947303771973e-02 -9.821231365203857422e-01 1.820595413446426392e-01
2.491625308990478516e+00 1.898510009050369263e-02 -2.168440103530883789e+00 -9.689683094620704651e-03 3.882384672760963440e-02 -9.788300991058349609e-01 2.007249891757965088e-01
2.368192434310913086e+00 -6.789875030517578125e-02 -2.214565753936767578e+00 3.443051595240831375e-03 2.486619167029857635e-02 -9.790170788764953613e-01 2.022257149219512939e-01
2.256479024887084961e+00 -1.255977600812911987e-01 -2.241165637969970703e+00 2.542112953960895538e-02 1.341281086206436157e-02 -9.828567504882812500e-01 1.821162253618240356e-01
2.084850072860717773e+00 -1.907103806734085083e-01 -2.271368741989135742e+00 4.650960490107536316e-02 1.124233938753604889e-02 -9.866645336151123047e-01 1.555746495723724365e-01
1.855012655258178711e+00 -2.530195415019989014e-01 -2.304281473159790039e+00 5.525748059153556824e-02 2.465280517935752869e-02 -9.878635406494140625e-01 1.430541276931762695e-01
1.711355209350585938e+00 -2.837478816509246826e-01 -2.322808504104614258e+00 4.426558315753936768e-02 5.608534812927246094e-02 -9.847778677940368652e-01 1.584536433219909668e-01
1.489502429962158203e+00 -3.220185339450836182e-01 -2.349059581756591797e+00 2.219196036458015442e-02 9.242464601993560791e-02 -9.773182272911071777e-01 1.892464607954025269e-01
1.256345510482788086e+00 -3.495629131793975830e-01 -2.373295783996582031e+00 1.878105103969573975e-03 1.168113648891448975e-01 -9.691948890686035156e-01 2.168245762586593628e-01
9.308192133903503418e-01 -3.527990579605102539e-01 -2.397991895675659180e+00 -6.617104634642601013e-03 1.170558556914329529e-01 -9.666621088981628418e-01 2.276368886232376099e-01
6.703666448593139648e-01 -3.143840730190277100e-01 -2.409661293029785156e+00 -4.629964008927345276e-03 9.807640314102172852e-02 -9.694129824638366699e-01 2.249406129121780396e-01
4.192377328872680664e-01 -2.558168470859527588e-01 -2.419231414794921875e+00 3.656849265098571777e-03 6.889622658491134644e-02 -9.739862680435180664e-01 2.158491462469100952e-01
2.556678056716918945e-01 -2.137122303247451782e-01 -2.425849914550781250e+00 1.441765949130058289e-02 3.799964860081672668e-02 -9.775892496109008789e-01 2.065608054399490356e-01
1.492224782705307007e-01 -1.854310035705566406e-01 -2.430201768875122070e+00 2.528898417949676514e-02 1.153611484915018082e-02 -9.795144796371459961e-01 1.994462162256240845e-01
7.212585210800170898e-02 -1.646299660205841064e-01 -2.433336973190307617e+00 3.428826481103897095e-02 -4.943683277815580368e-03 -9.799922108650207520e-01 1.959980577230453491e-01
5.968841537833213806e-02 -1.612529009580612183e-01 -2.433839559555053711e+00 4.041421413421630859e-02 -8.611226454377174377e-03 -9.796029329299926758e-01 1.966485977172851562e-01
-1.454391423612833023e-02 -1.409944891929626465e-01 -2.436809062957763672e+00 4.651699587702751160e-02 -7.439477369189262390e-03 -9.791949987411499023e-01 1.973778307437896729e-01
-4.082962125539779663e-02 -1.337828785181045532e-01 -2.437843322753906250e+00 5.640139058232307434e-02 -1.209816522896289825e-02 -9.794982671737670898e-01 1.930175423622131348e-01
-1.467827558517456055e-01 -1.045721247792243958e-01 -2.441852092742919922e+00 7.128591835498809814e-02 -2.865353971719741821e-02 -9.804663658142089844e-01 1.810605525970458984e-01
-2.692682445049285889e-01 -7.086460292339324951e-02 -2.445624113082885742e+00 8.215612918138504028e-02 -4.478973150253295898e-02 -9.809846282005310059e-01 1.700395047664642334e-01
-3.121732175350189209e-01 -5.946174636483192444e-02 -2.446136474609375000e+00 7.754761725664138794e-02 -4.364418610930442810e-02 -9.811540246009826660e-01 1.715172827243804932e-01
-3.278562128543853760e-01 -6.001777574419975281e-02 -2.442183256149291992e+00 5.157944932579994202e-02 -1.581557840108871460e-02 -9.799621105194091797e-01 1.917387545108795166e-01
-3.069203794002532959e-01 -6.972522288560867310e-02 -2.440122365951538086e+00 2.104071900248527527e-02 1.809181645512580872e-02 -9.759157896041870117e-01 2.163753211498260498e-01
-2.990296185016632080e-01 -7.366164773702621460e-02 -2.439555644989013672e+00 8.708659559488296509e-03 2.987997420132160187e-02 -9.733692407608032227e-01 2.271203845739364624e-01
-2.668389081954956055e-01 -8.752442896366119385e-02 -2.438288211822509766e+00 3.002566844224929810e-02 1.342834439128637314e-03 -9.768272042274475098e-01 2.119087129831314087e-01
-1.633000969886779785e-01 -1.122047007083892822e-01 -2.437542438507080078e+00 7.089969515800476074e-02 -4.602149873971939087e-02 -9.798450469970703125e-01 1.809943020343780518e-01
-7.734993100166320801e-02 -1.241191625595092773e-01 -2.437498331069946289e+00 1.099195629358291626e-01 -8.068218082189559937e-02 -9.790014028549194336e-01 1.515395194292068481e-01
5.034408345818519592e-02 -1.364791095256805420e-01 -2.437500000000000000e+00 1.309696733951568604e-01 -7.989548146724700928e-02 -9.784650802612304688e-01 1.380938589572906494e-01
9.094169735908508301e-02 -1.396546959877014160e-01 -2.437499523162841797e+00 1.366857439279556274e-01 -5.439043045043945312e-02 -9.793562293052673340e-01 1.386359781026840210e-01
1.414873450994491577e-01 -1.432508379220962524e-01 -2.437500000000000000e+00 1.341229528188705444e-01 -2.307343855500221252e-02 -9.797798395156860352e-01 1.466633081436157227e-01
1.962184160947799683e-01 -1.467458158731460571e-01 -2.437500000000000000e+00 1.300012916326522827e-01 -2.496222034096717834e-03 -9.791692495346069336e-01 1.559518724679946899e-01
3.217661082744598389e-01 -1.533577144145965576e-01 -2.437500000000000000e+00 1.292375624179840088e-01 4.716441035270690918e-04 -9.784836173057556152e-01 1.608336269855499268e-01
3.678127229213714600e-01 -1.553108990192413330e-01 -2.437500000000000000e+00 1.361834257841110229e-01 -1.859421283006668091e-02 -9.782029986381530762e-01 1.556511968374252319e-01
4.332056641578674316e-01 -1.576411277055740356e-01 -2.437500000000000000e+00 1.520454883575439453e-01 -5.866953730583190918e-02 -9.770547747611999512e-01 1.371270120143890381e-01
5.503570437431335449e-01 -1.604233533143997192e-01 -2.437499523162841797e+00 1.665368825197219849e-01 -9.705635905265808105e-02 -9.747460484504699707e-01 1.127638369798660278e-01
6.433557868003845215e-01 -1.611502766609191895e-01 -2.437500953674316406e+00 1.672160178422927856e-01 -1.059389412403106689e-01 -9.757532477378845215e-01 9.338615834712982178e-02
7.116307020187377930e-01 -1.606519222259521484e-01 -2.437500000000000000e+00 1.471571177244186401e-01 -6.812597066164016724e-02 -9.829452037811279297e-01 8.673186600208282471e-02
7.374927997589111328e-01 -1.601959168910980225e-01 -2.437498331069946289e+00 1.207837462425231934e-01 -8.375818841159343719e-03 -9.887305498123168945e-01 8.805110305547714233e-02
8.242903947830200195e-01 -1.572034358978271484e-01 -2.437503099441528320e+00 1.088312789797782898e-01 3.754254430532455444e-02 -9.892580509185791016e-01 9.008293598890304565e-02
8.510269522666931152e-01 -1.557000130414962769e-01 -2.437510013580322266e+00 1.266146004199981689e-01 4.343326017260551453e-02 -9.871023893356323242e-01 8.781312406063079834e-02
8.992125988006591797e-01 -1.522136628627777100e-01 -2.437501430511474609e+00 1.644439995288848877e-01 2.129954099655151367e-02 -9.827017188072204590e-01 8.247228711843490601e-02
9.128478765487670898e-01 -1.510456055402755737e-01 -2.437486886978149414e+00 2.062611132860183716e-01 -7.307050749659538269e-03 -9.754503965377807617e-01 7.680734246969223022e-02
9.757896065711975098e-01 -1.445857137441635132e-01 -2.437288045883178711e+00 2.384265810251235962e-01 -2.452552504837512970e-02 -9.680497050285339355e-01 7.369478046894073486e-02
1.008814811706542969e+00 -1.404686123132705688e-01 -2.437054634094238281e+00 2.552327513694763184e-01 -2.755278162658214569e-02 -9.635400772094726562e-01 7.541569322347640991e-02
1.083479881286621094e+00 -1.294051259756088257e-01 -2.435970067977905273e+00 2.527225315570831299e-01 -1.734895072877407074e-02 -9.637297391891479492e-01 8.399604260921478271e-02
1.224714875221252441e+00 -1.043834313750267029e-01 -2.430158615112304688e+00 2.299018651247024536e-01 3.821158781647682190e-03 -9.680987596511840820e-01 9.957582503557205200e-02
1.288593530654907227e+00 -9.354861825704574585e-02 -2.425235033035278320e+00 1.990846991539001465e-01 2.831414528191089630e-02 -9.727779030799865723e-01 1.151814311742782593e-01
1.386173486709594727e+00 -8.066205680370330811e-02 -2.414835214614868164e+00 1.765064895153045654e-01 4.713696241378784180e-02 -9.755325317382812500e-01 1.223099604249000549e-01
1.390826582908630371e+00 -8.019050210714340210e-02 -2.414261817932128906e+00 1.744485497474670410e-01 5.321609228849411011e-02 -9.764217734336853027e-01 1.154827252030372620e-01
1.439892053604125977e+00 -7.587810605764389038e-02 -2.407909870147705078e+00 1.877326220273971558e-01 4.684179648756980896e-02 -9.759672284126281738e-01 1.002504527568817139e-01
1.505220770835876465e+00 -7.171791046857833862e-02 -2.398818492889404297e+00 2.067126184701919556e-01 3.012123703956604004e-02 -9.742491841316223145e-01 8.485818654298782349e-02
1.542859435081481934e+00 -7.003924995660781860e-02 -2.393361568450927734e+00 2.234459966421127319e-01 6.111891940236091614e-03 -9.717440605163574219e-01 7.581625878810882568e-02
1.572826385498046875e+00 -6.903896480798721313e-02 -2.388944387435913086e+00 2.365078628063201904e-01 -1.846555061638355255e-02 -9.687466621398925781e-01 7.247689366340637207e-02
1.682517647743225098e+00 -6.765258312225341797e-02 -2.372590065002441406e+00 2.461893260478973389e-01 -3.599013388156890869e-02 -9.658416509628295898e-01 7.242502272129058838e-02
1.817964434623718262e+00 -7.036224007606506348e-02 -2.353085994720458984e+00 2.526990175247192383e-01 -4.076201841235160828e-02 -9.638795256614685059e-01 7.360558211803436279e-02
1.911756753921508789e+00 -7.494460791349411011e-02 -2.340937852859497070e+00 2.555239200592041016e-01 -3.465905785560607910e-02 -9.632438421249389648e-01 7.528343051671981812e-02
1.952881693840026855e+00 -7.771499454975128174e-02 -2.336236000061035156e+00 2.538983523845672607e-01 -2.144145406782627106e-02 -9.639203548431396484e-01 7.703103125095367432e-02
2.029924154281616211e+00 -8.410827815532684326e-02 -2.328733444213867188e+00 2.479141801595687866e-01 -5.592925474047660828e-03 -9.656108021736145020e-01 7.812103629112243652e-02
2.166463136672973633e+00 -9.383262693881988525e-02 -2.316005229949951172e+00 2.412305474281311035e-01 5.501939915120601654e-03 -9.674189686775207520e-01 7.666947692632675171e-02
2.262071371078491211e+00 -9.208224713802337646e-02 -2.302879095077514648e+00 2.384681999683380127e-01 3.735259175300598145e-03 -9.685789346694946289e-01 7.052549719810485840e-02
2.284612417221069336e+00 -8.945670723915100098e-02 -2.298527240753173828e+00 2.423692494630813599e-01 -1.507974416017532349e-02 -9.682640433311462402e-01 5.911374092102050781e-02
2.315031528472900391e+00 -8.388410508632659912e-02 -2.291455030441284180e+00 2.484780997037887573e-01 -3.944963216781616211e-02 -9.666296243667602539e-01 4.826552793383598328e-02
2.408177852630615234e+00 -4.376651719212532043e-02 -2.255800008773803711e+00 2.508835196495056152e-01 -5.398049950599670410e-02 -9.654394388198852539e-01 4.549972712993621826e-02
2.440490722656250000e+00 -1.627330668270587921e-02 -2.235022544860839844e+00 2.459336966276168823e-01 -4.811327159404754639e-02 -9.665018320083618164e-01 5.546102300286293030e-02
2.452000379562377930e+00 -4.248657263815402985e-03 -2.226180791854858398e+00 2.380674630403518677e-01 -3.044047765433788300e-02 -9.681631326675415039e-01 7.111562788486480713e-02
2.470893859863281250e+00 1.830738037824630737e-02 -2.209786415100097656e+00 2.339332848787307739e-01 -1.438050158321857452e-02 -9.686353206634521484e-01 8.254709839820861816e-02
2.479978322982788086e+00 3.052894584834575653e-02 -2.200966119766235352e+00 2.377211749553680420e-01 -9.036794304847717285e-03 -9.677404165267944336e-01 8.297941833734512329e-02
2.511014699935913086e+00 8.017326146364212036e-02 -2.165233135223388672e+00 2.426144033670425415e-01 -6.118506193161010742e-03 -9.669742584228515625e-01 7.785584032535552979e-02
2.521836519241333008e+00 1.008315235376358032e-01 -2.150294780731201172e+00 2.389947026968002319e-01 7.014309056103229523e-03 -9.680435657501220703e-01 7.565600425004959106e-02
2.540310859680175781e+00 1.410671919584274292e-01 -2.120892524719238281e+00 2.209703475236892700e-01 3.799713775515556335e-02 -9.710745215415954590e-01 8.211347460746765137e-02
2.571664333343505859e+00 2.295759171247482300e-01 -2.053642034530639648e+00 1.983036100864410400e-01 7.443819195032119751e-02 -9.729485511779785156e-01 9.222637861967086792e-02
2.597881078720092773e+00 3.497170805931091309e-01 -1.949425458908081055e+00 1.853433698415756226e-01 9.903903305530548096e-02 -9.726895689964294434e-01 9.856000542640686035e-02
2.602539539337158203e+00 4.037297070026397705e-01 -1.892294764518737793e+00 1.920100897550582886e-01 9.950351715087890625e-02 -9.716290831565856934e-01 9.575034677982330322e-02
2.597123622894287109e+00 4.812084734439849854e-01 -1.792376518249511719e+00 2.086510658264160156e-01 8.268257975578308105e-02 -9.707103371620178223e-01 8.573213219642639160e-02
2.592218160629272461e+00 5.034226179122924805e-01 -1.758813738822937012e+00 2.207212001085281372e-01 6.021836400032043457e-02 -9.707898497581481934e-01 7.226993888616561890e-02
2.579981088638305664e+00 5.429107546806335449e-01 -1.694160103797912598e+00 2.176933735609054565e-01 4.189139977097511292e-02 -9.733183383941650391e-01 5.921244248747825623e-02
2.569517135620117188e+00 5.696936845779418945e-01 -1.647480845451354980e+00 2.040681689977645874e-01 2.959109656512737274e-02 -9.772170186042785645e-01 5.027408152818679810e-02
2.551671504974365234e+00 5.991305112838745117e-01 -1.588015556335449219e+00 1.880719959735870361e-01 2.321943640708923340e-02 -9.806513786315917969e-01 4.911908134818077087e-02
2.499248981475830078e+00 6.296423077583312988e-01 -1.482780098915100098e+00 1.760854870080947876e-01 2.349126525223255157e-02 -9.823629260063171387e-01 5.835113301873207092e-02
2.486637115478515625e+00 6.317144632339477539e-01 -1.463907480239868164e+00 1.669374108314514160e-01 3.435082733631134033e-02 -9.824109077453613281e-01 7.629384845495223999e-02
2.440488338470458984e+00 6.327264308929443359e-01 -1.405597686767578125e+00 1.574602723121643066e-01 6.051402539014816284e-02 -9.805684089660644531e-01 1.001502349972724915e-01
2.370991468429565430e+00 6.274406313896179199e-01 -1.339066147804260254e+00 1.456373184919357300e-01 1.031446531414985657e-01 -9.757046103477478027e-01 1.270883679389953613e-01
2.351556301116943359e+00 6.255766153335571289e-01 -1.323306560516357422e+00 1.347408890724182129e-01 1.495695561170578003e-01 -9.672569036483764648e-01 1.545575410127639771e-01
2.329268455505371094e+00 6.233975887298583984e-01 -1.306322813034057617e+00 1.297539025545120239e-01 1.839521527290344238e-01 -9.574854969978332520e-01 1.804073750972747803e-01
2.258849382400512695e+00 6.166553497314453125e-01 -1.258531332015991211e+00 1.333357095718383789e-01 1.961120218038558960e-01 -9.500209093093872070e-01 2.030314952135086060e-01
2.136603832244873047e+00 6.064962744712829590e-01 -1.189536809921264648e+00 1.377171874046325684e-01 1.967473775148391724e-01 -9.451224803924560547e-01 2.215128839015960693e-01
2.000519990921020508e+00 5.977615714073181152e-01 -1.125207185745239258e+00 1.324467509984970093e-01 2.016400694847106934e-01 -9.415826201438903809e-01 2.349920123815536499e-01
1.884728550910949707e+00 5.911422371864318848e-01 -1.076347112655639648e+00 1.108698993921279907e-01 2.216340303421020508e-01 -9.379082322120666504e-01 2.427223026752471924e-01
1.726940274238586426e+00 5.821565389633178711e-01 -1.015917301177978516e+00 8.179629594087600708e-02 2.482957839965820312e-01 -9.336500167846679688e-01 2.448593229055404663e-01
1.525713801383972168e+00 5.693151950836181641e-01 -9.477035999298095703e-01 5.812896788120269775e-02 2.687859237194061279e-01 -9.304257035255432129e-01 2.422459423542022705e-01
1.272671818733215332e+00 5.476050376892089844e-01 -8.774660229682922363e-01 4.947173967957496643e-02 2.744069695472717285e-01 -9.307357072830200195e-01 2.366102039813995361e-01
1.008075237274169922e+00 5.107281208038330078e-01 -8.324239850044250488e-01 5.162107199430465698e-02 2.709413766860961914e-01 -9.329754710197448730e-01 2.312635481357574463e-01
7.809818387031555176e-01 4.677008092403411865e-01 -8.228220343589782715e-01 5.689221248030662537e-02 2.676363587379455566e-01 -9.339894652366638184e-01 2.297780364751815796e-01
6.045933961868286133e-01 4.379214346408843994e-01 -8.289732933044433594e-01 5.994271859526634216e-02 2.708300352096557617e-01 -9.318246841430664062e-01 2.340095639228820801e-01
4.170076251029968262e-01 4.305521249771118164e-01 -8.374056816101074219e-01 6.477711349725723267e-02 2.751271426677703857e-01 -9.290067553520202637e-01 2.388625741004943848e-01
2.430896759033203125e-01 4.469141960144042969e-01 -8.406674265861511230e-01 7.773828506469726562e-02 2.722107470035552979e-01 -9.292177557945251465e-01 2.375129908323287964e-01
1.561244875192642212e-01 4.587753117084503174e-01 -8.409900665283203125e-01 1.004533320665359497e-01 2.588942646980285645e-01 -9.333633184432983398e-01 2.274108827114105225e-01
