3.832078695297241211e+00 -2.507331669330596924e-01 -2.438773363828659058e-01 -0.000000000000000000e+00 -0.000000000000000000e+00 -2.892771065235137939e-01 9.572454094886779785e-01
3.805901288986206055e+00 -1.485024541616439819e-01 -3.472405672073364258e-01 -3.476805984973907471e-02 -4.580539837479591370e-02 -3.328925967216491699e-01 9.412096142768859863e-01
3.793100118637084961e+00 -9.799215197563171387e-02 -3.986262679100036621e-01 -6.934618204832077026e-02 -9.136050939559936523e-02 -3.746887445449829102e-01 9.200286865234375000e-01
3.792567014694213867e+00 -9.587478637695312500e-02 -4.007883369922637939e-01 -7.623346149921417236e-02 -1.055944487452507019e-01 -3.954859077930450439e-01 9.091914296150207520e-01
3.786713838577270508e+00 -7.255538552999496460e-02 -4.246471226215362549e-01 -3.821706026792526245e-02 -6.922741234302520752e-02 -3.834769725799560547e-01 9.201589226722717285e-01
3.769823789596557617e+00 -4.133148118853569031e-03 -4.953277111053466797e-01 2.196516841650009155e-02 -8.397754281759262085e-03 -3.505942225456237793e-01 9.362322092056274414e-01
3.765669107437133789e+00 1.304935384541749954e-02 -5.132835507392883301e-01 7.087714225053787231e-02 3.838758915662765503e-02 -3.191948533058166504e-01 9.442549943923950195e-01
3.765430212020874023e+00 1.404193881899118423e-02 -5.143230557441711426e-01 8.411774039268493652e-02 4.292066767811775208e-02 -3.102717697620391846e-01 9.459457993507385254e-01
3.755465269088745117e+00 5.608970671892166138e-02 -5.587444305419921875e-01 7.200399041175842285e-02 1.837997697293758392e-02 -3.184303343296051025e-01 9.450290203094482422e-01
3.733176469802856445e+00 1.575938314199447632e-01 -6.701794862747192383e-01 5.324266105890274048e-02 -1.186916045844554901e-02 -3.305267095565795898e-01 9.422188997268676758e-01
3.715420484542846680e+00 2.804585993289947510e-01 -8.276838660240173340e-01 4.221812635660171509e-02 -2.952961251139640808e-02 -3.372426629066467285e-01 9.400069117546081543e-01
3.732854843139648438e+00 3.533577620983123779e-01 -1.077431917190551758e+00 3.531950712203979492e-02 -3.688147664070129395e-02 -3.413736522197723389e-01 9.385395050048828125e-01
3.747774600982666016e+00 3.600736856460571289e-01 -1.292873501777648926e+00 2.436945773661136627e-02 -4.133959114551544189e-02 -3.483104705810546875e-01 9.361500740051269531e-01
3.757294416427612305e+00 3.516329824924468994e-01 -1.491136550903320312e+00 4.028160125017166138e-03 -4.894566535949707031e-02 -3.612998425960540771e-01 9.311554431915283203e-01
3.762273550033569336e+00 3.382293581962585449e-01 -1.604686379432678223e+00 -1.959710940718650818e-02 -6.032365188002586365e-02 -3.759752511978149414e-01 9.244563579559326172e-01
3.766865491867065430e+00 3.183887302875518799e-01 -1.708366632461547852e+00 -3.752833604812622070e-02 -7.478303462266921997e-02 -3.864228725433349609e-01 9.185186028480529785e-01
3.776323080062866211e+00 2.521971166133880615e-01 -1.896119594573974609e+00 -4.379241913557052612e-02 -9.145548194646835327e-02 -3.888519406318664551e-01 9.157031774520874023e-01
3.786765336990356445e+00 1.421797871589660645e-01 -2.049332618713378906e+00 -4.432526230812072754e-02 -1.085511371493339539e-01 -3.866409659385681152e-01 9.147462844848632812e-01
3.799328804016113281e+00 -4.305656254291534424e-02 -2.182979106903076172e+00 -4.803169518709182739e-02 -1.240378320217132568e-01 -3.848944902420043945e-01 9.133256673812866211e-01
3.805989027023315430e+00 -1.787753105163574219e-01 -2.234799861907958984e+00 -6.051936373114585876e-02 -1.358886212110519409e-01 -3.874524831771850586e-01 9.098089337348937988e-01
3.810244083404541016e+00 -2.986616194248199463e-01 -2.259442329406738281e+00 -7.423552870750427246e-02 -1.421005278825759888e-01 -3.931422531604766846e-01 9.053925275802612305e-01
3.812586069107055664e+00 -4.288554191589355469e-01 -2.269919157028198242e+00 -7.837002724409103394e-02 -1.407372355461120605e-01 -3.997088670730590820e-01 9.023768305778503418e-01
3.808781147003173828e+00 -5.877426266670227051e-01 -2.262395381927490234e+00 -6.632417440414428711e-02 -1.318197548389434814e-01 -4.059159755706787109e-01 9.019184708595275879e-01
3.769786834716796875e+00 -6.513326168060302734e-01 -2.226504564285278320e+00 -4.832152649760246277e-02 -1.231715083122253418e-01 -4.144912362098693848e-01 9.003836512565612793e-01
3.755156517028808594e+00 -6.211656332015991211e-01 -2.219382047653198242e+00 -3.883968293666839600e-02 -1.246621161699295044e-01 -4.294443130493164062e-01 8.936041593551635742e-01
3.718461513519287109e+00 -5.006924867630004883e-01 -2.210216999053955078e+00 -4.821678251028060913e-02 -1.424949318170547485e-01 -4.530404210090637207e-01 8.787063360214233398e-01
3.708091020584106445e+00 -4.514258801937103271e-01 -2.211798667907714844e+00 -7.025946676731109619e-02 -1.681982725858688354e-01 -4.804787337779998779e-01 8.578537702560424805e-01
3.696149110794067383e+00 -3.283892273902893066e-01 -2.227157354354858398e+00 -9.469884634017944336e-02 -1.898594945669174194e-01 -5.059506297111511230e-01 8.360618948936462402e-01
3.697275400161743164e+00 -2.918041944503784180e-01 -2.231148242950439453e+00 -1.130882203578948975e-01 -1.990089714527130127e-01 -5.253309607505798340e-01 8.195326924324035645e-01
3.697907209396362305e+00 -2.825052142143249512e-01 -2.231848001480102539e+00 -1.235706433653831482e-01 -1.992554366588592529e-01 -5.365794897079467773e-01 8.106232285499572754e-01
3.709663867950439453e+00 -1.949983239173889160e-01 -2.228990316390991211e+00 -1.258676648139953613e-01 -1.970652490854263306e-01 -5.377711653709411621e-01 8.100153207778930664e-01
3.745899915695190430e+00 -4.426158964633941650e-02 -2.180703401565551758e+00 -1.207238361239433289e-01 -1.976476460695266724e-01 -5.283818244934082031e-01 8.168070912361145020e-01
3.782471179962158203e+00 6.497062742710113525e-02 -2.123503923416137695e+00 -1.132121458649635315e-01 -2.016334235668182373e-01 -5.146595835685729980e-01 8.256224989891052246e-01
3.806921720504760742e+00 1.221646443009376526e-01 -2.086964130401611328e+00 -1.095564216375350952e-01 -2.086193710565567017e-01 -5.048459768295288086e-01 8.304250836372375488e-01
3.810317039489746094e+00 1.291432976722717285e-01 -2.082119464874267578e+00 -1.140797957777976990e-01 -2.176502794027328491e-01 -5.053946971893310547e-01 8.271580338478088379e-01
3.823297739028930664e+00 1.535438448190689087e-01 -2.064267396926879883e+00 -1.232875883579254150e-01 -2.251672893762588501e-01 -5.146213173866271973e-01 8.180860280990600586e-01
3.842995166778564453e+00 1.837999671697616577e-01 -2.039726257324218750e+00 -1.317390948534011841e-01 -2.269780337810516357e-01 -5.288464426994323730e-01 8.071228861808776855e-01
3.904433488845825195e+00 2.395802289247512817e-01 -1.984809279441833496e+00 -1.352214068174362183e-01 -2.200456410646438599e-01 -5.443577766418457031e-01 7.981037497520446777e-01
3.972615242004394531e+00 2.699198126792907715e-01 -1.950926423072814941e+00 -1.342858523130416870e-01 -2.056800276041030884e-01 -5.567098855972290039e-01 7.935597300529479980e-01
4.059012413024902344e+00 2.956694066524505615e-01 -1.927998900413513184e+00 -1.306799054145812988e-01 -1.862864643335342407e-01 -5.612948536872863770e-01 7.957187294960021973e-01
4.162206172943115234e+00 3.197995722293853760e-01 -1.913969635963439941e+00 -1.260652095079421997e-01 -1.646516919136047363e-01 -5.554516911506652832e-01 8.052768707275390625e-01
4.290614604949951172e+00 3.449913859367370605e-01 -1.906332015991210938e+00 -1.218060553073883057e-01 -1.451674997806549072e-01 -5.444661974906921387e-01 8.170962333679199219e-01
4.460438728332519531e+00 3.741813600063323975e-01 -1.904734134674072266e+00 -1.192788928747177124e-01 -1.327400654554367065e-01 -5.359941720962524414e-01 8.251441717147827148e-01
4.561486721038818359e+00 3.897545635700225830e-01 -1.906587481498718262e+00 -1.191134825348854065e-01 -1.306070685386657715e-01 -5.358985066413879395e-01 8.255704045295715332e-01
4.735383987426757812e+00 4.126003086566925049e-01 -1.913427829742431641e+00 -1.186538338661193848e-01 -1.349988430738449097e-01 -5.415650606155395508e-01 8.212209343910217285e-01
4.903110027313232422e+00 4.295277297496795654e-01 -1.923576593399047852e+00 -1.144079118967056274e-01 -1.403764784336090088e-01 -5.481939911842346191e-01 8.165100216865539551e-01
5.082254886627197266e+00 4.419557154178619385e-01 -1.937592744827270508e+00 -1.039194613695144653e-01 -1.413233429193496704e-01 -5.516007542610168457e-01 8.154539465904235840e-01
5.313965797424316406e+00 4.495481848716735840e-01 -1.959892034530639648e+00 -8.879223465919494629e-02 -1.328241527080535889e-01 -5.497128963470458984e-01 8.199326395988464355e-01
5.525343418121337891e+00 4.497456252574920654e-01 -1.984643697738647461e+00 -7.160156965255737305e-02 -1.099084541201591492e-01 -5.407306551933288574e-01 8.309053182601928711e-01
5.738558769226074219e+00 4.441726505756378174e-01 -2.015176534652709961e+00 -5.442446097731590271e-02 -7.045473903417587280e-02 -5.233714580535888672e-01 8.474411368370056152e-01
5.895216941833496094e+00 4.360412359237670898e-01 -2.042717456817626953e+00 -3.769465163350105286e-02 -2.415590733289718628e-02 -5.006281733512878418e-01 8.645039200782775879e-01
5.971703529357910156e+00 4.305497705936431885e-01 -2.058431148529052734e+00 -2.159023471176624298e-02 1.613949798047542572e-02 -4.778354763984680176e-01 8.780356645584106445e-01
6.088109493255615234e+00 4.195800721645355225e-01 -2.086704730987548828e+00 -6.667128764092922211e-03 4.034532606601715088e-02 -4.607661962509155273e-01 8.865790367126464844e-01
6.242688655853271484e+00 3.979252576828002930e-01 -2.136798620223999023e+00 5.445487797260284424e-03 4.952150955796241760e-02 -4.520837366580963135e-01 8.905831575393676758e-01
6.319713592529296875e+00 3.833796679973602295e-01 -2.168343544006347656e+00 1.288755144923925400e-02 4.750362411141395569e-02 -4.531694948673248291e-01 8.900644183158874512e-01
6.332408428192138672e+00 3.807058632373809814e-01 -2.174022436141967773e+00 1.503548305481672287e-02 3.976702317595481873e-02 -4.628416597843170166e-01 8.854208588600158691e-01
6.393938541412353516e+00 3.665923178195953369e-01 -2.203523397445678711e+00 1.616585627198219299e-02 3.845191001892089844e-02 -4.710149168968200684e-01 8.811385035514831543e-01
6.444404125213623047e+00 3.536614775657653809e-01 -2.229982852935791016e+00 2.178177237510681152e-02 5.737406015396118164e-02 -4.654836654663085938e-01 8.829262256622314453e-01
6.468539714813232422e+00 3.471664488315582275e-01 -2.243114471435546875e+00 3.535103052854537964e-02 1.032478809356689453e-01 -4.386920332908630371e-01 8.919863104820251465e-01
6.534849643707275391e+00 3.297603428363800049e-01 -2.277977228164672852e+00 5.232720077037811279e-02 1.547912061214447021e-01 -4.057382643222808838e-01 8.992652893066406250e-01
6.572713375091552734e+00 3.217307925224304199e-01 -2.294038534164428711e+00 6.639496237039566040e-02 1.844410896301269531e-01 -3.904866874217987061e-01 8.994962573051452637e-01
6.687298297882080078e+00 3.112744092941284180e-01 -2.313344717025756836e+00 7.336340099573135376e-02 1.728899925947189331e-01 -4.108823239803314209e-01 8.921337723731994629e-01
6.823423862457275391e+00 2.756157517433166504e-01 -2.337883472442626953e+00 7.631442695856094360e-02 1.304441243410110474e-01 -4.537051022052764893e-01 8.782438039779663086e-01
6.941084384918212891e+00 2.407916188240051270e-01 -2.359074354171752930e+00 8.017769455909729004e-02 7.512699067592620850e-02 -4.981432855129241943e-01 8.601049780845642090e-01
7.065240859985351562e+00 1.975700408220291138e-01 -2.379686594009399414e+00 8.798438310623168945e-02 2.265649288892745972e-02 -5.296258330345153809e-01 8.433515429496765137e-01
7.117861270904541016e+00 1.766414195299148560e-01 -2.387717485427856445e+00 9.395424276590347290e-02 -2.386149019002914429e-02 -5.501930117607116699e-01 8.293918967247009277e-01
7.162862777709960938e+00 1.572394520044326782e-01 -2.394179582595825195e+00 9.005588293075561523e-02 -6.470168381929397583e-02 -5.654084682464599609e-01 8.173230290412902832e-01
7.263691902160644531e+00 1.072801575064659119e-01 -2.406905651092529297e+00 7.206209003925323486e-02 -9.890575706958770752e-02 -5.783932209014892578e-01 8.065270781517028809e-01
7.359694004058837891e+00 5.074870958924293518e-02 -2.416606664657592773e+00 5.099123343825340271e-02 -1.202650293707847595e-01 -5.844910740852355957e-01 8.008159995079040527e-01
7.397606849670410156e+00 2.625564485788345337e-02 -2.419856309890747070e+00 4.170793294906616211e-02 -1.214006394147872925e-01 -5.777846574783325195e-01 8.060317635536193848e-01
7.464505672454833984e+00 -1.973205432295799255e-02 -2.424850940704345703e+00 5.418559163808822632e-02 -9.854173660278320312e-02 -5.546618103981018066e-01 8.244413733482360840e-01
7.603490352630615234e+00 -1.256463229656219482e-01 -2.432506322860717773e+00 7.915599644184112549e-02 -6.265944242477416992e-02 -5.226519703865051270e-01 8.465477228164672852e-01
7.702661514282226562e+00 -2.091785371303558350e-01 -2.436089754104614258e+00 1.026955544948577881e-01 -2.883528172969818115e-02 -4.941276609897613525e-01 8.628209829330444336e-01
7.758738040924072266e+00 -3.006341457366943359e-01 -2.431972980499267578e+00 1.142952740192413330e-01 -9.464021772146224976e-03 -4.802554547786712646e-01 8.695985674858093262e-01
7.742665767669677734e+00 -3.644411861896514893e-01 -2.416840553283691406e+00 1.155297234654426575e-01 -5.023863166570663452e-03 -4.776016473770141602e-01 8.709329962730407715e-01
7.718249320983886719e+00 -3.648779690265655518e-01 -2.408626556396484375e+00 1.107914671301841736e-01 -1.296463236212730408e-02 -4.781490266323089600e-01 8.711662888526916504e-01
7.690852642059326172e+00 -3.577249348163604736e-01 -2.399433612823486328e+00 1.047022417187690735e-01 -2.935093827545642853e-02 -4.753533601760864258e-01 8.730493187904357910e-01
7.654942035675048828e+00 -3.410275280475616455e-01 -2.387340068817138672e+00 1.031214594841003418e-01 -4.474584758281707764e-02 -4.699718654155731201e-01 8.754943013191223145e-01
7.623701572418212891e+00 -3.232216238975524902e-01 -2.377108812332153320e+00 1.122718527913093567e-01 -4.835595935583114624e-02 -4.648391902446746826e-01 8.769157528877258301e-01
7.596893787384033203e+00 -3.066643476486206055e-01 -2.368640661239624023e+00 1.349881142377853394e-01 -3.318448364734649658e-02 -4.612398147583007812e-01 8.763189315795898438e-01
7.572522640228271484e+00 -2.910620570182800293e-01 -2.361229896545410156e+00 1.606451123952865601e-01 -7.447049021720886230e-03 -4.547661542892456055e-01 8.759711384773254395e-01
7.484872817993164062e+00 -2.340470254421234131e-01 -2.337095975875854492e+00 1.754596531391143799e-01 1.677105575799942017e-02 -4.403454363346099854e-01 8.803570866584777832e-01
7.365353107452392578e+00 -1.614936739206314087e-01 -2.311078071594238281e+00 1.696728616952896118e-01 2.998026832938194275e-02 -4.162713587284088135e-01 8.927656412124633789e-01
7.170393943786621094e+00 -5.793533101677894592e-02 -2.279688119888305664e+00 1.487427353858947754e-01 3.304183855652809143e-02 -3.919447362422943115e-01 9.072833657264709473e-01
7.026123523712158203e+00 1.416851021349430084e-02 -2.257760047912597656e+00 1.220774054527282715e-01 2.942780405282974243e-02 -3.798898458480834961e-01 9.164686203002929688e-01
6.910112857818603516e+00 7.283088564872741699e-02 -2.236676692962646484e+00 9.800681471824645996e-02 2.284676209092140198e-02 -3.885465860366821289e-01 9.159171581268310547e-01
6.810491085052490234e+00 1.255493462085723877e-01 -2.214596271514892578e+00 7.994541525840759277e-02 1.785724423825740814e-02 -4.082604646682739258e-01 9.091826677322387695e-01
6.780281066894531250e+00 1.421885639429092407e-01 -2.207118511199951172e+00 7.012291997671127319e-02 1.923735067248344421e-02 -4.250508248805999756e-01 9.022440910339355469e-01
6.774137973785400391e+00 1.456164121627807617e-01 -2.205553770065307617e+00 6.922774016857147217e-02 2.948614209890365601e-02 -4.288903176784515381e-01 9.002172350883483887e-01
6.764623641967773438e+00 1.509535163640975952e-01 -2.203103542327880859e+00 7.150176167488098145e-02 4.193259403109550476e-02 -4.241522252559661865e-01 9.017893671989440918e-01
6.706827640533447266e+00 1.841831952333450317e-01 -2.187505006790161133e+00 6.958272308111190796e-02 4.761724174022674561e-02 -4.188510179519653320e-01 9.041320085525512695e-01
6.683930397033691406e+00 1.977436840534210205e-01 -2.181014299392700195e+00 5.870715528726577759e-02 4.097274318337440491e-02 -4.190195798873901367e-01 9.051503539085388184e-01
6.633046150207519531e+00 2.286951392889022827e-01 -2.166058063507080078e+00 4.443798959255218506e-02 2.996302768588066101e-02 -4.223759174346923828e-01 9.048348069190979004e-01
6.514144897460937500e+00 2.997415065765380859e-01 -2.126973152160644531e+00 3.495617210865020752e-02 2.595797553658485413e-02 -4.248101115226745605e-01 9.042348265647888184e-01
6.356571674346923828e+00 3.793241679668426514e-01 -2.064868211746215820e+00 3.602137789130210876e-02 3.673879802227020264e-02 -4.232680499553680420e-01 9.045423269271850586e-01
6.147627830505371094e+00 4.525239467620849609e-01 -1.967074275016784668e+00 4.361934959888458252e-02 5.567164346575737000e-02 -4.180474281311035156e-01 9.056679010391235352e-01
5.966311931610107422e+00 4.961894154548645020e-01 -1.874447584152221680e+00 5.130556225776672363e-02 7.252852618694305420e-02 -4.104476273059844971e-01 9.075462818145751953e-01
5.735838413238525391e+00 5.365466475486755371e-01 -1.753408670425415039e+00 5.478417500853538513e-02 8.033015578985214233e-02 -4.017318785190582275e-01 9.105806350708007812e-01
5.586868286132812500e+00 5.544282197952270508e-01 -1.675961136817932129e+00 5.821289122104644775e-02 8.492830395698547363e-02 -3.917372822761535645e-01 9.142978191375732422e-01
5.390361785888671875e+00 5.689574480056762695e-01 -1.554001688957214355e+00 6.783928722143173218e-02 9.535070508718490601e-02 -3.797841072082519531e-01 9.176437258720397949e-01
5.278910636901855469e+00 5.777739882469177246e-01 -1.465493321418762207e+00 8.710210770368576050e-02 1.168328747153282166e-01 -3.659266829490661621e-01 9.191632270812988281e-01
5.226652622222900391e+00 5.826705694198608398e-01 -1.420512557029724121e+00 1.083986014127731323e-01 1.397093981504440308e-01 -3.542041778564453125e-01 9.182975888252258301e-01
5.116860866546630859e+00 5.939471125602722168e-01 -1.321887493133544922e+00 1.215289086103439331e-01 1.508091539144515991e-01 -3.503205180168151855e-01 9.163857698440551758e-01
5.078284263610839844e+00 5.981570482254028320e-01 -1.286226987838745117e+00 1.198324114084243774e-01 1.422794908285140991e-01 -3.576209247112274170e-01 9.151524901390075684e-01
4.979909420013427734e+00 6.093840003013610840e-01 -1.193340063095092773e+00 1.103017479181289673e-01 1.269170343875885010e-01 -3.686251342296600342e-01 9.142435193061828613e-01
4.825120925903320312e+00 6.285345554351806641e-01 -1.041569471359252930e+00 1.034494787454605103e-01 1.228093653917312622e-01 -3.734796345233917236e-01 9.136350750923156738e-01
4.640112876892089844e+00 6.574004888534545898e-01 -8.417658805847167969e-01 1.070951893925666809e-01 1.415868401527404785e-01 -3.654021024703979492e-01 9.137641787528991699e-01
4.453626632690429688e+00 6.729251146316528320e-01 -7.343690991401672363e-01 1.179810315370559692e-01 1.686707735061645508e-01 -3.488513529300689697e-01 9.142938852310180664e-01
4.324881553649902344e+00 6.507926583290100098e-01 -6.910458207130432129e-01 1.302545964717864990e-01 1.831591129302978516e-01 -3.317155838012695312e-01 9.162157773971557617e-01
4.209553241729736328e+00 6.037477254867553711e-01 -6.531006693840026855e-01 1.392069160938262939e-01 1.706940084695816040e-01 -3.206925392150878906e-01 9.212173223495483398e-01
4.070517063140869141e+00 5.104842185974121094e-01 -6.089150905609130859e-01 1.438287347555160522e-01 1.418662667274475098e-01 -3.152608871459960938e-01 9.272529482841491699e-01
3.975040912628173828e+00 4.125975072383880615e-01 -5.821538567543029785e-01 1.440995782613754272e-01 1.135915368795394897e-01 -3.132513761520385742e-01 9.317755699157714844e-01
3.939412355422973633e+00 3.618395924568176270e-01 -5.739867091178894043e-01 1.403581798076629639e-01 9.767635911703109741e-02 -3.133815824985504150e-01 9.341043829917907715e-01
3.934471368789672852e+00 3.538497984409332275e-01 -5.728834271430969238e-01 1.335522085428237915e-01 8.465433120727539062e-02 -3.159862160682678223e-01 9.354946017265319824e-01
3.921769380569458008e+00 3.320076763629913330e-01 -5.699924230575561523e-01 1.246465817093849182e-01 5.964596569538116455e-02 -3.214940726757049561e-01 9.367748498916625977e-01
3.897474527359008789e+00 2.837284803390502930e-01 -5.637297034263610840e-01 1.150241792201995850e-01 1.405640691518783569e-02 -3.288958668708801270e-01 9.372296929359436035e-01
3.855999708175659180e+00 1.673257350921630859e-01 -5.427694916725158691e-01 1.085478588938713074e-01 -3.517899662256240845e-02 -3.334499001502990723e-01 9.358370304107666016e-01
3.829306364059448242e+00 1.511653885245323181e-02 -4.787177145481109619e-01 1.101287156343460083e-01 -6.470686942338943481e-02 -3.307352066040039062e-01 9.350395202636718750e-01
3.826648473739624023e+00 -1.542682200670242310e-01 -3.404623270034790039e-01 1.223973855376243591e-01 -6.056211888790130615e-02 -3.190173208713531494e-01 9.378587007522583008e-01
3.832077741622924805e+00 -2.507174611091613770e-01 -2.438934296369552612e-01 1.378980278968811035e-01 -4.566602036356925964e-02 -3.043761849403381348e-01 9.414104819297790527e-01
