7.305048465728759766e+00 -9.233110547065734863e-01 -2.422164916992187500e+00 -0.000000000000000000e+00 -0.000000000000000000e+00 -9.691369533538818359e-01 2.465228438377380371e-01
7.048054695129394531e+00 -5.635399222373962402e-01 -2.408971548080444336e+00 7.043759338557720184e-03 -1.536567788571119308e-02 -9.637954235076904297e-01 2.661063373088836670e-01
6.811117172241210938e+00 -2.515512406826019287e-01 -2.389589548110961914e+00 1.408268697559833527e-02 -3.072062134742736816e-02 -9.577814936637878418e-01 2.855038940906524658e-01
6.583355426788330078e+00 2.463275939226150513e-02 -2.362241983413696289e+00 1.415886729955673218e-02 -3.863546624779701233e-02 -9.540249705314636230e-01 2.968891859054565430e-01
6.353894710540771484e+00 2.453843653202056885e-01 -2.310105323791503906e+00 2.404653932899236679e-03 -3.301357850432395935e-02 -9.544522166252136230e-01 2.965218722820281982e-01
6.122574806213378906e+00 3.734321594238281250e-01 -2.215379953384399414e+00 -1.772972196340560913e-02 -1.298814453184604645e-02 -9.548369646072387695e-01 2.963166236877441406e-01
5.911017894744873047e+00 4.616490006446838379e-01 -2.115855932235717773e+00 -4.069467261433601379e-02 2.097992226481437683e-02 -9.489951133728027344e-01 3.119489848613739014e-01
5.656166076660156250e+00 5.037073493003845215e-01 -1.972191452980041504e+00 -6.157867610454559326e-02 6.570381671190261841e-02 -9.316387176513671875e-01 3.520515561103820801e-01
5.389946937561035156e+00 5.436993241310119629e-01 -1.823656678199768066e+00 -7.824635505676269531e-02 1.073373109102249146e-01 -9.071331024169921875e-01 3.993317186832427979e-01
5.059365272521972656e+00 5.855172872543334961e-01 -1.616237878799438477e+00 -8.961316943168640137e-02 1.298038065433502197e-01 -8.878760933876037598e-01 4.321996867656707764e-01
4.716129779815673828e+00 6.075280904769897461e-01 -1.339887380599975586e+00 -9.539826214313507080e-02 1.233986169099807739e-01 -8.859232068061828613e-01 4.368202984333038330e-01
4.378827571868896484e+00 6.196262240409851074e-01 -1.076795339584350586e+00 -9.705706685781478882e-02 1.015224307775497437e-01 -8.955422639846801758e-01 4.222288429737091064e-01
3.943110227584838867e+00 6.514626741409301758e-01 -8.617437481880187988e-01 -9.644363075494766235e-02 8.330583572387695312e-02 -9.062758684158325195e-01 4.030170440673828125e-01
3.572426319122314453e+00 6.735475659370422363e-01 -6.246935129165649414e-01 -9.545494616031646729e-02 8.317431807518005371e-02 -9.112202525138854980e-01 3.919796645641326904e-01
3.235083580017089844e+00 6.434518098831176758e-01 -3.868583142757415771e-01 -9.538987278938293457e-02 9.586063772439956665e-02 -9.102941155433654785e-01 3.912496864795684814e-01
2.939635515213012695e+00 6.134856343269348145e-01 -2.126069664955139160e-01 -9.733533859252929688e-02 1.111178323626518250e-01 -9.045196175575256348e-01 4.000286459922790527e-01
2.624958753585815430e+00 5.794442892074584961e-01 -6.247489899396896362e-02 -1.017757654190063477e-01 1.202617809176445007e-01 -8.955732583999633789e-01 4.160858094692230225e-01
2.263075351715087891e+00 5.409821867942810059e-01 6.568351387977600098e-02 -1.067737340927124023e-01 1.208622157573699951e-01 -8.876214623451232910e-01 4.314158856868743896e-01
1.951006293296813965e+00 5.109277367591857910e-01 1.464307308197021484e-01 -1.098280251026153564e-01 1.121006384491920471e-01 -8.857938051223754883e-01 4.367384612560272217e-01
1.686217188835144043e+00 4.886912405490875244e-01 1.992850452661514282e-01 -1.091341078281402588e-01 9.504260122776031494e-02 -8.929789066314697266e-01 4.261986017227172852e-01
1.392390847206115723e+00 4.687672257423400879e-01 2.443395107984542847e-01 -1.057091951370239258e-01 7.836974412202835083e-02 -9.035290479660034180e-01 4.078220725059509277e-01
1.140274882316589355e+00 4.562782049179077148e-01 2.731864154338836670e-01 -1.014103889465332031e-01 7.278723269701004028e-02 -9.107559919357299805e-01 3.936259448528289795e-01
8.347218632698059082e-01 4.473556280136108398e-01 2.974445223808288574e-01 -9.802028536796569824e-02 8.549488335847854614e-02 -9.103192090988159180e-01 3.929395675659179688e-01
6.134249567985534668e-01 4.453036487102508545e-01 3.084159791469573975e-01 -9.660834074020385742e-02 1.093518584966659546e-01 -9.036113023757934570e-01 4.027349948883056641e-01
4.688504040241241455e-01 4.455488622188568115e-01 3.132665157318115234e-01 -9.808963537216186523e-02 1.336387544870376587e-01 -8.936704397201538086e-01 4.169799685478210449e-01
4.196006953716278076e-01 4.458757638931274414e-01 3.145636022090911865e-01 -1.027806475758552551e-01 1.496752500534057617e-01 -8.841550350189208984e-01 4.304687976837158203e-01
3.316650390625000000e-01 4.467424750328063965e-01 3.164665997028350830e-01 -1.082411780953407288e-01 1.565705239772796631e-01 -8.777043223381042480e-01 4.397779107093811035e-01
2.972432672977447510e-01 4.471748173236846924e-01 3.170754909515380859e-01 -1.113232597708702087e-01 1.553577631711959839e-01 -8.764964938163757324e-01 4.418424367904663086e-01
2.435412555932998657e-01 4.479491412639617920e-01 3.178798556327819824e-01 -1.101789027452468872e-01 1.476915627717971802e-01 -8.811469674110412598e-01 4.354629218578338623e-01
1.573461145162582397e-01 4.494344890117645264e-01 3.188163042068481445e-01 -1.082575172185897827e-01 1.378633230924606323e-01 -8.869373202323913574e-01 4.273362159729003906e-01
1.265171766281127930e-01 4.500358402729034424e-01 3.190487623214721680e-01 -1.103821694850921631e-01 1.308916807174682617e-01 -8.882143497467041016e-01 4.263313710689544678e-01
6.426582485437393188e-02 4.513580203056335449e-01 3.193607330322265625e-01 -1.196425035595893860e-01 1.302703917026519775e-01 -8.813971281051635742e-01 4.380117654800415039e-01
-9.476012550294399261e-03 4.531050026416778564e-01 3.194664716720581055e-01 -1.321372091770172119e-01 1.333314031362533569e-01 -8.707388043403625488e-01 4.545066654682159424e-01
-1.689343154430389404e-01 4.575280547142028809e-01 3.187521994113922119e-01 -1.423132121562957764e-01 1.359756886959075928e-01 -8.631815910339355469e-01 4.649464190006256104e-01
-2.821012139320373535e-01 4.611817896366119385e-01 3.174926638603210449e-01 -1.463307440280914307e-01 1.354435235261917114e-01 -8.639167547225952148e-01 4.624825716018676758e-01
-4.402249753475189209e-01 4.670075774192810059e-01 3.146778047084808350e-01 -1.467512249946594238e-01 1.338671147823333740e-01 -8.681667447090148926e-01 4.547858536243438721e-01
-5.267665982246398926e-01 4.705856144428253174e-01 3.125823140144348145e-01 -1.477452367544174194e-01 1.346085071563720703e-01 -8.687192797660827637e-01 4.531871080398559570e-01
-6.689066290855407715e-01 4.775056242942810059e-01 3.086615800857543945e-01 -1.521880477666854858e-01 1.395821869373321533e-01 -8.604995608329772949e-01 4.657210707664489746e-01
-8.368896842002868652e-01 4.887750148773193359e-01 3.106212615966796875e-01 -1.577243208885192871e-01 1.448613107204437256e-01 -8.466927409172058105e-01 4.870829582214355469e-01
-9.710593223571777344e-01 4.985446929931640625e-01 3.333371579647064209e-01 -1.607874482870101929e-01 1.451499015092849731e-01 -8.331125378608703613e-01 5.089227557182312012e-01
-1.113113760948181152e+00 5.126819610595703125e-01 3.670606017112731934e-01 -1.590975373983383179e-01 1.376373916864395142e-01 -8.245379924774169922e-01 5.252438783645629883e-01
-1.255247831344604492e+00 5.453469157218933105e-01 3.939582109451293945e-01 -1.549639403820037842e-01 1.289292722940444946e-01 -8.186349868774414062e-01 5.377733111381530762e-01
-1.298719406127929688e+00 5.698226094245910645e-01 3.888246715068817139e-01 -1.518160402774810791e-01 1.279572099447250366e-01 -8.111600875854492188e-01 5.500892996788024902e-01
-1.302655339241027832e+00 5.740864276885986328e-01 3.858774602413177490e-01 -1.520735025405883789e-01 1.400590240955352783e-01 -7.992872595787048340e-01 5.642668008804321289e-01
-1.268119454383850098e+00 6.145161390304565430e-01 3.078594207763671875e-01 -1.542893648147583008e-01 1.563660204410552979e-01 -7.867079377174377441e-01 5.769187211990356445e-01
-1.154705286026000977e+00 6.323641538619995117e-01 2.015419751405715942e-01 -1.561987102031707764e-01 1.645968705415725708e-01 -7.795161008834838867e-01 5.838358998298645020e-01
-1.106716036796569824e+00 6.358307003974914551e-01 1.631896197795867920e-01 -1.561270803213119507e-01 1.562915891408920288e-01 -7.822670936584472656e-01 5.824565291404724121e-01
-1.093305587768554688e+00 6.365773081779479980e-01 1.528985500335693359e-01 -1.543556153774261475e-01 1.378343403339385986e-01 -7.913270592689514160e-01 5.753065347671508789e-01
-1.056764841079711914e+00 6.382192373275756836e-01 1.256606280803680420e-01 -1.517001092433929443e-01 1.193714961409568787e-01 -8.012388348579406738e-01 5.663514137268066406e-01
-9.381303787231445312e-01 6.405500769615173340e-01 4.393852129578590393e-02 -1.488611996173858643e-01 1.087711602449417114e-01 -8.082796931266784668e-01 5.591896772384643555e-01
-7.999883294105529785e-01 6.393296718597412109e-01 -4.120872542262077332e-02 -1.455673575401306152e-01 1.043089032173156738e-01 -8.130235075950622559e-01 5.540058612823486328e-01
-6.841666102409362793e-01 6.360395550727844238e-01 -1.059102639555931091e-01 -1.412508934736251831e-01 1.018219143152236938e-01 -8.168500065803527832e-01 5.499423146247863770e-01
-5.408577322959899902e-01 6.298786997795104980e-01 -1.806618422269821167e-01 -1.356698721647262573e-01 9.823662042617797852e-02 -8.207172751426696777e-01 5.462294220924377441e-01
-4.051944613456726074e-01 6.222808957099914551e-01 -2.480261921882629395e-01 -1.299583911895751953e-01 9.489575028419494629e-02 -8.243311643600463867e-01 5.427558422088623047e-01
-2.166712135076522827e-01 6.091148257255554199e-01 -3.383772671222686768e-01 -1.256043463945388794e-01 9.425320476293563843e-02 -8.271396160125732422e-01 5.396109819412231445e-01
1.426765415817499161e-02 5.887194871902465820e-01 -4.467612802982330322e-01 -1.239541620016098022e-01 9.800510108470916748e-02 -8.286393880844116211e-01 5.370168089866638184e-01
1.780567169189453125e-01 5.708994865417480469e-01 -5.239070057868957520e-01 -1.257699131965637207e-01 1.048087850213050842e-01 -8.284136652946472168e-01 5.356565713882446289e-01
3.536876738071441650e-01 5.480334162712097168e-01 -6.081970930099487305e-01 -1.316655874252319336e-01 1.125588566064834595e-01 -8.260495066642761230e-01 5.363177657127380371e-01
4.723403751850128174e-01 5.314176678657531738e-01 -6.642202734947204590e-01 -1.415414661169052124e-01 1.198294013738632202e-01 -8.213171362876892090e-01 5.394859313964843750e-01
6.513701677322387695e-01 5.071948170661926270e-01 -7.429749369621276855e-01 -1.524575799703598022e-01 1.279240697622299194e-01 -8.148071169853210449e-01 5.445011854171752930e-01
7.731216549873352051e-01 4.934923350811004639e-01 -7.891237735748291016e-01 -1.607771515846252441e-01 1.388366520404815674e-01 -8.073834776878356934e-01 5.504606366157531738e-01
8.498819470405578613e-01 4.869830310344696045e-01 -8.136705756187438965e-01 -1.638637483119964600e-01 1.533991098403930664e-01 -7.999597787857055664e-01 5.564906001091003418e-01
9.226948618888854980e-01 4.828436076641082764e-01 -8.329520225524902344e-01 -1.630596816539764404e-01 1.677933335304260254e-01 -7.935255169868469238e-01 5.617598295211791992e-01
9.531076550483703613e-01 4.818255603313446045e-01 -8.396805524826049805e-01 -1.607374846935272217e-01 1.770734786987304688e-01 -7.892646193504333496e-01 5.655703544616699219e-01
1.025124192237854004e+00 4.813760221004486084e-01 -8.521149158477783203e-01 -1.590200215578079224e-01 1.778721809387207031e-01 -7.881769537925720215e-01 5.673193931579589844e-01
1.193090796470642090e+00 4.892549812793731689e-01 -8.640668392181396484e-01 -1.589204221963882446e-01 1.729988157749176025e-01 -7.899578213691711426e-01 5.663763284683227539e-01
1.444274425506591797e+00 5.155596733093261719e-01 -8.474601507186889648e-01 -1.611625254154205322e-01 1.667914986610412598e-01 -7.939126491546630859e-01 5.620586872100830078e-01
1.648290634155273438e+00 5.392940640449523926e-01 -8.151814341545104980e-01 -1.661154925823211670e-01 1.627019941806793213e-01 -7.992230057716369629e-01 5.542348623275756836e-01
1.768372297286987305e+00 5.495718121528625488e-01 -7.934274077415466309e-01 -1.727381795644760132e-01 1.606338471174240112e-01 -8.045833110809326172e-01 5.449805855751037598e-01
1.884015321731567383e+00 5.566734671592712402e-01 -7.716119885444641113e-01 -1.796511709690093994e-01 1.596190631389617920e-01 -8.086425065994262695e-01 5.369772315025329590e-01
1.975842356681823730e+00 5.611396431922912598e-01 -7.535709738731384277e-01 -1.854107975959777832e-01 1.588272750377655029e-01 -8.107150197029113770e-01 5.321070551872253418e-01
2.164270162582397461e+00 5.705010890960693359e-01 -7.138929367065429688e-01 -1.882321983575820923e-01 1.579031795263290405e-01 -8.124048113822937012e-01 5.288039445877075195e-01
2.425843954086303711e+00 6.023811101913452148e-01 -6.536704301834106445e-01 -1.862331777811050415e-01 1.565997600555419922e-01 -8.158330917358398438e-01 5.246046185493469238e-01
2.748975992202758789e+00 6.322514414787292480e-01 -6.509236693382263184e-01 -1.782599091529846191e-01 1.542368829250335693e-01 -8.224807977676391602e-01 5.176481008529663086e-01
2.999345302581787109e+00 6.318963766098022461e-01 -6.882913112640380859e-01 -1.661493033170700073e-01 1.484705209732055664e-01 -8.316037058830261230e-01 5.087103247642517090e-01
3.288309335708618164e+00 6.235676407814025879e-01 -7.446743845939636230e-01 -1.524965018033981323e-01 1.365526318550109863e-01 -8.419311642646789551e-01 4.992494583129882812e-01
3.622698068618774414e+00 6.100134849548339844e-01 -8.203668594360351562e-01 -1.397362500429153442e-01 1.168828979134559631e-01 -8.522005081176757812e-01 4.904757738113403320e-01
4.027632236480712891e+00 5.931516885757446289e-01 -9.301533102989196777e-01 -1.296537816524505615e-01 9.243178367614746094e-02 -8.612314462661743164e-01 4.826247394084930420e-01
4.338789939880371094e+00 5.757485032081604004e-01 -1.054485797882080078e+00 -1.239156946539878845e-01 6.735470145940780640e-02 -8.681445121765136719e-01 4.758500754833221436e-01
4.602062225341796875e+00 5.473864078521728516e-01 -1.221835017204284668e+00 -1.229608207941055298e-01 4.459889605641365051e-02 -8.731371760368347168e-01 4.695988297462463379e-01
4.913095474243164062e+00 4.990686774253845215e-01 -1.454494595527648926e+00 -1.221308261156082153e-01 2.215446531772613525e-02 -8.793406486511230469e-01 4.597316682338714600e-01
5.236227512359619141e+00 4.428822994232177734e-01 -1.692563295364379883e+00 -1.154254898428916931e-01 -3.251526504755020142e-03 -8.900789618492126465e-01 4.409373104572296143e-01
5.640338420867919922e+00 3.605477809906005859e-01 -1.974915862083435059e+00 -9.917330741882324219e-02 -3.319659829139709473e-02 -9.059029221534729004e-01 4.103688001632690430e-01
6.007699489593505859e+00 2.605752646923065186e-01 -2.199621438980102539e+00 -7.952151447534561157e-02 -6.242392212152481079e-02 -9.206227660179138184e-01 3.771385550498962402e-01
6.319656848907470703e+00 1.357739567756652832e-01 -2.344072103500366211e+00 -6.534387171268463135e-02 -8.406122028827667236e-02 -9.289705157279968262e-01 3.545105159282684326e-01
6.576957702636718750e+00 -5.983417481184005737e-02 -2.414677381515502930e+00 -6.321766972541809082e-02 -9.270744025707244873e-02 -9.288910031318664551e-01 3.529451489448547363e-01
6.751343727111816406e+00 -3.231034278869628906e-01 -2.428912401199340820e+00 -6.999035179615020752e-02 -8.813437819480895996e-02 -9.227722287178039551e-01 3.685443699359893799e-01
6.920362949371337891e+00 -4.868139028549194336e-01 -2.436538696289062500e+00 -8.000504225492477417e-02 -7.131154835224151611e-02 -9.130889773368835449e-01 3.934238553047180176e-01
7.102669715881347656e+00 -6.453876495361328125e-01 -2.433479547500610352e+00 -8.871921151876449585e-02 -4.399201273918151855e-02 -9.017495512962341309e-01 4.207628965377807617e-01
7.209032535552978516e+00 -7.827731370925903320e-01 -2.428088665008544922e+00 -9.610044211149215698e-02 -1.101062446832656860e-02 -8.886796236038208008e-01 4.482098221778869629e-01
7.305036544799804688e+00 -9.232922196388244629e-01 -2.422165870666503906e+00 -1.032855659723281860e-01 2.199031412601470947e-02 -8.737716674804687500e-01 4.747332930564880371e-01
